timestamp,home214_bathroom1996_sensor12216_room_light,home214_bathroom1996_sensor12217_room_humidity,home214_bathroom1996_sensor12218_room_temperature,home214_bedroom1992_sensor12196_room_light,home214_bedroom1992_sensor12197_room_humidity,home214_bedroom1992_sensor12198_room_temperature,home214_bedroom1993_sensor12201_room_light,home214_bedroom1993_sensor12202_room_humidity,home214_bedroom1993_sensor12203_room_temperature,home214_bedroom1994_sensor12206_room_light,home214_bedroom1994_sensor12207_room_humidity,home214_bedroom1994_sensor12208_room_temperature,home214_hall1987_sensor12170_room_light,home214_hall1987_sensor12171_room_humidity,home214_hall1987_sensor12172_room_temperature,home214_kitchen1991_sensor12191_room_light,home214_kitchen1991_sensor12192_room_humidity,home214_kitchen1991_sensor12193_room_temperature,home214_livingroom1995_sensor12211_room_light,home214_livingroom1995_sensor12212_room_humidity,home214_livingroom1995_sensor12213_room_temperature,home214_other1989_sensor12180_tempprobe_central-heating-flow,home214_other1989_sensor12181_tempprobe_central-heating-return,home214_other1989_sensor12187_tempprobe_hot-water-cold-pipe,home214_other1989_sensor12188_tempprobe_hot-water-hot-pipe,home214_other1997_sensor12228c12230_electric-mains_electric-combined,home214_outside1988_sensor12175_gas-pulse_gas
2017-10-12 10:00:00,,,,,,,,,,,,,11.0,673.0,197.0,,,,,,,,,,,,
2017-10-12 11:00:00,72.0,671.0,191.0,45.0,649.0,194.0,13.0,682.0,184.0,11.0,647.0,190.0,10.0,667.0,191.0,18.0,683.0,194.0,79.0,661.0,198.0,423.0,204.0,149.0,312.0,,2239.0
2017-10-12 12:00:00,52.0,613.0,186.0,37.0,635.0,188.0,0.0,665.0,182.0,10.0,623.0,187.0,11.0,642.0,186.0,21.0,628.0,191.0,49.0,658.0,190.0,430.0,196.0,149.0,288.0,322.0,448.0
2017-10-12 13:00:00,39.0,632.0,182.0,28.0,633.0,185.0,0.0,654.0,180.0,7.0,613.0,185.0,7.0,648.0,184.0,11.0,651.0,189.0,37.0,647.0,186.0,513.0,188.0,145.0,330.0,1025.0,1007.0
2017-10-12 14:00:00,39.0,631.0,182.0,32.0,643.0,184.0,5.0,656.0,180.0,34.0,623.0,185.0,23.0,652.0,185.0,36.0,666.0,189.0,70.0,659.0,184.0,468.0,192.0,150.0,327.0,415.0,672.0
2017-10-12 15:00:00,54.0,629.0,181.0,45.0,651.0,184.0,10.0,658.0,181.0,65.0,651.0,185.0,44.0,674.0,185.0,64.0,680.0,188.0,87.0,687.0,183.0,375.0,198.0,157.0,243.0,405.0,
2017-10-12 16:00:00,10.0,607.0,181.0,5.0,655.0,183.0,0.0,656.0,179.0,2.0,617.0,183.0,2.0,651.0,184.0,4.0,679.0,187.0,12.0,683.0,183.0,221.0,182.0,156.0,179.0,1558.0,335.0
2017-10-12 17:00:00,26.0,773.0,185.0,0.0,711.0,183.0,3.0,672.0,178.0,0.0,627.0,182.0,1.0,693.0,186.0,1.0,692.0,199.0,5.0,692.0,182.0,245.0,185.0,144.0,277.0,1717.0,8621.0
2017-10-12 18:00:00,7.0,744.0,191.0,0.0,713.0,187.0,7.0,726.0,182.0,0.0,678.0,189.0,2.0,726.0,190.0,3.0,689.0,211.0,5.0,685.0,193.0,407.0,383.0,158.0,237.0,1555.0,895.0
2017-10-12 19:00:00,5.0,704.0,193.0,0.0,714.0,188.0,0.0,699.0,182.0,0.0,677.0,191.0,1.0,699.0,193.0,1.0,622.0,217.0,4.0,674.0,193.0,410.0,252.0,153.0,247.0,1135.0,336.0
2017-10-12 20:00:00,11.0,679.0,192.0,0.0,698.0,188.0,0.0,687.0,180.0,0.0,674.0,190.0,0.0,685.0,191.0,0.0,628.0,209.0,4.0,679.0,189.0,268.0,214.0,144.0,234.0,592.0,336.0
2017-10-12 21:00:00,3.0,692.0,190.0,0.0,703.0,187.0,0.0,688.0,180.0,0.0,675.0,189.0,0.0,689.0,190.0,0.0,655.0,204.0,3.0,685.0,187.0,198.0,189.0,154.0,229.0,299.0,
2017-10-12 22:00:00,2.0,696.0,189.0,0.0,710.0,187.0,0.0,688.0,179.0,0.0,673.0,187.0,0.0,694.0,190.0,0.0,666.0,201.0,6.0,693.0,186.0,176.0,175.0,159.0,174.0,343.0,
2017-10-12 23:00:00,1.0,696.0,187.0,0.0,702.0,186.0,0.0,690.0,179.0,0.0,677.0,186.0,0.0,690.0,189.0,0.0,666.0,198.0,6.0,697.0,186.0,195.0,169.0,157.0,160.0,290.0,1680.0
2017-10-13 00:00:00,1.0,699.0,188.0,0.0,701.0,185.0,0.0,695.0,179.0,0.0,687.0,187.0,0.0,693.0,188.0,0.0,671.0,195.0,0.0,698.0,187.0,300.0,207.0,160.0,162.0,241.0,
2017-10-13 01:00:00,10.0,699.0,187.0,0.0,701.0,185.0,0.0,701.0,178.0,0.0,698.0,187.0,0.0,693.0,188.0,0.0,673.0,194.0,0.0,695.0,186.0,217.0,187.0,152.0,173.0,219.0,
2017-10-13 02:00:00,1.0,700.0,186.0,0.0,702.0,184.0,0.0,705.0,178.0,0.0,718.0,187.0,0.0,695.0,187.0,0.0,679.0,192.0,0.0,698.0,184.0,189.0,173.0,154.0,164.0,264.0,1008.0
2017-10-13 03:00:00,1.0,708.0,186.0,0.0,705.0,184.0,0.0,710.0,178.0,0.0,725.0,187.0,0.0,699.0,187.0,0.0,685.0,192.0,0.0,701.0,184.0,186.0,184.0,155.0,158.0,369.0,
2017-10-13 04:00:00,0.0,708.0,187.0,0.0,709.0,184.0,0.0,715.0,178.0,0.0,732.0,187.0,0.0,700.0,187.0,0.0,688.0,191.0,0.0,703.0,184.0,169.0,169.0,155.0,156.0,301.0,
2017-10-13 05:00:00,1.0,710.0,187.0,0.0,712.0,184.0,0.0,719.0,178.0,0.0,738.0,187.0,0.0,703.0,187.0,0.0,692.0,191.0,0.0,707.0,184.0,193.0,183.0,155.0,156.0,318.0,1120.0
2017-10-13 06:00:00,1.0,711.0,188.0,0.0,716.0,183.0,0.0,725.0,178.0,0.0,745.0,188.0,0.0,708.0,187.0,0.0,696.0,191.0,0.0,709.0,184.0,173.0,172.0,155.0,155.0,227.0,
2017-10-13 07:00:00,33.0,753.0,188.0,0.0,731.0,183.0,10.0,743.0,178.0,0.0,747.0,188.0,3.0,723.0,186.0,3.0,714.0,191.0,0.0,716.0,183.0,283.0,181.0,147.0,228.0,516.0,2799.0
2017-10-13 08:00:00,36.0,859.0,194.0,9.0,805.0,184.0,4.0,779.0,180.0,2.0,747.0,188.0,4.0,770.0,188.0,6.0,728.0,193.0,11.0,735.0,184.0,492.0,203.0,148.0,332.0,930.0,3136.0
2017-10-13 09:00:00,55.0,761.0,191.0,46.0,760.0,185.0,7.0,765.0,181.0,7.0,732.0,188.0,8.0,737.0,187.0,14.0,718.0,192.0,35.0,737.0,184.0,281.0,202.0,154.0,189.0,316.0,
2017-10-13 10:00:00,76.0,744.0,189.0,46.0,747.0,185.0,11.0,759.0,181.0,11.0,729.0,187.0,12.0,730.0,187.0,22.0,716.0,191.0,37.0,735.0,184.0,206.0,183.0,160.0,166.0,265.0,
2017-10-13 11:00:00,100.0,761.0,188.0,55.0,756.0,185.0,16.0,768.0,182.0,16.0,741.0,187.0,17.0,744.0,187.0,35.0,736.0,191.0,50.0,740.0,184.0,179.0,171.0,150.0,186.0,1043.0,448.0
2017-10-13 12:00:00,53.0,789.0,189.0,39.0,795.0,186.0,0.0,789.0,182.0,9.0,757.0,188.0,11.0,776.0,189.0,17.0,744.0,199.0,32.0,780.0,184.0,317.0,176.0,145.0,260.0,2081.0,560.0
2017-10-13 13:00:00,27.0,770.0,190.0,17.0,775.0,188.0,1.0,778.0,182.0,3.0,736.0,188.0,6.0,751.0,192.0,9.0,694.0,210.0,16.0,768.0,185.0,272.0,191.0,144.0,220.0,1324.0,112.0
2017-10-13 14:00:00,32.0,750.0,190.0,23.0,757.0,188.0,6.0,764.0,185.0,5.0,727.0,188.0,7.0,732.0,192.0,10.0,668.0,210.0,27.0,770.0,187.0,206.0,181.0,155.0,189.0,444.0,
2017-10-13 15:00:00,32.0,754.0,190.0,17.0,744.0,188.0,5.0,753.0,185.0,4.0,718.0,187.0,5.0,717.0,192.0,8.0,671.0,204.0,24.0,760.0,189.0,181.0,171.0,142.0,180.0,378.0,112.0
2017-10-13 16:00:00,15.0,759.0,190.0,6.0,738.0,187.0,11.0,748.0,185.0,1.0,711.0,187.0,4.0,709.0,191.0,8.0,682.0,201.0,11.0,738.0,189.0,168.0,165.0,145.0,166.0,532.0,224.0
2017-10-13 17:00:00,36.0,768.0,192.0,0.0,810.0,190.0,20.0,827.0,188.0,0.0,734.0,187.0,3.0,760.0,195.0,4.0,709.0,223.0,4.0,762.0,189.0,196.0,161.0,138.0,184.0,975.0,2576.0
2017-10-13 18:00:00,47.0,762.0,193.0,0.0,792.0,191.0,0.0,789.0,187.0,0.0,724.0,188.0,3.0,750.0,195.0,0.0,695.0,219.0,4.0,764.0,189.0,525.0,187.0,143.0,321.0,3077.0,783.0
2017-10-13 19:00:00,10.0,792.0,194.0,0.0,841.0,195.0,0.0,771.0,185.0,0.0,791.0,190.0,0.0,797.0,198.0,0.0,708.0,232.0,5.0,800.0,190.0,388.0,202.0,150.0,258.0,1357.0,672.0
2017-10-13 20:00:00,0.0,775.0,192.0,0.0,773.0,195.0,0.0,752.0,184.0,0.0,770.0,191.0,0.0,752.0,198.0,0.0,660.0,221.0,6.0,788.0,192.0,238.0,194.0,164.0,183.0,361.0,
2017-10-13 21:00:00,26.0,778.0,192.0,0.0,772.0,193.0,0.0,750.0,184.0,0.0,756.0,191.0,1.0,749.0,197.0,1.0,689.0,214.0,3.0,764.0,193.0,509.0,188.0,141.0,298.0,1032.0,2800.0
2017-10-13 22:00:00,1.0,747.0,193.0,0.0,754.0,192.0,0.0,743.0,184.0,0.0,748.0,190.0,0.0,732.0,195.0,0.0,679.0,209.0,0.0,743.0,191.0,298.0,198.0,152.0,192.0,1252.0,
2017-10-13 23:00:00,1.0,734.0,192.0,0.0,744.0,192.0,0.0,734.0,183.0,0.0,742.0,190.0,0.0,723.0,194.0,0.0,680.0,207.0,0.0,738.0,190.0,215.0,185.0,162.0,170.0,255.0,
2017-10-14 00:00:00,1.0,725.0,191.0,0.0,736.0,191.0,0.0,730.0,183.0,0.0,736.0,189.0,0.0,716.0,193.0,0.0,678.0,205.0,0.0,734.0,189.0,183.0,174.0,164.0,164.0,259.0,
2017-10-14 01:00:00,0.0,720.0,190.0,0.0,731.0,190.0,0.0,725.0,183.0,0.0,733.0,189.0,0.0,709.0,192.0,0.0,676.0,202.0,0.0,729.0,189.0,170.0,166.0,160.0,161.0,254.0,
2017-10-14 02:00:00,1.0,717.0,189.0,0.0,728.0,189.0,0.0,721.0,182.0,0.0,727.0,189.0,0.0,705.0,192.0,0.0,675.0,200.0,0.0,725.0,188.0,163.0,162.0,160.0,160.0,272.0,
2017-10-14 03:00:00,0.0,715.0,188.0,0.0,724.0,188.0,0.0,715.0,182.0,0.0,717.0,188.0,0.0,701.0,191.0,0.0,673.0,199.0,0.0,722.0,187.0,160.0,158.0,159.0,158.0,350.0,
2017-10-14 04:00:00,0.0,713.0,188.0,0.0,722.0,188.0,0.0,710.0,181.0,0.0,710.0,187.0,0.0,698.0,191.0,0.0,674.0,197.0,0.0,719.0,186.0,157.0,157.0,155.0,158.0,312.0,
2017-10-14 05:00:00,1.0,711.0,188.0,0.0,721.0,187.0,0.0,709.0,181.0,0.0,709.0,187.0,0.0,696.0,190.0,0.0,676.0,195.0,0.0,718.0,185.0,155.0,155.0,155.0,158.0,317.0,
2017-10-14 06:00:00,1.0,709.0,187.0,0.0,720.0,186.0,0.0,707.0,180.0,0.0,710.0,186.0,0.0,694.0,190.0,0.0,676.0,194.0,0.0,716.0,185.0,155.0,154.0,155.0,155.0,222.0,
2017-10-14 07:00:00,44.0,823.0,191.0,3.0,719.0,185.0,4.0,714.0,180.0,0.0,704.0,186.0,4.0,684.0,188.0,6.0,665.0,193.0,0.0,707.0,184.0,270.0,160.0,145.0,274.0,1422.0,4816.0
2017-10-14 08:00:00,62.0,891.0,193.0,47.0,743.0,187.0,8.0,752.0,183.0,3.0,713.0,186.0,8.0,720.0,190.0,9.0,671.0,205.0,22.0,717.0,184.0,482.0,192.0,148.0,325.0,1241.0,896.0
2017-10-14 09:00:00,52.0,726.0,189.0,71.0,721.0,188.0,9.0,730.0,184.0,7.0,706.0,186.0,12.0,706.0,191.0,16.0,641.0,207.0,53.0,725.0,184.0,265.0,194.0,163.0,187.0,271.0,
2017-10-14 10:00:00,42.0,706.0,188.0,39.0,712.0,187.0,8.0,718.0,184.0,5.0,699.0,186.0,9.0,691.0,190.0,14.0,644.0,202.0,30.0,718.0,184.0,203.0,180.0,164.0,167.0,273.0,
2017-10-14 11:00:00,35.0,697.0,186.0,26.0,707.0,186.0,6.0,712.0,183.0,4.0,693.0,185.0,8.0,681.0,189.0,11.0,651.0,199.0,22.0,711.0,183.0,175.0,168.0,160.0,160.0,271.0,
2017-10-14 12:00:00,30.0,686.0,185.0,22.0,701.0,186.0,6.0,706.0,183.0,4.0,684.0,185.0,7.0,672.0,188.0,11.0,649.0,197.0,19.0,705.0,183.0,166.0,163.0,159.0,159.0,276.0,
2017-10-14 13:00:00,26.0,675.0,185.0,21.0,696.0,185.0,2.0,695.0,181.0,3.0,671.0,184.0,6.0,659.0,188.0,8.0,644.0,195.0,16.0,695.0,182.0,160.0,158.0,148.0,161.0,363.0,112.0
2017-10-14 14:00:00,17.0,682.0,184.0,10.0,698.0,184.0,0.0,698.0,180.0,1.0,674.0,184.0,4.0,667.0,187.0,5.0,656.0,193.0,9.0,699.0,182.0,160.0,158.0,147.0,164.0,356.0,
2017-10-14 15:00:00,17.0,684.0,185.0,7.0,699.0,185.0,6.0,707.0,181.0,0.0,679.0,184.0,3.0,671.0,187.0,6.0,663.0,193.0,12.0,715.0,183.0,392.0,179.0,144.0,239.0,1127.0,336.0
2017-10-14 16:00:00,31.0,696.0,187.0,4.0,711.0,185.0,11.0,718.0,182.0,0.0,684.0,183.0,3.0,685.0,188.0,3.0,677.0,195.0,8.0,725.0,184.0,257.0,179.0,140.0,202.0,1504.0,448.0
2017-10-14 17:00:00,29.0,701.0,188.0,0.0,725.0,186.0,5.0,733.0,183.0,0.0,700.0,184.0,3.0,700.0,189.0,2.0,666.0,203.0,4.0,728.0,184.0,465.0,202.0,142.0,277.0,1173.0,6495.0
2017-10-14 18:00:00,6.0,713.0,198.0,0.0,747.0,189.0,1.0,741.0,185.0,0.0,715.0,190.0,1.0,728.0,194.0,1.0,683.0,216.0,5.0,716.0,194.0,355.0,351.0,146.0,267.0,1137.0,896.0
2017-10-14 19:00:00,1.0,701.0,199.0,0.0,762.0,191.0,0.0,752.0,185.0,0.0,736.0,192.0,2.0,733.0,196.0,6.0,663.0,218.0,5.0,718.0,193.0,238.0,241.0,149.0,206.0,2127.0,
2017-10-14 20:00:00,1.0,716.0,198.0,0.0,754.0,192.0,0.0,749.0,184.0,0.0,735.0,191.0,1.0,727.0,197.0,1.0,656.0,220.0,6.0,728.0,192.0,198.0,200.0,146.0,171.0,1461.0,
2017-10-14 21:00:00,17.0,732.0,197.0,0.0,752.0,193.0,0.0,736.0,183.0,0.0,729.0,190.0,1.0,723.0,197.0,0.0,660.0,217.0,3.0,733.0,191.0,311.0,186.0,147.0,317.0,554.0,784.0
2017-10-14 22:00:00,0.0,732.0,194.0,0.0,732.0,192.0,0.0,725.0,183.0,0.0,715.0,189.0,0.0,712.0,196.0,0.0,654.0,211.0,0.0,724.0,190.0,331.0,202.0,166.0,224.0,274.0,
2017-10-14 23:00:00,0.0,725.0,191.0,0.0,721.0,191.0,0.0,719.0,183.0,0.0,712.0,188.0,0.0,702.0,194.0,0.0,659.0,207.0,0.0,719.0,189.0,223.0,188.0,166.0,174.0,276.0,
2017-10-15 00:00:00,1.0,721.0,190.0,0.0,719.0,190.0,0.0,715.0,182.0,0.0,715.0,188.0,0.0,701.0,193.0,0.0,661.0,205.0,5.0,721.0,189.0,186.0,174.0,160.0,166.0,392.0,
2017-10-15 01:00:00,2.0,721.0,189.0,0.0,723.0,190.0,0.0,711.0,182.0,0.0,721.0,188.0,0.0,698.0,193.0,0.0,662.0,202.0,0.0,718.0,189.0,170.0,166.0,160.0,161.0,260.0,
2017-10-15 02:00:00,3.0,715.0,188.0,0.0,733.0,189.0,0.0,714.0,182.0,0.0,720.0,187.0,0.0,690.0,192.0,0.0,660.0,200.0,0.0,710.0,188.0,162.0,161.0,157.0,158.0,240.0,
2017-10-15 03:00:00,3.0,707.0,188.0,0.0,750.0,189.0,0.0,722.0,183.0,0.0,711.0,187.0,0.0,687.0,191.0,0.0,663.0,198.0,0.0,707.0,187.0,160.0,158.0,151.0,158.0,326.0,
2017-10-15 04:00:00,0.0,702.0,188.0,0.0,760.0,189.0,0.0,717.0,183.0,0.0,708.0,186.0,0.0,685.0,191.0,0.0,665.0,196.0,0.0,706.0,186.0,156.0,156.0,155.0,158.0,266.0,
2017-10-15 05:00:00,0.0,700.0,188.0,0.0,767.0,189.0,0.0,716.0,183.0,0.0,711.0,186.0,0.0,684.0,190.0,0.0,668.0,195.0,0.0,706.0,185.0,155.0,155.0,155.0,156.0,281.0,
2017-10-15 06:00:00,5.0,696.0,188.0,0.0,770.0,188.0,1.0,715.0,183.0,0.0,703.0,185.0,0.0,683.0,190.0,0.0,669.0,194.0,0.0,705.0,184.0,155.0,154.0,151.0,154.0,252.0,112.0
2017-10-15 07:00:00,23.0,703.0,188.0,3.0,741.0,187.0,18.0,726.0,183.0,1.0,708.0,185.0,2.0,689.0,189.0,5.0,688.0,194.0,4.0,708.0,184.0,155.0,154.0,141.0,184.0,506.0,448.0
2017-10-15 08:00:00,65.0,916.0,194.0,83.0,757.0,187.0,6.0,758.0,184.0,7.0,699.0,185.0,8.0,716.0,190.0,12.0,700.0,196.0,85.0,730.0,184.0,438.0,173.0,140.0,378.0,1088.0,4702.0
2017-10-15 09:00:00,58.0,777.0,192.0,85.0,738.0,188.0,7.0,751.0,183.0,9.0,719.0,185.0,10.0,705.0,189.0,12.0,678.0,193.0,88.0,728.0,186.0,407.0,197.0,148.0,263.0,1377.0,
2017-10-15 10:00:00,65.0,722.0,189.0,41.0,720.0,188.0,9.0,731.0,183.0,11.0,715.0,185.0,10.0,704.0,189.0,16.0,687.0,194.0,47.0,712.0,186.0,243.0,190.0,158.0,181.0,241.0,
2017-10-15 11:00:00,52.0,719.0,187.0,34.0,719.0,187.0,13.0,727.0,183.0,11.0,714.0,184.0,10.0,697.0,189.0,18.0,681.0,194.0,40.0,709.0,185.0,192.0,176.0,160.0,165.0,194.0,
2017-10-15 12:00:00,49.0,721.0,186.0,38.0,717.0,187.0,15.0,724.0,183.0,17.0,713.0,184.0,10.0,694.0,189.0,20.0,678.0,193.0,54.0,709.0,185.0,173.0,167.0,160.0,160.0,215.0,
2017-10-15 13:00:00,53.0,727.0,186.0,49.0,716.0,186.0,28.0,721.0,183.0,38.0,712.0,185.0,20.0,698.0,189.0,53.0,682.0,193.0,86.0,710.0,184.0,163.0,161.0,160.0,159.0,251.0,
2017-10-15 14:00:00,45.0,728.0,186.0,32.0,716.0,186.0,38.0,715.0,185.0,45.0,714.0,187.0,23.0,699.0,189.0,64.0,682.0,194.0,68.0,714.0,184.0,160.0,159.0,150.0,180.0,548.0,224.0
2017-10-15 15:00:00,30.0,738.0,188.0,17.0,716.0,187.0,44.0,711.0,184.0,36.0,711.0,188.0,48.0,698.0,189.0,36.0,692.0,194.0,34.0,723.0,185.0,160.0,160.0,141.0,203.0,509.0,
2017-10-15 16:00:00,18.0,733.0,189.0,2.0,731.0,186.0,11.0,722.0,184.0,0.0,694.0,188.0,2.0,697.0,190.0,4.0,714.0,196.0,7.0,722.0,186.0,160.0,160.0,146.0,209.0,563.0,2799.0
2017-10-15 17:00:00,25.0,852.0,194.0,2.0,788.0,188.0,12.0,792.0,185.0,0.0,714.0,187.0,1.0,738.0,192.0,1.0,734.0,200.0,4.0,741.0,186.0,455.0,189.0,145.0,291.0,1318.0,896.0
2017-10-15 18:00:00,10.0,765.0,201.0,1.0,761.0,188.0,0.0,768.0,185.0,0.0,716.0,187.0,1.0,723.0,191.0,2.0,723.0,199.0,4.0,743.0,186.0,424.0,188.0,142.0,286.0,751.0,1232.0
2017-10-15 19:00:00,0.0,773.0,208.0,0.0,767.0,189.0,0.0,747.0,184.0,0.0,738.0,187.0,1.0,734.0,192.0,4.0,718.0,204.0,4.0,751.0,186.0,362.0,205.0,163.0,222.0,2173.0,559.0
2017-10-15 20:00:00,11.0,712.0,205.0,0.0,747.0,191.0,0.0,743.0,183.0,0.0,746.0,188.0,1.0,718.0,194.0,3.0,632.0,220.0,5.0,749.0,187.0,246.0,192.0,144.0,225.0,2436.0,560.0
2017-10-15 21:00:00,7.0,686.0,201.0,0.0,722.0,193.0,0.0,741.0,183.0,0.0,727.0,189.0,0.0,700.0,198.0,1.0,610.0,224.0,7.0,738.0,188.0,348.0,193.0,151.0,266.0,1056.0,336.0
2017-10-15 22:00:00,1.0,702.0,198.0,0.0,720.0,193.0,0.0,739.0,183.0,0.0,734.0,190.0,0.0,697.0,197.0,0.0,629.0,216.0,0.0,730.0,189.0,244.0,189.0,158.0,196.0,249.0,
2017-10-15 23:00:00,0.0,704.0,195.0,0.0,714.0,191.0,0.0,735.0,183.0,0.0,736.0,189.0,0.0,691.0,195.0,0.0,645.0,209.0,0.0,721.0,188.0,197.0,180.0,165.0,171.0,259.0,
2017-10-16 00:00:00,0.0,706.0,192.0,0.0,712.0,190.0,0.0,733.0,183.0,0.0,739.0,189.0,0.0,689.0,194.0,0.0,653.0,205.0,0.0,707.0,187.0,178.0,172.0,165.0,164.0,240.0,
2017-10-16 01:00:00,0.0,704.0,190.0,0.0,708.0,189.0,0.0,731.0,183.0,0.0,741.0,189.0,0.0,685.0,193.0,0.0,653.0,203.0,0.0,697.0,187.0,168.0,166.0,162.0,162.0,263.0,
2017-10-16 02:00:00,0.0,700.0,189.0,0.0,705.0,188.0,0.0,730.0,183.0,0.0,743.0,189.0,0.0,682.0,192.0,0.0,659.0,201.0,0.0,691.0,186.0,164.0,163.0,160.0,160.0,305.0,
2017-10-16 03:00:00,0.0,702.0,188.0,0.0,704.0,187.0,0.0,729.0,183.0,0.0,747.0,189.0,0.0,681.0,191.0,0.0,658.0,199.0,0.0,689.0,185.0,160.0,160.0,160.0,159.0,403.0,
2017-10-16 04:00:00,0.0,697.0,188.0,0.0,701.0,186.0,0.0,728.0,182.0,0.0,749.0,189.0,0.0,679.0,191.0,0.0,660.0,198.0,0.0,686.0,185.0,160.0,158.0,159.0,158.0,369.0,
2017-10-16 05:00:00,0.0,696.0,188.0,0.0,702.0,185.0,0.0,728.0,182.0,0.0,749.0,188.0,0.0,679.0,190.0,0.0,667.0,197.0,0.0,689.0,184.0,157.0,157.0,155.0,158.0,371.0,
2017-10-16 06:00:00,27.0,886.0,199.0,0.0,765.0,186.0,1.0,783.0,183.0,0.0,739.0,188.0,1.0,715.0,190.0,2.0,716.0,198.0,1.0,704.0,184.0,438.0,182.0,141.0,344.0,901.0,7728.0
2017-10-16 07:00:00,3.0,712.0,200.0,0.0,778.0,186.0,1.0,788.0,185.0,0.0,722.0,187.0,0.0,729.0,190.0,0.0,735.0,200.0,0.0,735.0,184.0,349.0,211.0,161.0,263.0,223.0,
2017-10-16 08:00:00,2.0,700.0,194.0,0.0,740.0,185.0,0.0,750.0,184.0,0.0,717.0,186.0,0.0,712.0,188.0,0.0,692.0,197.0,0.0,729.0,183.0,231.0,194.0,169.0,182.0,184.0,
2017-10-16 09:00:00,2.0,701.0,189.0,0.0,723.0,183.0,0.0,736.0,183.0,0.0,712.0,185.0,0.0,702.0,187.0,0.0,682.0,194.0,0.0,719.0,182.0,190.0,178.0,165.0,166.0,193.0,
2017-10-16 10:00:00,5.0,704.0,186.0,2.0,717.0,182.0,0.0,729.0,182.0,0.0,708.0,184.0,1.0,698.0,185.0,0.0,681.0,193.0,2.0,714.0,181.0,173.0,168.0,160.0,161.0,228.0,
2017-10-16 11:00:00,5.0,710.0,184.0,2.0,719.0,181.0,0.0,727.0,181.0,0.0,709.0,183.0,1.0,701.0,184.0,0.0,683.0,191.0,3.0,715.0,180.0,164.0,163.0,160.0,159.0,198.0,
2017-10-16 12:00:00,4.0,713.0,183.0,3.0,720.0,181.0,0.0,728.0,181.0,0.0,709.0,182.0,1.0,703.0,183.0,0.0,685.0,190.0,3.0,716.0,179.0,160.0,159.0,156.0,158.0,181.0,
2017-10-16 13:00:00,19.0,718.0,182.0,23.0,723.0,180.0,9.0,730.0,180.0,8.0,712.0,182.0,5.0,708.0,183.0,9.0,689.0,189.0,25.0,720.0,179.0,156.0,156.0,155.0,157.0,223.0,
2017-10-16 14:00:00,8.0,722.0,182.0,5.0,726.0,180.0,1.0,732.0,180.0,1.0,715.0,181.0,2.0,712.0,182.0,1.0,693.0,188.0,5.0,723.0,178.0,155.0,155.0,155.0,155.0,214.0,
2017-10-16 15:00:00,21.0,725.0,181.0,17.0,729.0,180.0,68.0,732.0,180.0,29.0,718.0,181.0,32.0,715.0,182.0,33.0,695.0,188.0,31.0,725.0,178.0,155.0,154.0,155.0,155.0,184.0,
2017-10-16 16:00:00,10.0,722.0,181.0,6.0,728.0,179.0,11.0,731.0,180.0,4.0,716.0,181.0,8.0,714.0,181.0,6.0,693.0,187.0,10.0,727.0,178.0,155.0,153.0,155.0,155.0,772.0,
2017-10-16 17:00:00,1.0,717.0,183.0,0.0,715.0,181.0,19.0,725.0,181.0,0.0,708.0,181.0,2.0,704.0,183.0,5.0,667.0,197.0,5.0,727.0,179.0,359.0,289.0,157.0,157.0,944.0,10079.0
2017-10-16 18:00:00,1.0,681.0,198.0,0.0,683.0,188.0,1.0,714.0,187.0,0.0,705.0,188.0,1.0,692.0,192.0,1.0,604.0,220.0,5.0,714.0,192.0,479.0,440.0,155.0,220.0,1986.0,5599.0
2017-10-16 19:00:00,9.0,669.0,206.0,0.0,697.0,192.0,0.0,706.0,190.0,0.0,697.0,193.0,0.0,700.0,197.0,1.0,588.0,232.0,5.0,700.0,200.0,418.0,389.0,154.0,215.0,2024.0,3696.0
2017-10-16 20:00:00,49.0,816.0,211.0,0.0,703.0,194.0,0.0,702.0,190.0,0.0,692.0,196.0,1.0,689.0,199.0,0.0,571.0,234.0,5.0,689.0,200.0,483.0,335.0,154.0,314.0,635.0,7167.0
2017-10-16 21:00:00,24.0,879.0,223.0,0.0,730.0,194.0,0.0,706.0,190.0,0.0,696.0,197.0,1.0,703.0,199.0,0.0,586.0,229.0,5.0,681.0,201.0,357.0,311.0,157.0,300.0,623.0,4479.0
2017-10-16 22:00:00,6.0,717.0,216.0,0.0,752.0,194.0,0.0,712.0,189.0,0.0,703.0,197.0,0.0,716.0,199.0,0.0,620.0,222.0,0.0,696.0,199.0,251.0,251.0,155.0,224.0,240.0,
2017-10-16 23:00:00,1.0,693.0,207.0,0.0,725.0,192.0,0.0,705.0,188.0,0.0,693.0,195.0,0.0,703.0,198.0,0.0,626.0,215.0,0.0,691.0,197.0,204.0,205.0,168.0,178.0,207.0,
2017-10-17 00:00:00,1.0,695.0,200.0,0.0,711.0,191.0,0.0,698.0,187.0,0.0,687.0,194.0,0.0,688.0,197.0,0.0,628.0,209.0,0.0,686.0,194.0,181.0,182.0,165.0,167.0,232.0,
2017-10-17 01:00:00,1.0,692.0,196.0,0.0,702.0,190.0,0.0,683.0,186.0,0.0,668.0,193.0,0.0,673.0,195.0,0.0,627.0,205.0,0.0,682.0,192.0,170.0,170.0,162.0,163.0,205.0,
2017-10-17 02:00:00,0.0,685.0,193.0,0.0,692.0,189.0,0.0,666.0,185.0,0.0,641.0,191.0,0.0,658.0,194.0,0.0,623.0,202.0,0.0,672.0,191.0,163.0,164.0,160.0,160.0,247.0,
2017-10-17 03:00:00,1.0,682.0,191.0,0.0,686.0,189.0,0.0,657.0,184.0,0.0,630.0,190.0,0.0,655.0,193.0,0.0,626.0,199.0,0.0,666.0,189.0,160.0,159.0,159.0,158.0,298.0,
2017-10-17 04:00:00,0.0,681.0,189.0,0.0,684.0,188.0,0.0,656.0,183.0,0.0,630.0,189.0,0.0,653.0,193.0,0.0,630.0,198.0,0.0,664.0,188.0,156.0,156.0,155.0,157.0,289.0,
2017-10-17 05:00:00,1.0,682.0,188.0,0.0,683.0,187.0,0.0,658.0,182.0,0.0,638.0,187.0,0.0,653.0,192.0,0.0,633.0,196.0,0.0,665.0,187.0,155.0,154.0,155.0,155.0,267.0,
2017-10-17 06:00:00,19.0,689.0,188.0,0.0,682.0,187.0,11.0,667.0,182.0,0.0,640.0,186.0,1.0,650.0,191.0,1.0,640.0,194.0,2.0,666.0,186.0,252.0,158.0,144.0,215.0,444.0,1117.0
2017-10-17 07:00:00,19.0,668.0,187.0,12.0,681.0,185.0,4.0,672.0,183.0,2.0,643.0,184.0,4.0,650.0,189.0,3.0,642.0,193.0,15.0,662.0,184.0,284.0,180.0,151.0,191.0,259.0,
2017-10-17 08:00:00,28.0,664.0,185.0,28.0,675.0,184.0,3.0,672.0,182.0,4.0,646.0,182.0,6.0,650.0,188.0,6.0,638.0,192.0,30.0,659.0,183.0,208.0,173.0,155.0,164.0,221.0,
2017-10-17 09:00:00,36.0,669.0,183.0,40.0,675.0,184.0,6.0,674.0,181.0,7.0,652.0,181.0,7.0,655.0,187.0,9.0,644.0,190.0,43.0,661.0,183.0,176.0,164.0,155.0,157.0,264.0,
2017-10-17 10:00:00,50.0,674.0,183.0,40.0,678.0,184.0,10.0,678.0,181.0,11.0,660.0,180.0,11.0,660.0,186.0,16.0,651.0,190.0,47.0,668.0,182.0,162.0,157.0,155.0,154.0,257.0,
2017-10-17 11:00:00,77.0,674.0,183.0,58.0,679.0,183.0,16.0,681.0,181.0,19.0,660.0,180.0,15.0,665.0,186.0,25.0,657.0,189.0,79.0,671.0,182.0,155.0,153.0,151.0,153.0,246.0,
2017-10-17 12:00:00,41.0,672.0,182.0,32.0,679.0,183.0,10.0,682.0,180.0,11.0,657.0,180.0,9.0,666.0,185.0,14.0,657.0,188.0,43.0,672.0,181.0,152.0,151.0,150.0,153.0,247.0,
2017-10-17 13:00:00,46.0,669.0,181.0,31.0,677.0,182.0,12.0,681.0,180.0,12.0,655.0,179.0,11.0,664.0,185.0,17.0,657.0,187.0,45.0,673.0,180.0,150.0,150.0,150.0,153.0,251.0,
2017-10-17 14:00:00,41.0,669.0,181.0,28.0,677.0,182.0,25.0,681.0,179.0,21.0,657.0,179.0,19.0,664.0,184.0,28.0,659.0,187.0,50.0,673.0,179.0,150.0,149.0,150.0,152.0,271.0,
2017-10-17 15:00:00,34.0,677.0,181.0,28.0,679.0,182.0,134.0,680.0,179.0,76.0,661.0,180.0,98.0,666.0,184.0,80.0,662.0,186.0,57.0,677.0,179.0,150.0,148.0,150.0,152.0,333.0,
2017-10-17 16:00:00,8.0,677.0,182.0,5.0,684.0,181.0,22.0,682.0,179.0,9.0,656.0,181.0,16.0,664.0,185.0,8.0,666.0,186.0,13.0,682.0,178.0,165.0,148.0,149.0,165.0,451.0,560.0
2017-10-17 17:00:00,56.0,820.0,184.0,0.0,761.0,181.0,20.0,760.0,180.0,0.0,668.0,180.0,10.0,714.0,185.0,7.0,749.0,191.0,5.0,703.0,179.0,539.0,177.0,141.0,350.0,1303.0,6046.0
2017-10-17 18:00:00,6.0,790.0,195.0,0.0,751.0,187.0,4.0,767.0,182.0,0.0,738.0,184.0,7.0,772.0,190.0,7.0,722.0,210.0,3.0,718.0,189.0,496.0,430.0,147.0,257.0,817.0,6832.0
2017-10-17 19:00:00,0.0,821.0,201.0,0.0,768.0,190.0,0.0,741.0,186.0,0.0,762.0,189.0,1.0,790.0,195.0,1.0,674.0,222.0,6.0,714.0,198.0,405.0,369.0,152.0,228.0,1507.0,3584.0
2017-10-17 20:00:00,31.0,797.0,205.0,0.0,769.0,191.0,0.0,736.0,187.0,0.0,747.0,192.0,1.0,762.0,196.0,0.0,661.0,218.0,7.0,705.0,201.0,390.0,319.0,154.0,276.0,720.0,8288.0
2017-10-17 21:00:00,28.0,877.0,213.0,1.0,778.0,192.0,0.0,735.0,187.0,0.0,746.0,193.0,1.0,764.0,196.0,1.0,667.0,216.0,10.0,709.0,203.0,376.0,282.0,151.0,328.0,801.0,3472.0
2017-10-17 22:00:00,3.0,848.0,210.0,0.0,760.0,191.0,0.0,738.0,186.0,0.0,734.0,193.0,0.0,746.0,196.0,0.0,670.0,213.0,5.0,723.0,201.0,264.0,254.0,150.0,205.0,469.0,1120.0
2017-10-17 23:00:00,1.0,724.0,204.0,0.0,754.0,190.0,0.0,742.0,186.0,0.0,720.0,193.0,0.0,722.0,195.0,0.0,669.0,208.0,0.0,724.0,197.0,210.0,210.0,149.0,189.0,1268.0,
2017-10-18 00:00:00,1.0,703.0,198.0,0.0,738.0,190.0,0.0,737.0,185.0,0.0,719.0,192.0,0.0,710.0,195.0,0.0,672.0,205.0,0.0,734.0,193.0,184.0,185.0,158.0,168.0,573.0,
2017-10-18 01:00:00,0.0,703.0,195.0,0.0,729.0,189.0,0.0,733.0,185.0,0.0,721.0,192.0,0.0,701.0,194.0,0.0,669.0,203.0,0.0,739.0,191.0,172.0,173.0,160.0,163.0,254.0,
2017-10-18 02:00:00,0.0,704.0,192.0,0.0,722.0,188.0,0.0,732.0,184.0,0.0,716.0,191.0,0.0,694.0,193.0,0.0,670.0,200.0,0.0,746.0,189.0,164.0,165.0,160.0,159.0,248.0,
2017-10-18 03:00:00,1.0,702.0,190.0,0.0,717.0,187.0,0.0,729.0,183.0,0.0,718.0,190.0,0.0,690.0,192.0,0.0,671.0,197.0,0.0,749.0,187.0,160.0,160.0,158.0,158.0,341.0,
2017-10-18 04:00:00,1.0,702.0,188.0,0.0,714.0,186.0,0.0,728.0,183.0,0.0,723.0,190.0,0.0,686.0,191.0,0.0,672.0,195.0,0.0,752.0,186.0,156.0,157.0,155.0,156.0,289.0,
2017-10-18 05:00:00,7.0,704.0,187.0,0.0,712.0,185.0,5.0,728.0,183.0,0.0,722.0,189.0,0.0,684.0,190.0,1.0,672.0,193.0,0.0,756.0,184.0,155.0,155.0,150.0,164.0,300.0,112.0
2017-10-18 06:00:00,22.0,778.0,189.0,0.0,730.0,185.0,3.0,739.0,183.0,0.0,709.0,188.0,2.0,699.0,190.0,2.0,697.0,193.0,2.0,758.0,184.0,300.0,165.0,140.0,334.0,617.0,3807.0
2017-10-18 07:00:00,7.0,792.0,189.0,3.0,746.0,185.0,0.0,750.0,183.0,0.0,703.0,187.0,1.0,713.0,189.0,0.0,705.0,192.0,2.0,775.0,183.0,412.0,196.0,159.0,256.0,202.0,112.0
2017-10-18 08:00:00,11.0,728.0,186.0,8.0,730.0,183.0,0.0,727.0,182.0,1.0,696.0,186.0,2.0,705.0,188.0,1.0,695.0,191.0,6.0,779.0,182.0,254.0,194.0,165.0,180.0,223.0,
2017-10-18 09:00:00,27.0,721.0,184.0,20.0,721.0,182.0,4.0,715.0,182.0,5.0,691.0,185.0,5.0,698.0,187.0,7.0,690.0,189.0,17.0,771.0,180.0,194.0,178.0,162.0,163.0,238.0,
2017-10-18 10:00:00,31.0,718.0,182.0,20.0,718.0,182.0,6.0,710.0,181.0,5.0,689.0,184.0,6.0,695.0,186.0,8.0,688.0,188.0,19.0,763.0,179.0,172.0,167.0,159.0,158.0,208.0,
2017-10-18 11:00:00,35.0,717.0,181.0,23.0,715.0,181.0,6.0,707.0,180.0,6.0,687.0,183.0,7.0,693.0,185.0,9.0,686.0,187.0,23.0,758.0,178.0,161.0,160.0,155.0,155.0,240.0,
2017-10-18 12:00:00,35.0,717.0,180.0,24.0,714.0,181.0,8.0,705.0,180.0,7.0,688.0,182.0,7.0,695.0,184.0,10.0,694.0,187.0,24.0,754.0,178.0,159.0,157.0,151.0,213.0,251.0,448.0
2017-10-18 13:00:00,41.0,741.0,180.0,26.0,716.0,180.0,10.0,709.0,180.0,7.0,697.0,182.0,8.0,714.0,184.0,12.0,710.0,186.0,27.0,750.0,177.0,280.0,167.0,149.0,285.0,314.0,112.0
2017-10-18 14:00:00,28.0,751.0,180.0,12.0,719.0,180.0,,717.0,179.0,2.0,708.0,181.0,4.0,722.0,183.0,5.0,713.0,185.0,13.0,759.0,176.0,258.0,181.0,158.0,200.0,331.0,
2017-10-18 15:00:00,19.0,727.0,180.0,8.0,717.0,179.0,3.0,712.0,179.0,1.0,698.0,180.0,3.0,707.0,183.0,3.0,702.0,184.0,9.0,759.0,175.0,197.0,172.0,159.0,165.0,359.0,
2017-10-18 16:00:00,7.0,716.0,180.0,2.0,714.0,178.0,0.0,703.0,178.0,0.0,693.0,180.0,1.0,698.0,182.0,0.0,696.0,183.0,2.0,759.0,174.0,173.0,164.0,155.0,156.0,320.0,
2017-10-18 17:00:00,6.0,706.0,180.0,0.0,711.0,177.0,0.0,698.0,177.0,0.0,688.0,179.0,0.0,692.0,181.0,0.0,691.0,182.0,0.0,760.0,174.0,160.0,156.0,152.0,153.0,296.0,
2017-10-18 18:00:00,9.0,706.0,184.0,0.0,710.0,179.0,5.0,726.0,179.0,0.0,697.0,182.0,1.0,696.0,183.0,1.0,681.0,190.0,5.0,751.0,178.0,424.0,361.0,151.0,243.0,458.0,8735.0
2017-10-18 19:00:00,3.0,698.0,191.0,0.0,711.0,182.0,0.0,732.0,182.0,0.0,697.0,186.0,0.0,703.0,187.0,0.0,668.0,200.0,6.0,741.0,187.0,353.0,329.0,166.0,210.0,477.0,2800.0
2017-10-18 20:00:00,21.0,704.0,193.0,0.0,710.0,183.0,0.0,734.0,183.0,0.0,694.0,187.0,0.0,702.0,188.0,0.0,659.0,202.0,6.0,739.0,189.0,341.0,291.0,157.0,239.0,346.0,1904.0
2017-10-18 21:00:00,34.0,736.0,195.0,0.0,745.0,183.0,0.0,738.0,183.0,0.0,696.0,189.0,1.0,726.0,188.0,0.0,673.0,202.0,2.0,736.0,189.0,454.0,263.0,155.0,299.0,310.0,4143.0
2017-10-18 22:00:00,51.0,844.0,203.0,0.0,731.0,184.0,0.0,741.0,183.0,0.0,692.0,190.0,1.0,714.0,189.0,0.0,672.0,201.0,0.0,733.0,188.0,275.0,253.0,164.0,226.0,306.0,2016.0
2017-10-18 23:00:00,51.0,837.0,208.0,0.0,717.0,184.0,0.0,741.0,183.0,0.0,688.0,190.0,1.0,700.0,189.0,0.0,662.0,200.0,0.0,725.0,188.0,376.0,255.0,164.0,301.0,306.0,2800.0
2017-10-19 00:00:00,32.0,791.0,210.0,0.0,736.0,184.0,0.0,740.0,183.0,0.0,690.0,191.0,0.0,707.0,189.0,0.0,668.0,200.0,1.0,724.0,188.0,258.0,247.0,173.0,190.0,299.0,894.0
2017-10-19 01:00:00,1.0,694.0,203.0,0.0,749.0,184.0,0.0,739.0,183.0,0.0,699.0,191.0,0.0,715.0,190.0,0.0,682.0,199.0,0.0,733.0,187.0,209.0,208.0,167.0,168.0,209.0,
2017-10-19 02:00:00,0.0,693.0,195.0,0.0,731.0,183.0,0.0,736.0,183.0,0.0,706.0,190.0,0.0,702.0,189.0,0.0,679.0,195.0,0.0,731.0,184.0,182.0,182.0,162.0,161.0,260.0,
2017-10-19 03:00:00,0.0,703.0,190.0,0.0,725.0,182.0,0.0,734.0,182.0,0.0,713.0,189.0,0.0,697.0,188.0,0.0,680.0,192.0,0.0,733.0,182.0,167.0,168.0,158.0,158.0,351.0,
2017-10-19 04:00:00,0.0,708.0,187.0,0.0,724.0,182.0,0.0,733.0,181.0,0.0,720.0,188.0,0.0,695.0,188.0,0.0,684.0,190.0,0.0,735.0,181.0,160.0,161.0,155.0,155.0,325.0,
2017-10-19 05:00:00,0.0,710.0,186.0,0.0,722.0,181.0,0.0,733.0,181.0,0.0,723.0,187.0,0.0,693.0,187.0,0.0,687.0,188.0,0.0,738.0,180.0,155.0,156.0,154.0,154.0,373.0,
2017-10-19 06:00:00,15.0,710.0,185.0,0.0,721.0,180.0,3.0,734.0,181.0,0.0,723.0,186.0,1.0,693.0,186.0,0.0,689.0,187.0,0.0,738.0,179.0,154.0,153.0,150.0,153.0,265.0,
2017-10-19 07:00:00,58.0,807.0,187.0,0.0,764.0,180.0,11.0,738.0,181.0,0.0,706.0,185.0,5.0,703.0,186.0,3.0,685.0,186.0,6.0,737.0,179.0,256.0,157.0,137.0,286.0,1149.0,4703.0
2017-10-19 08:00:00,20.0,765.0,186.0,12.0,759.0,180.0,8.0,750.0,181.0,2.0,713.0,185.0,4.0,712.0,185.0,5.0,712.0,186.0,10.0,750.0,178.0,349.0,197.0,143.0,229.0,522.0,112.0
2017-10-19 09:00:00,23.0,742.0,184.0,25.0,742.0,179.0,3.0,733.0,180.0,3.0,705.0,184.0,5.0,714.0,184.0,6.0,711.0,185.0,18.0,759.0,177.0,234.0,186.0,152.0,240.0,219.0,224.0
2017-10-19 10:00:00,27.0,737.0,181.0,23.0,734.0,179.0,4.0,723.0,179.0,4.0,701.0,183.0,6.0,708.0,183.0,7.0,705.0,184.0,18.0,759.0,177.0,189.0,176.0,160.0,174.0,250.0,
2017-10-19 11:00:00,36.0,751.0,180.0,18.0,730.0,178.0,8.0,719.0,179.0,3.0,701.0,182.0,5.0,705.0,183.0,7.0,703.0,183.0,16.0,756.0,176.0,261.0,171.0,150.0,190.0,245.0,112.0
2017-10-19 12:00:00,38.0,786.0,181.0,16.0,784.0,179.0,0.0,743.0,179.0,5.0,710.0,181.0,5.0,719.0,183.0,11.0,783.0,191.0,17.0,762.0,176.0,249.0,176.0,149.0,197.0,462.0,1008.0
2017-10-19 13:00:00,25.0,760.0,181.0,14.0,767.0,179.0,0.0,746.0,178.0,3.0,713.0,181.0,5.0,728.0,183.0,7.0,738.0,190.0,15.0,769.0,176.0,194.0,170.0,140.0,185.0,1288.0,
2017-10-19 14:00:00,16.0,756.0,180.0,9.0,749.0,179.0,0.0,742.0,178.0,1.0,711.0,181.0,3.0,725.0,183.0,5.0,726.0,188.0,7.0,772.0,176.0,255.0,202.0,136.0,192.0,1228.0,7056.0
2017-10-19 15:00:00,7.0,760.0,189.0,4.0,741.0,185.0,0.0,746.0,183.0,0.0,743.0,185.0,1.0,736.0,188.0,1.0,687.0,204.0,3.0,757.0,185.0,436.0,414.0,164.0,244.0,370.0,2576.0
2017-10-19 16:00:00,6.0,718.0,192.0,0.0,742.0,184.0,0.0,737.0,183.0,0.0,721.0,186.0,0.0,722.0,188.0,0.0,672.0,203.0,0.0,742.0,185.0,277.0,270.0,168.0,181.0,462.0,1568.0
2017-10-19 17:00:00,11.0,748.0,192.0,0.0,758.0,183.0,0.0,759.0,183.0,0.0,715.0,185.0,1.0,737.0,189.0,3.0,695.0,204.0,3.0,745.0,184.0,227.0,223.0,149.0,261.0,2482.0,2687.0
2017-10-19 18:00:00,56.0,855.0,198.0,0.0,777.0,185.0,3.0,784.0,186.0,0.0,743.0,186.0,3.0,758.0,192.0,1.0,665.0,217.0,4.0,761.0,186.0,534.0,287.0,155.0,270.0,853.0,5262.0
2017-10-19 19:00:00,1.0,716.0,203.0,0.0,766.0,185.0,0.0,779.0,187.0,0.0,756.0,190.0,0.0,744.0,196.0,1.0,644.0,224.0,4.0,760.0,190.0,362.0,311.0,167.0,239.0,362.0,224.0
2017-10-19 20:00:00,6.0,705.0,201.0,0.0,758.0,184.0,0.0,771.0,186.0,0.0,740.0,190.0,0.0,724.0,195.0,0.0,644.0,217.0,3.0,754.0,191.0,385.0,250.0,170.0,185.0,364.0,2016.0
2017-10-19 21:00:00,17.0,713.0,201.0,0.0,751.0,184.0,0.0,765.0,185.0,0.0,731.0,191.0,0.0,720.0,194.0,0.0,656.0,211.0,1.0,744.0,192.0,375.0,234.0,155.0,260.0,293.0,1680.0
2017-10-19 22:00:00,2.0,701.0,198.0,0.0,747.0,183.0,0.0,761.0,185.0,0.0,731.0,191.0,0.0,717.0,193.0,0.0,663.0,206.0,0.0,739.0,190.0,348.0,225.0,168.0,224.0,245.0,
2017-10-19 23:00:00,1.0,704.0,194.0,0.0,742.0,182.0,0.0,757.0,184.0,0.0,730.0,190.0,0.0,708.0,192.0,0.0,669.0,202.0,0.0,736.0,188.0,231.0,198.0,167.0,174.0,246.0,
2017-10-20 00:00:00,0.0,710.0,191.0,0.0,739.0,181.0,0.0,754.0,184.0,0.0,729.0,190.0,0.0,705.0,191.0,0.0,674.0,198.0,0.0,734.0,186.0,187.0,178.0,162.0,163.0,206.0,
2017-10-20 01:00:00,0.0,713.0,188.0,0.0,737.0,181.0,0.0,753.0,183.0,0.0,728.0,189.0,0.0,702.0,190.0,0.0,678.0,195.0,0.0,732.0,185.0,170.0,168.0,159.0,159.0,239.0,
2017-10-20 02:00:00,0.0,716.0,186.0,0.0,736.0,181.0,0.0,751.0,183.0,0.0,733.0,188.0,0.0,701.0,189.0,0.0,681.0,193.0,0.0,731.0,184.0,162.0,161.0,155.0,158.0,266.0,
2017-10-20 03:00:00,0.0,720.0,185.0,0.0,735.0,180.0,0.0,751.0,182.0,0.0,737.0,188.0,0.0,700.0,188.0,0.0,684.0,192.0,0.0,729.0,183.0,157.0,157.0,155.0,155.0,340.0,
2017-10-20 04:00:00,0.0,719.0,185.0,0.0,735.0,180.0,0.0,750.0,182.0,0.0,737.0,187.0,0.0,698.0,188.0,0.0,686.0,190.0,0.0,728.0,182.0,155.0,154.0,155.0,154.0,290.0,
2017-10-20 05:00:00,1.0,717.0,185.0,0.0,734.0,179.0,0.0,749.0,181.0,0.0,733.0,187.0,0.0,698.0,187.0,0.0,688.0,189.0,0.0,728.0,181.0,153.0,153.0,151.0,153.0,339.0,
2017-10-20 06:00:00,9.0,720.0,184.0,0.0,734.0,179.0,3.0,752.0,181.0,0.0,733.0,186.0,0.0,700.0,186.0,0.0,692.0,188.0,0.0,728.0,180.0,151.0,150.0,148.0,155.0,271.0,560.0
2017-10-20 07:00:00,26.0,822.0,187.0,1.0,742.0,179.0,10.0,754.0,182.0,0.0,722.0,185.0,3.0,718.0,186.0,4.0,717.0,191.0,3.0,735.0,180.0,503.0,204.0,145.0,326.0,377.0,7840.0
2017-10-20 08:00:00,39.0,989.0,204.0,14.0,829.0,184.0,7.0,794.0,184.0,1.0,746.0,188.0,3.0,801.0,190.0,3.0,708.0,201.0,15.0,740.0,187.0,475.0,337.0,144.0,345.0,411.0,6720.0
2017-10-20 09:00:00,48.0,859.0,198.0,64.0,785.0,185.0,8.0,777.0,186.0,3.0,747.0,188.0,8.0,757.0,191.0,10.0,708.0,201.0,66.0,741.0,188.0,400.0,256.0,147.0,293.0,1640.0,2128.0
2017-10-20 10:00:00,65.0,812.0,195.0,41.0,773.0,185.0,7.0,770.0,185.0,5.0,743.0,188.0,9.0,743.0,191.0,14.0,706.0,200.0,38.0,740.0,189.0,300.0,225.0,147.0,200.0,1113.0,
2017-10-20 11:00:00,77.0,836.0,193.0,44.0,759.0,185.0,10.0,758.0,184.0,8.0,723.0,187.0,11.0,726.0,190.0,20.0,691.0,199.0,45.0,731.0,187.0,216.0,195.0,158.0,169.0,312.0,
2017-10-20 12:00:00,58.0,838.0,191.0,36.0,749.0,184.0,12.0,752.0,184.0,11.0,721.0,187.0,11.0,717.0,189.0,20.0,687.0,196.0,42.0,731.0,185.0,183.0,177.0,160.0,162.0,298.0,
2017-10-20 13:00:00,46.0,824.0,190.0,30.0,745.0,183.0,6.0,750.0,183.0,12.0,717.0,186.0,13.0,710.0,188.0,30.0,687.0,194.0,36.0,729.0,184.0,169.0,167.0,158.0,159.0,382.0,
2017-10-20 14:00:00,44.0,756.0,188.0,27.0,722.0,183.0,0.0,753.0,183.0,41.0,702.0,186.0,36.0,657.0,187.0,101.0,641.0,192.0,49.0,689.0,183.0,336.0,167.0,144.0,222.0,860.0,783.0
2017-10-20 15:00:00,27.0,753.0,188.0,13.0,719.0,182.0,28.0,723.0,184.0,24.0,702.0,186.0,20.0,682.0,187.0,21.0,676.0,192.0,19.0,686.0,182.0,328.0,193.0,144.0,211.0,368.0,
2017-10-20 16:00:00,7.0,770.0,189.0,3.0,728.0,182.0,20.0,733.0,184.0,0.0,707.0,186.0,3.0,687.0,188.0,2.0,682.0,191.0,7.0,705.0,182.0,270.0,195.0,141.0,183.0,640.0,5599.0
2017-10-20 17:00:00,21.0,797.0,194.0,0.0,735.0,188.0,2.0,747.0,188.0,0.0,725.0,191.0,3.0,722.0,192.0,2.0,704.0,203.0,4.0,711.0,193.0,535.0,436.0,146.0,313.0,581.0,6496.0
2017-10-20 18:00:00,2.0,754.0,198.0,0.0,743.0,190.0,1.0,753.0,191.0,0.0,723.0,195.0,1.0,727.0,195.0,0.0,682.0,208.0,5.0,705.0,200.0,511.0,347.0,175.0,202.0,408.0,3246.0
2017-10-20 19:00:00,3.0,728.0,200.0,0.0,734.0,191.0,0.0,756.0,192.0,0.0,708.0,197.0,1.0,719.0,196.0,0.0,673.0,209.0,6.0,701.0,203.0,518.0,333.0,180.0,208.0,517.0,3808.0
2017-10-20 20:00:00,5.0,720.0,200.0,0.0,729.0,192.0,0.0,756.0,193.0,0.0,702.0,199.0,1.0,717.0,196.0,0.0,668.0,210.0,7.0,697.0,205.0,499.0,317.0,175.0,253.0,384.0,1904.0
2017-10-20 21:00:00,7.0,735.0,201.0,0.0,734.0,192.0,0.0,755.0,192.0,0.0,707.0,199.0,1.0,721.0,197.0,0.0,672.0,209.0,4.0,693.0,205.0,482.0,274.0,163.0,300.0,371.0,1679.0
2017-10-20 22:00:00,2.0,709.0,199.0,0.0,730.0,191.0,0.0,754.0,191.0,0.0,714.0,198.0,1.0,710.0,196.0,0.0,670.0,207.0,0.0,706.0,200.0,291.0,235.0,173.0,194.0,256.0,
2017-10-20 23:00:00,3.0,699.0,196.0,0.0,724.0,190.0,0.0,752.0,190.0,0.0,729.0,197.0,1.0,702.0,195.0,0.0,670.0,203.0,0.0,701.0,196.0,218.0,202.0,171.0,173.0,204.0,
2017-10-21 00:00:00,1.0,699.0,193.0,0.0,722.0,189.0,0.0,749.0,189.0,0.0,731.0,196.0,1.0,695.0,193.0,0.0,670.0,199.0,0.0,689.0,193.0,186.0,181.0,166.0,165.0,187.0,
2017-10-21 01:00:00,1.0,698.0,191.0,0.0,718.0,188.0,0.0,747.0,188.0,0.0,730.0,195.0,1.0,689.0,192.0,0.0,671.0,197.0,0.0,689.0,191.0,172.0,171.0,162.0,162.0,251.0,
2017-10-21 02:00:00,1.0,701.0,189.0,0.0,716.0,187.0,0.0,745.0,187.0,0.0,735.0,195.0,1.0,689.0,191.0,0.0,674.0,195.0,0.0,691.0,189.0,165.0,164.0,160.0,159.0,263.0,
2017-10-21 03:00:00,1.0,703.0,188.0,0.0,714.0,186.0,0.0,744.0,187.0,0.0,737.0,194.0,1.0,688.0,191.0,0.0,677.0,193.0,0.0,690.0,188.0,160.0,160.0,157.0,158.0,362.0,
2017-10-21 04:00:00,2.0,704.0,187.0,0.0,712.0,185.0,0.0,743.0,186.0,0.0,737.0,193.0,1.0,687.0,190.0,0.0,678.0,192.0,0.0,689.0,187.0,157.0,157.0,154.0,156.0,311.0,
2017-10-21 05:00:00,1.0,706.0,187.0,0.0,712.0,184.0,0.0,742.0,185.0,0.0,737.0,192.0,1.0,686.0,189.0,0.0,680.0,191.0,0.0,689.0,186.0,156.0,156.0,147.0,157.0,296.0,
2017-10-21 06:00:00,47.0,705.0,186.0,0.0,712.0,184.0,0.0,735.0,185.0,0.0,730.0,191.0,3.0,687.0,189.0,0.0,681.0,190.0,3.0,691.0,185.0,155.0,154.0,153.0,155.0,332.0,
2017-10-21 07:00:00,50.0,708.0,185.0,1.0,712.0,183.0,4.0,723.0,184.0,0.0,709.0,189.0,3.0,685.0,187.0,2.0,681.0,189.0,5.0,696.0,184.0,155.0,153.0,147.0,157.0,305.0,112.0
2017-10-21 08:00:00,22.0,693.0,184.0,20.0,695.0,182.0,3.0,703.0,183.0,2.0,677.0,188.0,5.0,677.0,186.0,4.0,674.0,187.0,0.0,683.0,183.0,154.0,153.0,143.0,159.0,204.0,
2017-10-21 09:00:00,33.0,693.0,183.0,28.0,688.0,181.0,5.0,697.0,182.0,4.0,674.0,186.0,6.0,678.0,185.0,6.0,680.0,186.0,8.0,684.0,182.0,150.0,150.0,146.0,179.0,415.0,223.0
2017-10-21 10:00:00,56.0,705.0,183.0,49.0,693.0,181.0,9.0,704.0,182.0,8.0,677.0,185.0,9.0,676.0,185.0,15.0,693.0,187.0,46.0,698.0,182.0,155.0,154.0,140.0,224.0,1437.0,
2017-10-21 11:00:00,50.0,675.0,182.0,45.0,683.0,180.0,0.0,711.0,182.0,8.0,668.0,184.0,11.0,664.0,184.0,23.0,663.0,186.0,37.0,693.0,182.0,463.0,166.0,137.0,327.0,1042.0,2014.0
2017-10-21 12:00:00,84.0,700.0,183.0,70.0,691.0,180.0,19.0,715.0,182.0,20.0,673.0,184.0,14.0,677.0,184.0,32.0,682.0,186.0,59.0,694.0,183.0,381.0,193.0,145.0,245.0,714.0,558.0
2017-10-21 13:00:00,67.0,716.0,184.0,54.0,706.0,181.0,24.0,712.0,182.0,32.0,684.0,185.0,15.0,695.0,185.0,34.0,695.0,187.0,44.0,708.0,184.0,233.0,186.0,147.0,239.0,402.0,112.0
2017-10-21 14:00:00,54.0,712.0,184.0,34.0,704.0,180.0,58.0,714.0,183.0,68.0,686.0,185.0,31.0,699.0,185.0,67.0,700.0,187.0,39.0,701.0,183.0,192.0,176.0,150.0,208.0,424.0,
2017-10-21 15:00:00,30.0,695.0,184.0,21.0,702.0,180.0,47.0,708.0,183.0,42.0,687.0,186.0,30.0,688.0,185.0,41.0,688.0,187.0,17.0,696.0,182.0,172.0,168.0,156.0,169.0,379.0,
2017-10-21 16:00:00,11.0,705.0,184.0,5.0,731.0,180.0,1.0,734.0,182.0,2.0,682.0,185.0,7.0,705.0,185.0,7.0,736.0,190.0,6.0,703.0,181.0,174.0,163.0,142.0,157.0,658.0,2240.0
2017-10-21 17:00:00,7.0,734.0,190.0,1.0,714.0,185.0,7.0,742.0,187.0,0.0,698.0,192.0,3.0,713.0,190.0,2.0,671.0,204.0,9.0,713.0,195.0,434.0,419.0,147.0,215.0,765.0,1902.0
2017-10-21 18:00:00,15.0,718.0,193.0,0.0,761.0,186.0,0.0,749.0,188.0,0.0,702.0,192.0,3.0,733.0,191.0,2.0,693.0,213.0,5.0,718.0,190.0,260.0,268.0,141.0,217.0,1356.0,784.0
2017-10-21 19:00:00,25.0,752.0,192.0,0.0,766.0,186.0,0.0,749.0,186.0,0.0,711.0,190.0,4.0,735.0,191.0,3.0,677.0,209.0,4.0,730.0,188.0,258.0,211.0,138.0,258.0,2221.0,8399.0
2017-10-21 20:00:00,56.0,948.0,197.0,0.0,803.0,188.0,0.0,751.0,185.0,0.0,755.0,190.0,3.0,768.0,194.0,2.0,686.0,215.0,5.0,750.0,188.0,472.0,216.0,153.0,269.0,421.0,224.0
2017-10-21 21:00:00,1.0,980.0,201.0,0.0,779.0,188.0,0.0,755.0,185.0,0.0,753.0,190.0,2.0,756.0,193.0,0.0,678.0,210.0,5.0,756.0,187.0,272.0,205.0,149.0,259.0,1025.0,
2017-10-21 22:00:00,24.0,1007.0,206.0,0.0,767.0,187.0,0.0,752.0,184.0,0.0,737.0,189.0,2.0,739.0,193.0,0.0,684.0,204.0,3.0,747.0,186.0,311.0,190.0,148.0,238.0,713.0,2688.0
2017-10-21 23:00:00,19.0,983.0,205.0,0.0,797.0,187.0,0.0,752.0,184.0,0.0,744.0,189.0,1.0,734.0,192.0,0.0,688.0,201.0,0.0,745.0,185.0,357.0,205.0,166.0,214.0,251.0,
2017-10-22 00:00:00,1.0,803.0,195.0,0.0,773.0,186.0,0.0,750.0,183.0,0.0,763.0,189.0,1.0,731.0,192.0,0.0,693.0,198.0,0.0,750.0,184.0,232.0,191.0,167.0,172.0,208.0,
2017-10-22 01:00:00,1.0,757.0,190.0,0.0,753.0,185.0,0.0,747.0,183.0,0.0,772.0,189.0,1.0,719.0,191.0,0.0,691.0,196.0,0.0,746.0,183.0,190.0,177.0,162.0,163.0,181.0,
2017-10-22 02:00:00,1.0,753.0,188.0,0.0,745.0,184.0,0.0,745.0,183.0,0.0,769.0,190.0,1.0,711.0,191.0,0.0,688.0,194.0,0.0,743.0,183.0,207.0,188.0,160.0,160.0,171.0,2015.0
2017-10-22 03:00:00,1.0,745.0,189.0,0.0,742.0,184.0,0.0,745.0,183.0,0.0,767.0,190.0,1.0,704.0,191.0,0.0,678.0,195.0,0.0,742.0,183.0,224.0,213.0,162.0,161.0,377.0,1008.0
2017-10-22 04:00:00,1.0,733.0,189.0,0.0,737.0,184.0,0.0,744.0,183.0,0.0,764.0,191.0,1.0,694.0,191.0,0.0,671.0,196.0,0.0,738.0,183.0,226.0,210.0,164.0,162.0,360.0,2016.0
2017-10-22 05:00:00,1.0,718.0,190.0,0.0,733.0,184.0,0.0,742.0,183.0,0.0,761.0,192.0,1.0,687.0,191.0,0.0,667.0,197.0,0.0,736.0,183.0,243.0,229.0,165.0,163.0,276.0,1120.0
2017-10-22 06:00:00,8.0,710.0,191.0,0.0,732.0,184.0,1.0,743.0,183.0,0.0,754.0,193.0,1.0,688.0,191.0,0.0,667.0,198.0,1.0,734.0,184.0,239.0,228.0,155.0,188.0,1063.0,1232.0
2017-10-22 07:00:00,11.0,712.0,191.0,0.0,740.0,184.0,3.0,739.0,184.0,0.0,742.0,192.0,2.0,699.0,191.0,4.0,690.0,199.0,3.0,738.0,184.0,324.0,217.0,147.0,263.0,390.0,2464.0
2017-10-22 08:00:00,28.0,722.0,191.0,7.0,745.0,184.0,2.0,744.0,184.0,1.0,732.0,191.0,5.0,710.0,191.0,6.0,685.0,199.0,9.0,743.0,185.0,413.0,211.0,146.0,287.0,352.0,448.0
2017-10-22 09:00:00,50.0,982.0,201.0,25.0,751.0,183.0,14.0,784.0,184.0,5.0,731.0,190.0,5.0,714.0,190.0,12.0,693.0,197.0,22.0,735.0,183.0,464.0,202.0,150.0,359.0,471.0,5709.0
2017-10-22 10:00:00,54.0,902.0,195.0,37.0,763.0,183.0,13.0,790.0,184.0,7.0,744.0,190.0,10.0,736.0,190.0,18.0,713.0,197.0,24.0,752.0,182.0,450.0,202.0,146.0,310.0,744.0,1008.0
2017-10-22 11:00:00,79.0,877.0,192.0,40.0,751.0,183.0,13.0,755.0,183.0,10.0,722.0,189.0,12.0,711.0,189.0,21.0,679.0,194.0,40.0,751.0,182.0,270.0,199.0,163.0,194.0,250.0,
2017-10-22 12:00:00,45.0,825.0,189.0,25.0,741.0,182.0,13.0,741.0,182.0,7.0,710.0,188.0,9.0,691.0,188.0,14.0,668.0,192.0,21.0,745.0,181.0,199.0,180.0,163.0,166.0,225.0,
2017-10-22 13:00:00,35.0,778.0,187.0,21.0,737.0,182.0,4.0,737.0,182.0,5.0,707.0,187.0,8.0,691.0,188.0,11.0,675.0,190.0,21.0,741.0,180.0,176.0,169.0,158.0,166.0,260.0,
2017-10-22 14:00:00,32.0,773.0,188.0,21.0,735.0,185.0,3.0,738.0,183.0,4.0,709.0,187.0,9.0,708.0,190.0,12.0,678.0,197.0,26.0,753.0,184.0,472.0,396.0,161.0,210.0,388.0,8735.0
2017-10-22 15:00:00,33.0,757.0,196.0,14.0,722.0,192.0,30.0,722.0,189.0,11.0,682.0,196.0,18.0,694.0,195.0,15.0,627.0,210.0,15.0,718.0,194.0,366.0,385.0,146.0,276.0,686.0,896.0
2017-10-22 16:00:00,38.0,752.0,196.0,4.0,718.0,189.0,28.0,716.0,188.0,3.0,679.0,194.0,19.0,692.0,194.0,8.0,643.0,207.0,10.0,707.0,194.0,476.0,266.0,143.0,313.0,1976.0,2912.0
2017-10-22 17:00:00,10.0,780.0,200.0,0.0,749.0,188.0,1.0,755.0,187.0,0.0,702.0,193.0,6.0,712.0,194.0,4.0,663.0,205.0,5.0,722.0,193.0,405.0,237.0,167.0,215.0,1951.0,1008.0
2017-10-22 18:00:00,1.0,750.0,198.0,0.0,743.0,188.0,0.0,739.0,185.0,0.0,706.0,193.0,1.0,709.0,195.0,1.0,657.0,211.0,6.0,736.0,192.0,370.0,229.0,170.0,178.0,749.0,1008.0
2017-10-22 19:00:00,13.0,732.0,196.0,0.0,731.0,188.0,0.0,734.0,184.0,0.0,704.0,192.0,1.0,700.0,196.0,0.0,636.0,212.0,7.0,734.0,192.0,359.0,235.0,171.0,183.0,435.0,2684.0
2017-10-22 20:00:00,12.0,744.0,196.0,0.0,729.0,188.0,0.0,743.0,185.0,0.0,699.0,192.0,1.0,693.0,195.0,1.0,635.0,211.0,5.0,710.0,197.0,496.0,265.0,150.0,242.0,1178.0,2576.0
2017-10-22 21:00:00,1.0,705.0,196.0,0.0,721.0,188.0,0.0,745.0,186.0,0.0,693.0,194.0,1.0,679.0,195.0,0.0,625.0,209.0,6.0,687.0,199.0,,,160.0,186.0,496.0,2800.0
2017-10-22 22:00:00,0.0,673.0,195.0,0.0,714.0,187.0,,,,,,,1.0,666.0,194.0,0.0,618.0,207.0,6.0,668.0,199.0,378.0,267.0,175.0,176.0,431.0,
2017-10-22 23:00:00,2.0,666.0,192.0,0.0,712.0,186.0,0.0,736.0,184.0,0.0,695.0,193.0,1.0,659.0,193.0,0.0,622.0,203.0,1.0,661.0,195.0,229.0,208.0,170.0,168.0,296.0,
2017-10-23 00:00:00,1.0,665.0,189.0,0.0,712.0,185.0,0.0,733.0,183.0,0.0,703.0,192.0,1.0,658.0,191.0,0.0,629.0,199.0,0.0,661.0,191.0,193.0,185.0,164.0,163.0,247.0,
2017-10-23 01:00:00,1.0,661.0,187.0,0.0,710.0,184.0,0.0,732.0,182.0,0.0,715.0,191.0,1.0,657.0,190.0,0.0,635.0,197.0,0.0,663.0,189.0,250.0,183.0,160.0,160.0,270.0,335.0
2017-10-23 02:00:00,1.0,655.0,187.0,0.0,706.0,183.0,0.0,731.0,182.0,0.0,724.0,191.0,1.0,657.0,189.0,0.0,637.0,196.0,0.0,660.0,189.0,369.0,211.0,165.0,163.0,279.0,1901.0
2017-10-23 03:00:00,1.0,647.0,187.0,0.0,701.0,183.0,0.0,732.0,181.0,0.0,728.0,192.0,1.0,655.0,189.0,0.0,634.0,196.0,0.0,652.0,191.0,411.0,229.0,169.0,166.0,320.0,896.0
2017-10-23 04:00:00,1.0,647.0,187.0,0.0,698.0,182.0,0.0,734.0,181.0,0.0,729.0,193.0,1.0,652.0,189.0,0.0,631.0,197.0,0.0,643.0,193.0,405.0,230.0,170.0,168.0,307.0,1903.0
2017-10-23 05:00:00,6.0,652.0,187.0,0.0,696.0,182.0,0.0,736.0,181.0,0.0,735.0,193.0,1.0,650.0,189.0,0.0,629.0,197.0,0.0,636.0,193.0,426.0,239.0,169.0,169.0,278.0,2016.0
2017-10-23 06:00:00,35.0,844.0,196.0,0.0,725.0,182.0,8.0,753.0,182.0,0.0,719.0,193.0,3.0,690.0,189.0,2.0,664.0,198.0,3.0,642.0,194.0,514.0,233.0,146.0,333.0,405.0,1792.0
2017-10-23 07:00:00,3.0,703.0,191.0,0.0,730.0,182.0,0.0,734.0,182.0,0.0,704.0,190.0,2.0,690.0,189.0,3.0,665.0,197.0,3.0,665.0,191.0,259.0,216.0,166.0,183.0,306.0,1007.0
2017-10-23 08:00:00,20.0,693.0,189.0,9.0,724.0,181.0,6.0,727.0,182.0,2.0,700.0,189.0,4.0,686.0,188.0,3.0,663.0,195.0,6.0,670.0,189.0,194.0,194.0,155.0,198.0,224.0,224.0
2017-10-23 09:00:00,28.0,694.0,186.0,21.0,721.0,181.0,15.0,723.0,181.0,7.0,697.0,187.0,6.0,682.0,187.0,8.0,664.0,192.0,17.0,678.0,186.0,175.0,177.0,160.0,168.0,204.0,
2017-10-23 10:00:00,38.0,694.0,184.0,32.0,719.0,180.0,18.0,721.0,181.0,9.0,696.0,186.0,8.0,679.0,186.0,11.0,664.0,191.0,25.0,684.0,184.0,166.0,167.0,158.0,159.0,236.0,
2017-10-23 11:00:00,36.0,696.0,183.0,28.0,718.0,180.0,21.0,720.0,180.0,9.0,696.0,185.0,8.0,678.0,185.0,12.0,667.0,189.0,21.0,688.0,182.0,159.0,160.0,155.0,155.0,207.0,
2017-10-23 12:00:00,63.0,700.0,182.0,51.0,718.0,180.0,43.0,720.0,180.0,22.0,696.0,184.0,14.0,678.0,185.0,23.0,669.0,187.0,46.0,691.0,181.0,155.0,155.0,154.0,153.0,198.0,
2017-10-23 13:00:00,31.0,703.0,181.0,26.0,719.0,179.0,19.0,721.0,179.0,9.0,698.0,184.0,7.0,680.0,184.0,11.0,673.0,186.0,20.0,695.0,180.0,154.0,153.0,151.0,153.0,254.0,
2017-10-23 14:00:00,17.0,709.0,180.0,11.0,720.0,179.0,7.0,721.0,179.0,3.0,697.0,183.0,4.0,685.0,184.0,4.0,678.0,185.0,8.0,698.0,179.0,150.0,151.0,150.0,152.0,284.0,
2017-10-23 15:00:00,8.0,711.0,180.0,4.0,720.0,178.0,2.0,720.0,178.0,1.0,697.0,182.0,2.0,687.0,183.0,1.0,681.0,185.0,3.0,700.0,178.0,150.0,150.0,150.0,150.0,330.0,
2017-10-23 16:00:00,2.0,711.0,180.0,0.0,720.0,178.0,0.0,720.0,178.0,0.0,697.0,181.0,1.0,686.0,183.0,0.0,683.0,184.0,0.0,702.0,177.0,150.0,148.0,150.0,150.0,300.0,
2017-10-23 17:00:00,14.0,715.0,180.0,0.0,720.0,177.0,1.0,724.0,177.0,0.0,698.0,180.0,3.0,689.0,183.0,0.0,683.0,185.0,2.0,708.0,179.0,357.0,274.0,146.0,214.0,421.0,8512.0
2017-10-23 18:00:00,1.0,706.0,194.0,0.0,756.0,187.0,0.0,733.0,184.0,0.0,712.0,188.0,7.0,719.0,189.0,5.0,683.0,205.0,3.0,642.0,208.0,426.0,416.0,149.0,264.0,2394.0,1008.0
2017-10-23 19:00:00,4.0,709.0,198.0,0.0,749.0,188.0,0.0,733.0,184.0,0.0,723.0,191.0,6.0,726.0,194.0,1.0,631.0,222.0,4.0,659.0,206.0,423.0,314.0,147.0,208.0,2289.0,2911.0
2017-10-23 20:00:00,23.0,722.0,197.0,0.0,761.0,190.0,0.0,751.0,184.0,0.0,734.0,192.0,5.0,726.0,196.0,5.0,636.0,228.0,5.0,688.0,200.0,329.0,258.0,143.0,255.0,1613.0,6272.0
2017-10-23 21:00:00,46.0,930.0,202.0,0.0,778.0,189.0,0.0,754.0,183.0,0.0,757.0,192.0,3.0,745.0,197.0,1.0,638.0,224.0,6.0,720.0,190.0,438.0,206.0,137.0,326.0,1593.0,2800.0
2017-10-23 22:00:00,50.0,977.0,204.0,0.0,769.0,186.0,0.0,750.0,183.0,0.0,759.0,191.0,2.0,750.0,196.0,0.0,653.0,215.0,3.0,753.0,188.0,500.0,217.0,141.0,341.0,1051.0,6384.0
2017-10-23 23:00:00,54.0,1008.0,209.0,0.0,755.0,185.0,,,,0.0,748.0,189.0,2.0,728.0,194.0,0.0,651.0,210.0,3.0,754.0,187.0,368.0,225.0,157.0,221.0,328.0,448.0
2017-10-24 00:00:00,44.0,1016.0,212.0,0.0,747.0,184.0,0.0,737.0,182.0,0.0,733.0,188.0,1.0,716.0,193.0,0.0,658.0,204.0,2.0,759.0,185.0,245.0,202.0,154.0,308.0,240.0,560.0
2017-10-24 01:00:00,1.0,916.0,202.0,0.0,779.0,185.0,0.0,738.0,181.0,0.0,742.0,188.0,1.0,718.0,192.0,0.0,668.0,200.0,0.0,774.0,185.0,197.0,187.0,165.0,186.0,270.0,
2017-10-24 02:00:00,1.0,796.0,192.0,0.0,749.0,184.0,0.0,736.0,181.0,0.0,756.0,188.0,1.0,712.0,191.0,0.0,673.0,198.0,0.0,773.0,183.0,177.0,175.0,164.0,166.0,313.0,
2017-10-24 03:00:00,1.0,766.0,186.0,0.0,737.0,183.0,0.0,734.0,180.0,0.0,761.0,188.0,1.0,697.0,190.0,0.0,669.0,195.0,0.0,763.0,182.0,166.0,165.0,160.0,159.0,409.0,
2017-10-24 04:00:00,1.0,756.0,184.0,0.0,728.0,182.0,0.0,734.0,179.0,0.0,762.0,187.0,1.0,689.0,190.0,0.0,667.0,193.0,0.0,757.0,181.0,160.0,160.0,156.0,157.0,391.0,
2017-10-24 05:00:00,4.0,749.0,183.0,0.0,726.0,181.0,0.0,734.0,179.0,0.0,762.0,187.0,1.0,686.0,189.0,0.0,667.0,192.0,0.0,752.0,180.0,156.0,156.0,153.0,155.0,401.0,
2017-10-24 06:00:00,10.0,762.0,183.0,0.0,736.0,180.0,12.0,768.0,180.0,0.0,745.0,186.0,2.0,709.0,189.0,2.0,746.0,196.0,3.0,762.0,180.0,155.0,154.0,133.0,168.0,564.0,784.0
2017-10-24 07:00:00,7.0,748.0,183.0,0.0,742.0,180.0,0.0,743.0,180.0,0.0,724.0,185.0,1.0,702.0,188.0,0.0,696.0,194.0,2.0,769.0,179.0,390.0,180.0,141.0,279.0,985.0,448.0
2017-10-24 08:00:00,10.0,738.0,181.0,6.0,737.0,179.0,4.0,731.0,179.0,1.0,717.0,183.0,3.0,695.0,187.0,2.0,686.0,192.0,7.0,758.0,178.0,257.0,185.0,149.0,177.0,638.0,
2017-10-24 09:00:00,29.0,736.0,180.0,30.0,735.0,179.0,14.0,727.0,179.0,4.0,715.0,182.0,7.0,693.0,186.0,8.0,680.0,191.0,30.0,753.0,177.0,194.0,172.0,155.0,160.0,225.0,
2017-10-24 10:00:00,40.0,739.0,179.0,35.0,734.0,179.0,22.0,725.0,178.0,7.0,714.0,181.0,9.0,694.0,185.0,13.0,677.0,190.0,37.0,749.0,177.0,170.0,162.0,155.0,155.0,211.0,
2017-10-24 11:00:00,30.0,741.0,179.0,26.0,734.0,178.0,16.0,725.0,178.0,5.0,714.0,181.0,7.0,697.0,184.0,9.0,679.0,188.0,28.0,748.0,176.0,159.0,156.0,153.0,153.0,217.0,
2017-10-24 12:00:00,48.0,738.0,179.0,37.0,733.0,178.0,37.0,725.0,178.0,13.0,714.0,180.0,12.0,698.0,183.0,19.0,681.0,187.0,58.0,748.0,176.0,154.0,153.0,150.0,153.0,261.0,
2017-10-24 13:00:00,39.0,737.0,178.0,30.0,733.0,178.0,42.0,724.0,177.0,15.0,715.0,180.0,13.0,697.0,183.0,25.0,682.0,186.0,51.0,747.0,175.0,150.0,150.0,150.0,151.0,231.0,
2017-10-24 14:00:00,35.0,731.0,178.0,26.0,734.0,177.0,89.0,723.0,177.0,41.0,718.0,180.0,24.0,694.0,183.0,54.0,681.0,186.0,67.0,747.0,175.0,150.0,149.0,150.0,150.0,253.0,
2017-10-24 15:00:00,13.0,732.0,178.0,8.0,733.0,176.0,7.0,721.0,177.0,2.0,714.0,180.0,4.0,693.0,183.0,3.0,682.0,185.0,10.0,748.0,174.0,150.0,148.0,150.0,150.0,353.0,
2017-10-24 16:00:00,8.0,727.0,178.0,0.0,732.0,176.0,3.0,721.0,176.0,0.0,710.0,180.0,2.0,689.0,182.0,0.0,679.0,184.0,1.0,743.0,174.0,217.0,177.0,149.0,152.0,293.0,6047.0
2017-10-24 17:00:00,37.0,774.0,185.0,0.0,745.0,182.0,19.0,743.0,179.0,0.0,734.0,184.0,9.0,744.0,186.0,6.0,690.0,201.0,4.0,743.0,182.0,544.0,415.0,145.0,293.0,651.0,7501.0
2017-10-24 18:00:00,37.0,736.0,194.0,0.0,767.0,183.0,2.0,795.0,183.0,0.0,757.0,188.0,10.0,763.0,190.0,8.0,717.0,215.0,5.0,748.0,188.0,334.0,304.0,163.0,238.0,748.0,3920.0
2017-10-24 19:00:00,4.0,741.0,195.0,0.0,800.0,183.0,0.0,771.0,183.0,0.0,775.0,189.0,2.0,780.0,193.0,1.0,671.0,227.0,5.0,773.0,188.0,240.0,237.0,151.0,207.0,417.0,560.0
2017-10-24 20:00:00,45.0,762.0,195.0,0.0,789.0,182.0,0.0,794.0,182.0,0.0,741.0,188.0,4.0,740.0,191.0,3.0,653.0,211.0,3.0,757.0,187.0,373.0,226.0,141.0,292.0,461.0,7056.0
2017-10-24 21:00:00,38.0,978.0,206.0,0.0,799.0,184.0,0.0,771.0,182.0,0.0,743.0,189.0,2.0,753.0,190.0,1.0,676.0,207.0,3.0,767.0,186.0,475.0,239.0,141.0,341.0,1418.0,4367.0
2017-10-24 22:00:00,0.0,926.0,205.0,0.0,780.0,184.0,0.0,764.0,181.0,0.0,730.0,189.0,1.0,742.0,191.0,0.0,678.0,206.0,0.0,807.0,187.0,320.0,233.0,157.0,225.0,877.0,
2017-10-24 23:00:00,0.0,875.0,199.0,0.0,756.0,184.0,0.0,755.0,180.0,0.0,708.0,188.0,1.0,720.0,190.0,0.0,668.0,203.0,0.0,798.0,184.0,224.0,200.0,165.0,174.0,247.0,
2017-10-25 00:00:00,0.0,823.0,193.0,0.0,747.0,183.0,0.0,752.0,180.0,0.0,710.0,187.0,1.0,707.0,189.0,0.0,667.0,199.0,0.0,784.0,183.0,187.0,179.0,162.0,163.0,248.0,
2017-10-25 01:00:00,0.0,760.0,188.0,0.0,743.0,182.0,0.0,748.0,179.0,0.0,690.0,185.0,1.0,701.0,188.0,0.0,667.0,196.0,0.0,775.0,181.0,170.0,167.0,159.0,158.0,354.0,
2017-10-25 02:00:00,1.0,730.0,184.0,0.0,739.0,181.0,0.0,742.0,178.0,0.0,673.0,184.0,1.0,689.0,188.0,0.0,663.0,193.0,0.0,769.0,180.0,161.0,160.0,155.0,156.0,,
2017-10-25 03:00:00,1.0,722.0,182.0,0.0,736.0,180.0,0.0,739.0,178.0,0.0,670.0,183.0,1.0,684.0,186.0,0.0,663.0,191.0,0.0,764.0,179.0,155.0,155.0,155.0,154.0,,
2017-10-25 04:00:00,1.0,717.0,181.0,0.0,732.0,179.0,0.0,738.0,177.0,0.0,669.0,182.0,1.0,681.0,186.0,0.0,666.0,189.0,0.0,760.0,178.0,153.0,153.0,151.0,153.0,,
2017-10-25 05:00:00,12.0,711.0,181.0,0.0,729.0,179.0,3.0,739.0,177.0,0.0,668.0,181.0,1.0,676.0,185.0,0.0,665.0,188.0,1.0,757.0,177.0,150.0,150.0,147.0,154.0,396.0,112.0
2017-10-25 06:00:00,24.0,751.0,183.0,0.0,734.0,179.0,19.0,751.0,177.0,0.0,675.0,181.0,2.0,682.0,185.0,1.0,675.0,187.0,2.0,753.0,176.0,230.0,152.0,134.0,226.0,325.0,2128.0
2017-10-25 07:00:00,25.0,730.0,181.0,4.0,740.0,178.0,6.0,727.0,177.0,0.0,673.0,179.0,3.0,682.0,183.0,0.0,677.0,186.0,4.0,755.0,175.0,395.0,178.0,150.0,271.0,226.0,224.0
2017-10-25 08:00:00,29.0,689.0,178.0,58.0,722.0,177.0,11.0,686.0,174.0,5.0,658.0,177.0,7.0,651.0,181.0,4.0,658.0,184.0,93.0,744.0,174.0,234.0,180.0,160.0,175.0,269.0,
2017-10-25 09:00:00,31.0,691.0,176.0,52.0,716.0,177.0,15.0,681.0,173.0,8.0,658.0,176.0,8.0,658.0,180.0,6.0,658.0,183.0,64.0,748.0,175.0,187.0,168.0,155.0,159.0,265.0,
2017-10-25 10:00:00,45.0,683.0,175.0,33.0,701.0,176.0,18.0,669.0,172.0,10.0,651.0,175.0,9.0,647.0,180.0,10.0,649.0,182.0,35.0,733.0,173.0,166.0,159.0,152.0,153.0,251.0,
2017-10-25 11:00:00,60.0,675.0,174.0,36.0,693.0,175.0,25.0,661.0,171.0,13.0,645.0,174.0,10.0,637.0,179.0,14.0,642.0,181.0,45.0,714.0,172.0,156.0,153.0,149.0,151.0,257.0,112.0
2017-10-25 12:00:00,53.0,686.0,174.0,39.0,693.0,175.0,39.0,660.0,172.0,26.0,653.0,173.0,13.0,653.0,178.0,20.0,663.0,181.0,48.0,704.0,172.0,155.0,154.0,150.0,290.0,352.0,448.0
2017-10-25 13:00:00,44.0,678.0,173.0,33.0,694.0,174.0,77.0,,,37.0,648.0,174.0,20.0,650.0,178.0,43.0,664.0,180.0,50.0,701.0,171.0,155.0,156.0,155.0,179.0,205.0,
2017-10-25 14:00:00,31.0,676.0,173.0,23.0,693.0,174.0,,648.0,172.0,74.0,643.0,174.0,42.0,651.0,177.0,78.0,656.0,179.0,35.0,693.0,170.0,154.0,153.0,152.0,156.0,282.0,
2017-10-25 15:00:00,23.0,671.0,173.0,17.0,681.0,173.0,,,,73.0,652.0,175.0,105.0,646.0,178.0,68.0,649.0,180.0,18.0,692.0,170.0,150.0,151.0,150.0,152.0,292.0,
2017-10-25 16:00:00,7.0,657.0,174.0,1.0,694.0,173.0,1.0,640.0,171.0,1.0,630.0,174.0,4.0,639.0,177.0,3.0,678.0,180.0,2.0,692.0,169.0,149.0,149.0,146.0,220.0,415.0,784.0
2017-10-25 17:00:00,48.0,685.0,178.0,0.0,704.0,175.0,6.0,680.0,173.0,0.0,647.0,175.0,5.0,663.0,179.0,5.0,666.0,190.0,2.0,722.0,174.0,490.0,373.0,148.0,287.0,529.0,9631.0
2017-10-25 18:00:00,4.0,687.0,190.0,0.0,695.0,186.0,0.0,687.0,180.0,0.0,665.0,185.0,2.0,665.0,188.0,3.0,614.0,208.0,0.0,689.0,190.0,543.0,506.0,165.0,262.0,393.0,
2017-10-25 21:00:00,0.0,655.0,199.0,0.0,704.0,190.0,0.0,695.0,184.0,0.0,672.0,193.0,1.0,683.0,194.0,0.0,610.0,216.0,5.0,674.0,194.0,399.0,240.0,148.0,236.0,1041.0,
2017-10-25 22:00:00,0.0,656.0,194.0,0.0,703.0,189.0,0.0,698.0,182.0,0.0,672.0,192.0,1.0,683.0,192.0,0.0,623.0,209.0,6.0,680.0,191.0,272.0,214.0,163.0,184.0,291.0,
2017-10-25 23:00:00,3.0,661.0,189.0,0.0,698.0,187.0,0.0,699.0,181.0,0.0,674.0,190.0,1.0,675.0,191.0,0.0,631.0,203.0,4.0,684.0,189.0,199.0,185.0,163.0,165.0,317.0,
2017-10-26 00:00:00,1.0,671.0,187.0,0.0,698.0,186.0,,,,0.0,674.0,189.0,1.0,667.0,189.0,0.0,635.0,199.0,0.0,684.0,187.0,175.0,171.0,160.0,159.0,290.0,
2017-10-26 01:00:00,1.0,672.0,186.0,0.0,697.0,184.0,,,,0.0,681.0,188.0,1.0,666.0,188.0,0.0,638.0,196.0,0.0,681.0,185.0,163.0,162.0,155.0,156.0,289.0,
2017-10-26 02:00:00,1.0,672.0,185.0,0.0,696.0,184.0,,,,0.0,691.0,188.0,1.0,666.0,188.0,0.0,641.0,194.0,0.0,681.0,184.0,160.0,158.0,155.0,155.0,284.0,
2017-10-26 05:00:00,0.0,675.0,182.0,0.0,697.0,180.0,,,,0.0,697.0,185.0,1.0,659.0,185.0,0.0,649.0,187.0,0.0,683.0,180.0,150.0,148.0,150.0,150.0,286.0,
2017-10-26 06:00:00,20.0,675.0,182.0,0.0,697.0,180.0,12.0,695.0,176.0,0.0,702.0,185.0,1.0,661.0,184.0,1.0,651.0,186.0,0.0,683.0,179.0,146.0,147.0,146.0,148.0,251.0,
2017-10-26 07:00:00,39.0,797.0,187.0,2.0,708.0,181.0,20.0,727.0,178.0,0.0,691.0,185.0,3.0,697.0,184.0,0.0,675.0,189.0,3.0,693.0,180.0,464.0,288.0,139.0,375.0,1050.0,8847.0
2017-10-26 08:00:00,26.0,742.0,194.0,12.0,715.0,184.0,27.0,732.0,182.0,2.0,691.0,190.0,5.0,748.0,188.0,6.0,676.0,199.0,14.0,690.0,190.0,454.0,321.0,151.0,278.0,430.0,1008.0
2017-10-26 09:00:00,32.0,719.0,195.0,20.0,708.0,184.0,16.0,,,5.0,682.0,190.0,7.0,696.0,189.0,11.0,657.0,201.0,21.0,682.0,191.0,282.0,261.0,160.0,181.0,277.0,1232.0
2017-10-26 10:00:00,47.0,672.0,193.0,37.0,702.0,183.0,29.0,706.0,182.0,9.0,675.0,189.0,12.0,683.0,188.0,17.0,642.0,200.0,35.0,676.0,190.0,225.0,224.0,164.0,165.0,257.0,
2017-10-26 11:00:00,36.0,647.0,189.0,50.0,678.0,182.0,34.0,697.0,181.0,7.0,661.0,187.0,10.0,662.0,187.0,13.0,640.0,196.0,35.0,655.0,186.0,185.0,185.0,147.0,158.0,776.0,
2017-10-26 12:00:00,41.0,631.0,185.0,56.0,647.0,179.0,0.0,688.0,180.0,12.0,638.0,185.0,12.0,633.0,183.0,19.0,614.0,190.0,40.0,629.0,182.0,213.0,169.0,142.0,184.0,508.0,784.0
2017-10-26 13:00:00,51.0,656.0,183.0,51.0,653.0,178.0,56.0,645.0,177.0,35.0,637.0,184.0,18.0,656.0,181.0,38.0,657.0,186.0,60.0,644.0,180.0,528.0,186.0,136.0,285.0,710.0,2016.0
2017-10-26 14:00:00,32.0,675.0,183.0,37.0,676.0,178.0,144.0,670.0,178.0,79.0,655.0,184.0,47.0,672.0,183.0,87.0,670.0,187.0,58.0,665.0,179.0,291.0,194.0,156.0,178.0,390.0,
2017-10-26 15:00:00,20.0,673.0,183.0,29.0,686.0,179.0,312.0,677.0,180.0,86.0,663.0,186.0,130.0,671.0,184.0,72.0,668.0,188.0,31.0,675.0,179.0,204.0,177.0,159.0,160.0,361.0,
2017-10-26 16:00:00,6.0,677.0,184.0,5.0,699.0,179.0,10.0,699.0,180.0,2.0,661.0,185.0,5.0,674.0,184.0,5.0,686.0,190.0,8.0,683.0,178.0,247.0,187.0,145.0,156.0,2172.0,6046.0
2017-10-26 17:00:00,15.0,718.0,195.0,0.0,718.0,185.0,17.0,727.0,185.0,0.0,690.0,190.0,3.0,711.0,192.0,4.0,619.0,219.0,3.0,689.0,193.0,479.0,444.0,146.0,237.0,853.0,6047.0
2017-10-26 18:00:00,2.0,709.0,204.0,0.0,709.0,190.0,1.0,737.0,191.0,0.0,700.0,194.0,2.0,714.0,197.0,4.0,633.0,224.0,3.0,672.0,200.0,437.0,364.0,154.0,327.0,2556.0,3244.0
2017-10-26 19:00:00,3.0,706.0,205.0,0.0,790.0,197.0,0.0,759.0,191.0,0.0,740.0,195.0,2.0,755.0,201.0,2.0,647.0,242.0,3.0,694.0,199.0,258.0,258.0,146.0,218.0,1221.0,672.0
2017-10-26 20:00:00,14.0,675.0,199.0,0.0,732.0,195.0,0.0,739.0,188.0,0.0,709.0,195.0,2.0,690.0,200.0,3.0,553.0,232.0,4.0,695.0,197.0,377.0,254.0,145.0,254.0,2102.0,3244.0
2017-10-26 21:00:00,0.0,567.0,202.0,1.0,673.0,193.0,0.0,725.0,189.0,0.0,657.0,195.0,2.0,603.0,199.0,2.0,471.0,232.0,5.0,629.0,201.0,383.0,315.0,152.0,259.0,1414.0,2126.0
2017-10-26 22:00:00,18.0,627.0,203.0,0.0,669.0,193.0,0.0,719.0,188.0,0.0,661.0,195.0,1.0,645.0,199.0,0.0,552.0,228.0,3.0,636.0,200.0,254.0,244.0,143.0,240.0,564.0,1455.0
2017-10-26 23:00:00,0.0,646.0,198.0,0.0,693.0,192.0,0.0,718.0,188.0,0.0,663.0,195.0,0.0,651.0,199.0,0.0,570.0,221.0,0.0,651.0,198.0,253.0,234.0,148.0,203.0,1181.0,1903.0
2017-10-27 00:00:00,0.0,637.0,198.0,0.0,689.0,191.0,0.0,717.0,188.0,0.0,657.0,195.0,0.0,647.0,199.0,0.0,571.0,219.0,0.0,650.0,198.0,315.0,257.0,163.0,172.0,305.0,2128.0
2017-10-27 01:00:00,0.0,619.0,198.0,0.0,682.0,191.0,0.0,718.0,188.0,0.0,655.0,196.0,0.0,635.0,199.0,0.0,567.0,218.0,0.0,643.0,198.0,325.0,270.0,170.0,170.0,246.0,2128.0
2017-10-27 02:00:00,0.0,608.0,199.0,0.0,671.0,191.0,0.0,718.0,188.0,0.0,650.0,197.0,0.0,630.0,199.0,0.0,567.0,216.0,0.0,636.0,198.0,468.0,272.0,173.0,171.0,234.0,1903.0
2017-10-27 03:00:00,0.0,594.0,199.0,0.0,679.0,191.0,0.0,718.0,188.0,0.0,639.0,197.0,0.0,627.0,198.0,0.0,569.0,215.0,0.0,632.0,198.0,491.0,283.0,178.0,174.0,334.0,3135.0
2017-10-27 04:00:00,0.0,554.0,201.0,0.0,672.0,191.0,0.0,719.0,188.0,0.0,637.0,198.0,0.0,617.0,199.0,0.0,569.0,214.0,0.0,621.0,199.0,504.0,297.0,180.0,176.0,279.0,3136.0
2017-10-27 05:00:00,2.0,533.0,202.0,0.0,665.0,192.0,0.0,720.0,189.0,0.0,632.0,199.0,0.0,607.0,199.0,0.0,565.0,213.0,0.0,613.0,199.0,496.0,294.0,178.0,183.0,429.0,3136.0
2017-10-27 06:00:00,14.0,602.0,204.0,0.0,666.0,192.0,2.0,693.0,190.0,0.0,631.0,198.0,1.0,628.0,199.0,3.0,583.0,215.0,6.0,620.0,199.0,477.0,283.0,153.0,282.0,516.0,2128.0
2017-10-27 07:00:00,30.0,768.0,210.0,5.0,721.0,192.0,18.0,731.0,191.0,0.0,651.0,198.0,4.0,671.0,199.0,5.0,611.0,214.0,6.0,637.0,200.0,495.0,268.0,146.0,364.0,505.0,5372.0
2017-10-27 08:00:00,29.0,753.0,207.0,31.0,684.0,191.0,10.0,688.0,190.0,3.0,641.0,197.0,5.0,645.0,198.0,4.0,589.0,213.0,80.0,628.0,199.0,336.0,253.0,171.0,230.0,252.0,
2017-10-27 09:00:00,37.0,708.0,199.0,55.0,675.0,190.0,14.0,673.0,189.0,7.0,623.0,195.0,7.0,630.0,196.0,7.0,589.0,208.0,83.0,628.0,196.0,234.0,209.0,171.0,176.0,232.0,
2017-10-27 10:00:00,50.0,686.0,194.0,28.0,674.0,189.0,17.0,669.0,187.0,7.0,619.0,193.0,7.0,630.0,194.0,11.0,596.0,203.0,34.0,626.0,193.0,191.0,183.0,164.0,163.0,249.0,
2017-10-27 11:00:00,69.0,671.0,191.0,25.0,665.0,187.0,11.0,666.0,186.0,9.0,609.0,191.0,7.0,617.0,192.0,14.0,593.0,199.0,46.0,618.0,190.0,208.0,176.0,145.0,160.0,404.0,4143.0
2017-10-27 12:00:00,78.0,681.0,193.0,32.0,663.0,188.0,14.0,676.0,186.0,11.0,610.0,191.0,9.0,628.0,193.0,24.0,600.0,202.0,88.0,634.0,193.0,442.0,294.0,157.0,163.0,733.0,112.0
2017-10-27 13:00:00,48.0,660.0,193.0,23.0,697.0,189.0,80.0,705.0,188.0,12.0,629.0,192.0,14.0,644.0,195.0,46.0,627.0,211.0,73.0,650.0,194.0,247.0,218.0,144.0,160.0,365.0,224.0
2017-10-27 14:00:00,38.0,636.0,192.0,16.0,675.0,188.0,108.0,683.0,188.0,32.0,603.0,192.0,18.0,620.0,194.0,50.0,593.0,206.0,30.0,643.0,193.0,321.0,208.0,149.0,168.0,337.0,2463.0
2017-10-27 15:00:00,25.0,625.0,193.0,14.0,659.0,188.0,181.0,666.0,188.0,61.0,587.0,192.0,54.0,618.0,195.0,40.0,587.0,204.0,21.0,629.0,193.0,406.0,231.0,156.0,182.0,340.0,1568.0
2017-10-27 16:00:00,8.0,638.0,194.0,2.0,689.0,188.0,15.0,685.0,187.0,3.0,608.0,191.0,5.0,625.0,194.0,6.0,643.0,208.0,8.0,631.0,193.0,294.0,239.0,144.0,278.0,498.0,3691.0
2017-10-27 17:00:00,6.0,640.0,195.0,0.0,742.0,190.0,14.0,756.0,189.0,0.0,662.0,192.0,2.0,663.0,197.0,4.0,654.0,219.0,4.0,653.0,195.0,233.0,232.0,146.0,195.0,464.0,336.0
2017-10-27 18:00:00,16.0,631.0,196.0,0.0,687.0,188.0,0.0,721.0,188.0,0.0,626.0,191.0,2.0,637.0,195.0,2.0,605.0,211.0,4.0,645.0,193.0,433.0,225.0,135.0,218.0,1704.0,3024.0
2017-10-27 19:00:00,3.0,623.0,196.0,0.0,677.0,188.0,0.0,706.0,186.0,0.0,619.0,191.0,2.0,631.0,194.0,0.0,600.0,207.0,4.0,634.0,194.0,403.0,236.0,141.0,186.0,1426.0,1456.0
2017-10-27 20:00:00,0.0,618.0,195.0,0.0,666.0,188.0,0.0,699.0,184.0,0.0,615.0,191.0,2.0,625.0,194.0,0.0,590.0,207.0,4.0,626.0,194.0,435.0,245.0,161.0,169.0,426.0,671.0
2017-10-27 21:00:00,3.0,609.0,195.0,0.0,655.0,188.0,0.0,691.0,184.0,0.0,607.0,191.0,2.0,618.0,194.0,0.0,575.0,207.0,4.0,617.0,194.0,451.0,255.0,168.0,171.0,441.0,3583.0
2017-10-27 22:00:00,8.0,613.0,195.0,0.0,675.0,187.0,0.0,685.0,183.0,0.0,601.0,191.0,1.0,617.0,194.0,0.0,577.0,206.0,2.0,605.0,195.0,486.0,252.0,148.0,324.0,378.0,784.0
2017-10-27 23:00:00,0.0,608.0,193.0,0.0,696.0,186.0,0.0,681.0,182.0,,,,1.0,617.0,192.0,0.0,584.0,203.0,0.0,614.0,192.0,340.0,220.0,165.0,207.0,266.0,
2017-10-28 00:00:00,0.0,606.0,189.0,0.0,711.0,185.0,0.0,680.0,181.0,,,,1.0,615.0,191.0,0.0,589.0,200.0,0.0,620.0,189.0,225.0,192.0,163.0,167.0,256.0,
2017-10-28 01:00:00,0.0,611.0,186.0,0.0,724.0,185.0,0.0,680.0,179.0,0.0,574.0,186.0,1.0,615.0,189.0,0.0,593.0,196.0,0.0,623.0,186.0,181.0,171.0,156.0,157.0,233.0,
2017-10-28 02:00:00,0.0,611.0,184.0,0.0,727.0,184.0,0.0,680.0,178.0,0.0,,,1.0,616.0,188.0,0.0,599.0,193.0,0.0,625.0,185.0,165.0,162.0,154.0,153.0,272.0,
2017-10-28 03:00:00,0.0,618.0,183.0,0.0,734.0,184.0,0.0,682.0,177.0,,,,1.0,622.0,187.0,0.0,609.0,191.0,0.0,631.0,183.0,156.0,154.0,150.0,151.0,370.0,
2017-10-28 04:00:00,0.0,629.0,183.0,0.0,738.0,183.0,0.0,684.0,176.0,,,,1.0,627.0,186.0,0.0,615.0,190.0,0.0,636.0,182.0,150.0,150.0,150.0,149.0,312.0,
2017-10-28 05:00:00,9.0,710.0,184.0,0.0,738.0,183.0,0.0,688.0,175.0,0.0,632.0,183.0,1.0,637.0,185.0,0.0,626.0,188.0,0.0,644.0,181.0,183.0,149.0,142.0,198.0,412.0,1455.0
2017-10-28 06:00:00,36.0,695.0,185.0,0.0,716.0,182.0,0.0,695.0,175.0,0.0,642.0,182.0,3.0,662.0,185.0,3.0,657.0,187.0,0.0,661.0,180.0,288.0,176.0,144.0,252.0,344.0,5151.0
2017-10-28 07:00:00,4.0,684.0,189.0,0.0,706.0,185.0,13.0,702.0,179.0,0.0,658.0,185.0,1.0,675.0,188.0,1.0,636.0,203.0,8.0,661.0,189.0,447.0,395.0,156.0,201.0,431.0,5152.0
2017-10-28 08:00:00,32.0,939.0,202.0,4.0,702.0,186.0,21.0,701.0,182.0,0.0,657.0,187.0,2.0,672.0,190.0,2.0,625.0,206.0,8.0,653.0,192.0,447.0,301.0,139.0,289.0,488.0,5152.0
2017-10-28 09:00:00,11.0,697.0,195.0,9.0,708.0,185.0,9.0,711.0,182.0,2.0,661.0,186.0,3.0,680.0,189.0,2.0,636.0,202.0,13.0,657.0,190.0,225.0,225.0,150.0,190.0,257.0,
2017-10-28 10:00:00,19.0,672.0,190.0,16.0,699.0,183.0,13.0,699.0,180.0,4.0,658.0,184.0,5.0,668.0,187.0,5.0,636.0,197.0,20.0,660.0,186.0,183.0,184.0,155.0,161.0,296.0,
2017-10-28 11:00:00,34.0,689.0,189.0,23.0,700.0,185.0,1.0,699.0,181.0,6.0,671.0,184.0,5.0,683.0,188.0,10.0,660.0,201.0,30.0,664.0,188.0,403.0,340.0,152.0,213.0,373.0,7278.0
2017-10-28 12:00:00,23.0,684.0,196.0,17.0,694.0,192.0,1.0,696.0,186.0,4.0,667.0,190.0,4.0,669.0,194.0,7.0,632.0,211.0,22.0,649.0,201.0,458.0,417.0,164.0,188.0,514.0,4816.0
2017-10-28 13:00:00,15.0,662.0,201.0,12.0,689.0,192.0,23.0,702.0,187.0,4.0,658.0,191.0,4.0,668.0,195.0,4.0,622.0,210.0,16.0,637.0,202.0,304.0,308.0,150.0,218.0,1221.0,
2017-10-28 14:00:00,22.0,654.0,198.0,19.0,688.0,190.0,31.0,711.0,187.0,6.0,656.0,190.0,6.0,668.0,192.0,7.0,630.0,205.0,21.0,642.0,197.0,220.0,224.0,138.0,185.0,1565.0,
2017-10-28 15:00:00,13.0,668.0,194.0,8.0,708.0,188.0,23.0,729.0,186.0,2.0,659.0,188.0,2.0,670.0,191.0,1.0,639.0,200.0,11.0,649.0,193.0,182.0,185.0,140.0,166.0,759.0,
2017-10-28 16:00:00,16.0,677.0,192.0,0.0,713.0,188.0,3.0,722.0,186.0,0.0,662.0,187.0,3.0,675.0,191.0,4.0,666.0,201.0,11.0,666.0,192.0,165.0,167.0,147.0,157.0,2651.0,224.0
2017-10-28 17:00:00,35.0,829.0,194.0,0.0,743.0,190.0,13.0,752.0,188.0,0.0,696.0,187.0,3.0,713.0,195.0,2.0,639.0,218.0,5.0,697.0,191.0,455.0,197.0,137.0,327.0,1252.0,6264.0
2017-10-28 18:00:00,36.0,774.0,198.0,1.0,737.0,192.0,1.0,744.0,189.0,0.0,714.0,190.0,2.0,716.0,197.0,2.0,634.0,219.0,5.0,706.0,195.0,342.0,275.0,134.0,267.0,2190.0,6607.0
2017-10-28 19:00:00,42.0,921.0,205.0,0.0,753.0,196.0,0.0,737.0,188.0,0.0,723.0,193.0,1.0,725.0,199.0,0.0,642.0,229.0,6.0,703.0,197.0,509.0,238.0,138.0,320.0,2226.0,8062.0
2017-10-28 20:00:00,18.0,921.0,208.0,0.0,749.0,196.0,0.0,730.0,186.0,0.0,708.0,194.0,1.0,711.0,199.0,0.0,608.0,225.0,6.0,706.0,196.0,403.0,234.0,155.0,259.0,396.0,1232.0
2017-10-28 21:00:00,1.0,817.0,204.0,0.0,781.0,195.0,0.0,721.0,185.0,0.0,698.0,192.0,1.0,731.0,199.0,0.0,634.0,219.0,7.0,709.0,196.0,274.0,214.0,169.0,192.0,357.0,
2017-10-28 22:00:00,1.0,779.0,201.0,0.0,782.0,194.0,0.0,717.0,184.0,0.0,687.0,191.0,1.0,721.0,199.0,0.0,639.0,212.0,7.0,710.0,195.0,204.0,188.0,165.0,167.0,358.0,
2017-10-28 23:00:00,1.0,755.0,199.0,0.0,774.0,193.0,0.0,713.0,183.0,0.0,684.0,191.0,1.0,721.0,199.0,0.0,644.0,208.0,7.0,711.0,194.0,179.0,173.0,161.0,161.0,411.0,
2017-10-29 00:00:00,2.0,754.0,197.0,0.0,757.0,192.0,0.0,711.0,183.0,0.0,681.0,190.0,1.0,702.0,197.0,0.0,649.0,204.0,3.0,709.0,193.0,165.0,163.0,148.0,156.0,877.0,
2017-10-29 01:00:00,0.0,766.0,196.0,0.0,728.0,190.0,0.0,708.0,182.0,0.0,683.0,190.0,1.0,690.0,196.0,0.0,650.0,201.0,0.0,703.0,191.0,158.0,158.0,139.0,154.0,929.0,
2017-10-29 02:00:00,0.0,741.0,193.0,0.0,714.0,189.0,0.0,705.0,181.0,0.0,690.0,190.0,1.0,682.0,195.0,0.0,651.0,200.0,0.0,697.0,190.0,155.0,154.0,148.0,153.0,244.0,
2017-10-29 03:00:00,0.0,721.0,191.0,0.0,704.0,188.0,0.0,705.0,180.0,0.0,699.0,190.0,1.0,671.0,194.0,0.0,643.0,199.0,0.0,691.0,188.0,152.0,152.0,150.0,153.0,319.0,
2017-10-29 04:00:00,0.0,712.0,190.0,0.0,698.0,187.0,0.0,704.0,179.0,0.0,700.0,189.0,1.0,651.0,193.0,0.0,634.0,197.0,0.0,682.0,187.0,150.0,150.0,150.0,151.0,266.0,
2017-10-29 05:00:00,0.0,674.0,188.0,0.0,695.0,186.0,0.0,705.0,179.0,0.0,699.0,188.0,1.0,634.0,192.0,0.0,624.0,194.0,0.0,670.0,185.0,150.0,148.0,150.0,149.0,280.0,
2017-10-29 06:00:00,3.0,661.0,186.0,0.0,689.0,184.0,0.0,698.0,178.0,0.0,697.0,187.0,1.0,631.0,190.0,0.0,625.0,192.0,1.0,664.0,184.0,149.0,148.0,150.0,149.0,277.0,
2017-10-29 07:00:00,6.0,672.0,187.0,4.0,681.0,185.0,1.0,683.0,180.0,0.0,705.0,188.0,1.0,633.0,191.0,0.0,622.0,196.0,7.0,661.0,187.0,357.0,314.0,155.0,163.0,288.0,5487.0
2017-10-29 08:00:00,17.0,666.0,190.0,16.0,674.0,186.0,6.0,682.0,182.0,0.0,700.0,190.0,5.0,636.0,192.0,8.0,616.0,201.0,7.0,654.0,191.0,442.0,360.0,146.0,232.0,1008.0,6942.0
2017-10-29 09:00:00,49.0,668.0,194.0,55.0,681.0,190.0,14.0,680.0,185.0,0.0,695.0,194.0,6.0,640.0,195.0,10.0,599.0,208.0,9.0,644.0,198.0,498.0,338.0,146.0,251.0,451.0,3024.0
2017-10-29 10:00:00,79.0,812.0,202.0,38.0,719.0,191.0,22.0,706.0,186.0,2.0,691.0,195.0,6.0,686.0,195.0,11.0,603.0,207.0,16.0,644.0,198.0,413.0,280.0,141.0,339.0,503.0,6495.0
2017-10-29 11:00:00,41.0,667.0,204.0,31.0,698.0,190.0,23.0,706.0,186.0,6.0,658.0,194.0,9.0,684.0,194.0,12.0,661.0,205.0,27.0,639.0,199.0,439.0,283.0,147.0,233.0,1055.0,1568.0
2017-10-29 12:00:00,47.0,628.0,198.0,34.0,682.0,188.0,37.0,686.0,185.0,11.0,640.0,192.0,12.0,653.0,193.0,17.0,652.0,200.0,35.0,622.0,195.0,268.0,228.0,152.0,175.0,300.0,
2017-10-29 13:00:00,40.0,632.0,193.0,26.0,688.0,187.0,14.0,679.0,184.0,11.0,618.0,191.0,11.0,636.0,191.0,19.0,644.0,197.0,47.0,620.0,191.0,203.0,192.0,157.0,164.0,970.0,
2017-10-29 14:00:00,47.0,684.0,190.0,26.0,689.0,186.0,0.0,689.0,183.0,65.0,610.0,190.0,31.0,637.0,190.0,46.0,653.0,195.0,70.0,624.0,189.0,421.0,181.0,133.0,378.0,522.0,4032.0
2017-10-29 15:00:00,25.0,735.0,190.0,24.0,692.0,186.0,75.0,695.0,183.0,75.0,617.0,190.0,117.0,651.0,191.0,34.0,667.0,196.0,20.0,641.0,188.0,485.0,192.0,136.0,302.0,392.0,2352.0
2017-10-29 16:00:00,18.0,686.0,190.0,10.0,695.0,185.0,6.0,696.0,183.0,1.0,594.0,189.0,4.0,636.0,191.0,4.0,640.0,197.0,7.0,648.0,187.0,549.0,216.0,138.0,311.0,1885.0,896.0
2017-10-29 17:00:00,1.0,635.0,189.0,7.0,686.0,184.0,4.0,681.0,183.0,0.0,600.0,188.0,1.0,622.0,191.0,0.0,621.0,197.0,6.0,642.0,188.0,418.0,281.0,144.0,196.0,1434.0,6938.0
2017-10-29 18:00:00,12.0,686.0,195.0,7.0,713.0,188.0,4.0,723.0,186.0,0.0,648.0,191.0,3.0,690.0,195.0,4.0,645.0,214.0,4.0,630.0,200.0,430.0,341.0,151.0,255.0,514.0,560.0
2017-10-29 19:00:00,4.0,695.0,196.0,7.0,728.0,187.0,0.0,730.0,186.0,0.0,653.0,192.0,2.0,686.0,195.0,4.0,684.0,231.0,5.0,642.0,198.0,357.0,278.0,146.0,208.0,796.0,3248.0
2017-10-29 20:00:00,8.0,700.0,196.0,2.0,701.0,187.0,0.0,717.0,185.0,0.0,652.0,193.0,1.0,667.0,195.0,0.0,578.0,225.0,1.0,636.0,196.0,476.0,252.0,139.0,286.0,1932.0,2576.0
2017-10-29 21:00:00,5.0,686.0,195.0,0.0,695.0,186.0,0.0,714.0,184.0,0.0,658.0,193.0,1.0,659.0,194.0,0.0,596.0,215.0,0.0,636.0,194.0,370.0,236.0,147.0,211.0,738.0,
2017-10-29 22:00:00,0.0,668.0,192.0,0.0,691.0,185.0,0.0,710.0,182.0,0.0,655.0,191.0,1.0,642.0,192.0,0.0,595.0,208.0,0.0,635.0,190.0,237.0,202.0,158.0,178.0,255.0,
2017-10-29 23:00:00,0.0,645.0,188.0,0.0,702.0,183.0,0.0,707.0,181.0,0.0,663.0,191.0,1.0,631.0,190.0,0.0,594.0,202.0,0.0,632.0,186.0,188.0,178.0,158.0,160.0,248.0,
2017-10-30 00:00:00,0.0,629.0,185.0,0.0,710.0,181.0,0.0,705.0,180.0,0.0,673.0,190.0,1.0,621.0,188.0,0.0,595.0,198.0,0.0,628.0,184.0,167.0,164.0,155.0,154.0,239.0,
2017-10-30 01:00:00,0.0,620.0,183.0,0.0,707.0,180.0,0.0,705.0,179.0,0.0,671.0,189.0,1.0,613.0,186.0,0.0,594.0,194.0,0.0,626.0,181.0,157.0,156.0,150.0,150.0,216.0,
2017-10-30 02:00:00,0.0,610.0,180.0,0.0,709.0,178.0,0.0,704.0,178.0,0.0,674.0,187.0,1.0,603.0,184.0,0.0,590.0,191.0,0.0,621.0,179.0,151.0,151.0,150.0,148.0,225.0,
2017-10-30 03:00:00,0.0,602.0,178.0,0.0,709.0,176.0,0.0,702.0,177.0,0.0,675.0,186.0,1.0,595.0,182.0,0.0,587.0,188.0,0.0,617.0,177.0,148.0,147.0,145.0,146.0,345.0,
2017-10-30 04:00:00,0.0,597.0,178.0,0.0,707.0,175.0,0.0,701.0,175.0,0.0,670.0,185.0,1.0,590.0,181.0,0.0,583.0,186.0,0.0,613.0,175.0,145.0,144.0,145.0,144.0,319.0,
2017-10-30 05:00:00,0.0,592.0,178.0,0.0,705.0,173.0,0.0,700.0,174.0,0.0,670.0,183.0,1.0,584.0,179.0,0.0,579.0,184.0,0.0,610.0,173.0,143.0,142.0,144.0,143.0,297.0,
2017-10-30 06:00:00,18.0,676.0,179.0,0.0,694.0,172.0,7.0,692.0,173.0,0.0,666.0,182.0,1.0,592.0,178.0,0.0,585.0,182.0,0.0,610.0,172.0,151.0,140.0,136.0,215.0,308.0,6047.0
2017-10-30 07:00:00,7.0,896.0,189.0,3.0,698.0,177.0,12.0,694.0,176.0,0.0,649.0,184.0,2.0,653.0,181.0,1.0,625.0,191.0,1.0,610.0,186.0,561.0,433.0,144.0,299.0,388.0,11422.0
2017-10-30 08:00:00,22.0,702.0,195.0,8.0,695.0,182.0,5.0,682.0,181.0,2.0,645.0,188.0,4.0,668.0,185.0,3.0,617.0,201.0,5.0,593.0,196.0,492.0,388.0,150.0,280.0,337.0,5710.0
2017-10-30 09:00:00,17.0,625.0,196.0,11.0,683.0,180.0,8.0,674.0,180.0,3.0,637.0,187.0,4.0,659.0,185.0,4.0,605.0,201.0,10.0,611.0,190.0,307.0,267.0,164.0,214.0,245.0,
2017-10-30 10:00:00,23.0,612.0,187.0,14.0,684.0,177.0,13.0,658.0,177.0,5.0,619.0,183.0,6.0,632.0,182.0,6.0,590.0,195.0,13.0,619.0,182.0,212.0,204.0,158.0,162.0,247.0,
2017-10-30 11:00:00,31.0,616.0,181.0,19.0,695.0,175.0,18.0,652.0,175.0,7.0,615.0,181.0,7.0,623.0,180.0,9.0,592.0,190.0,18.0,621.0,178.0,176.0,175.0,152.0,151.0,229.0,
2017-10-30 12:00:00,33.0,624.0,177.0,21.0,696.0,173.0,20.0,653.0,174.0,7.0,607.0,178.0,8.0,621.0,178.0,10.0,599.0,186.0,19.0,626.0,175.0,156.0,157.0,146.0,145.0,226.0,
2017-10-30 13:00:00,42.0,627.0,174.0,31.0,700.0,172.0,40.0,655.0,173.0,18.0,598.0,177.0,11.0,616.0,177.0,21.0,602.0,183.0,34.0,628.0,173.0,147.0,149.0,144.0,143.0,207.0,
2017-10-30 14:00:00,12.0,628.0,172.0,7.0,704.0,170.0,4.0,653.0,171.0,1.0,592.0,175.0,3.0,611.0,176.0,2.0,604.0,180.0,6.0,628.0,171.0,141.0,143.0,140.0,140.0,288.0,
2017-10-30 15:00:00,9.0,633.0,171.0,4.0,703.0,169.0,32.0,653.0,170.0,8.0,594.0,173.0,12.0,612.0,175.0,4.0,609.0,178.0,4.0,630.0,169.0,140.0,139.0,140.0,139.0,358.0,
2017-10-30 16:00:00,2.0,632.0,170.0,0.0,702.0,168.0,0.0,654.0,169.0,0.0,594.0,172.0,1.0,608.0,174.0,0.0,611.0,177.0,0.0,634.0,168.0,135.0,137.0,138.0,138.0,285.0,
2017-10-30 17:00:00,1.0,629.0,169.0,0.0,703.0,167.0,0.0,653.0,168.0,0.0,595.0,170.0,1.0,608.0,173.0,0.0,611.0,175.0,0.0,635.0,167.0,135.0,135.0,135.0,138.0,299.0,336.0
2017-10-30 18:00:00,29.0,620.0,181.0,0.0,690.0,172.0,13.0,658.0,171.0,0.0,609.0,173.0,2.0,622.0,176.0,1.0,607.0,183.0,5.0,630.0,176.0,523.0,430.0,140.0,180.0,416.0,12767.0
2017-10-30 19:00:00,5.0,610.0,196.0,0.0,692.0,180.0,0.0,667.0,177.0,0.0,624.0,180.0,1.0,695.0,182.0,1.0,658.0,205.0,4.0,618.0,190.0,546.0,436.0,145.0,244.0,428.0,5710.0
2017-10-30 20:00:00,9.0,673.0,204.0,0.0,703.0,183.0,0.0,670.0,179.0,0.0,627.0,184.0,1.0,703.0,184.0,1.0,634.0,202.0,5.0,641.0,193.0,498.0,383.0,138.0,294.0,584.0,10416.0
2017-10-30 21:00:00,38.0,768.0,206.0,0.0,731.0,183.0,0.0,671.0,180.0,0.0,627.0,189.0,1.0,729.0,185.0,1.0,682.0,201.0,3.0,659.0,196.0,481.0,357.0,134.0,313.0,1373.0,6607.0
2017-10-30 22:00:00,22.0,894.0,210.0,0.0,722.0,182.0,0.0,678.0,180.0,0.0,613.0,191.0,1.0,683.0,185.0,0.0,666.0,199.0,3.0,633.0,197.0,480.0,330.0,142.0,289.0,759.0,5376.0
2017-10-30 23:00:00,0.0,752.0,201.0,0.0,723.0,181.0,0.0,686.0,179.0,0.0,626.0,187.0,2.0,687.0,185.0,3.0,649.0,198.0,5.0,642.0,193.0,319.0,260.0,159.0,179.0,357.0,
2017-10-31 00:00:00,5.0,744.0,194.0,0.0,739.0,179.0,0.0,684.0,177.0,0.0,625.0,184.0,1.0,686.0,185.0,0.0,657.0,194.0,6.0,655.0,187.0,406.0,215.0,149.0,253.0,342.0,1120.0
2017-10-31 01:00:00,2.0,708.0,187.0,0.0,732.0,178.0,0.0,685.0,175.0,0.0,623.0,182.0,1.0,690.0,183.0,0.0,666.0,190.0,1.0,663.0,183.0,269.0,197.0,154.0,180.0,259.0,
2017-10-31 02:00:00,0.0,716.0,183.0,0.0,732.0,177.0,0.0,686.0,174.0,0.0,630.0,181.0,1.0,677.0,182.0,0.0,661.0,187.0,0.0,666.0,180.0,194.0,173.0,145.0,166.0,237.0,
2017-10-31 03:00:00,0.0,717.0,180.0,0.0,734.0,175.0,0.0,687.0,173.0,0.0,642.0,180.0,1.0,672.0,181.0,0.0,661.0,185.0,0.0,670.0,178.0,165.0,159.0,147.0,150.0,333.0,
2017-10-31 04:00:00,1.0,709.0,179.0,0.0,734.0,175.0,0.0,692.0,173.0,0.0,650.0,179.0,1.0,672.0,181.0,0.0,664.0,183.0,0.0,674.0,177.0,152.0,150.0,145.0,145.0,288.0,
2017-10-31 05:00:00,0.0,697.0,178.0,0.0,734.0,174.0,0.0,692.0,172.0,0.0,649.0,179.0,1.0,675.0,180.0,0.0,668.0,181.0,0.0,676.0,175.0,145.0,145.0,143.0,143.0,293.0,
2017-10-31 06:00:00,1.0,696.0,177.0,0.0,735.0,173.0,0.0,691.0,171.0,0.0,652.0,178.0,1.0,674.0,179.0,0.0,670.0,180.0,0.0,679.0,174.0,140.0,141.0,140.0,141.0,231.0,
2017-10-31 07:00:00,17.0,705.0,176.0,0.0,747.0,172.0,0.0,699.0,170.0,0.0,661.0,177.0,2.0,679.0,178.0,2.0,727.0,182.0,0.0,683.0,173.0,140.0,139.0,130.0,168.0,422.0,336.0
2017-10-31 08:00:00,34.0,712.0,175.0,3.0,746.0,172.0,2.0,717.0,171.0,1.0,662.0,176.0,4.0,689.0,177.0,4.0,709.0,183.0,5.0,695.0,172.0,140.0,140.0,126.0,174.0,310.0,
2017-10-31 09:00:00,7.0,706.0,174.0,2.0,743.0,171.0,2.0,710.0,170.0,1.0,661.0,174.0,2.0,680.0,176.0,1.0,684.0,179.0,4.0,695.0,171.0,140.0,138.0,133.0,148.0,217.0,
2017-10-31 10:00:00,37.0,705.0,173.0,20.0,744.0,170.0,21.0,708.0,170.0,11.0,666.0,173.0,9.0,683.0,175.0,14.0,685.0,177.0,30.0,693.0,170.0,135.0,138.0,139.0,140.0,248.0,
2017-10-31 11:00:00,42.0,706.0,172.0,24.0,747.0,170.0,23.0,709.0,170.0,13.0,670.0,172.0,10.0,684.0,175.0,16.0,684.0,176.0,34.0,694.0,169.0,135.0,136.0,139.0,139.0,267.0,
2017-10-31 12:00:00,44.0,707.0,172.0,23.0,751.0,170.0,34.0,709.0,169.0,21.0,675.0,172.0,12.0,685.0,174.0,21.0,685.0,176.0,44.0,695.0,169.0,135.0,135.0,139.0,138.0,243.0,
2017-10-31 13:00:00,35.0,710.0,172.0,19.0,748.0,169.0,28.0,709.0,169.0,18.0,680.0,172.0,11.0,688.0,174.0,19.0,688.0,175.0,36.0,697.0,169.0,135.0,135.0,138.0,138.0,248.0,
2017-10-31 14:00:00,19.0,712.0,171.0,10.0,750.0,169.0,13.0,711.0,169.0,6.0,683.0,171.0,6.0,689.0,173.0,7.0,689.0,174.0,16.0,699.0,168.0,135.0,135.0,137.0,138.0,356.0,
2017-10-31 15:00:00,11.0,713.0,171.0,5.0,749.0,168.0,15.0,712.0,168.0,5.0,688.0,171.0,7.0,688.0,173.0,4.0,691.0,174.0,9.0,702.0,167.0,135.0,135.0,135.0,138.0,339.0,
2017-10-31 16:00:00,1.0,711.0,172.0,0.0,746.0,168.0,0.0,714.0,168.0,0.0,692.0,170.0,1.0,689.0,173.0,0.0,693.0,173.0,0.0,705.0,167.0,135.0,135.0,135.0,138.0,317.0,
2017-10-31 17:00:00,1.0,710.0,172.0,0.0,745.0,168.0,0.0,717.0,167.0,0.0,697.0,169.0,1.0,693.0,172.0,0.0,695.0,173.0,0.0,708.0,166.0,135.0,135.0,135.0,138.0,304.0,
2017-10-31 18:00:00,57.0,796.0,173.0,1.0,794.0,168.0,20.0,779.0,168.0,0.0,711.0,169.0,4.0,733.0,173.0,3.0,783.0,178.0,4.0,726.0,166.0,435.0,159.0,129.0,271.0,1553.0,6045.0
2017-10-31 19:00:00,26.0,798.0,181.0,1.0,817.0,172.0,1.0,802.0,172.0,0.0,759.0,172.0,2.0,772.0,177.0,1.0,725.0,193.0,3.0,753.0,178.0,491.0,385.0,137.0,275.0,1492.0,8847.0
2017-10-31 20:00:00,2.0,748.0,186.0,0.0,785.0,175.0,0.0,778.0,173.0,0.0,750.0,174.0,1.0,746.0,182.0,0.0,662.0,205.0,5.0,726.0,183.0,365.0,274.0,144.0,226.0,350.0,
2017-10-31 21:00:00,27.0,738.0,190.0,0.0,772.0,177.0,0.0,764.0,176.0,0.0,731.0,177.0,2.0,731.0,183.0,0.0,657.0,205.0,4.0,735.0,186.0,522.0,452.0,149.0,251.0,677.0,5480.0
2017-10-31 22:00:00,31.0,879.0,202.0,1.0,803.0,182.0,0.0,754.0,179.0,0.0,720.0,186.0,2.0,785.0,187.0,1.0,687.0,213.0,2.0,724.0,190.0,458.0,347.0,137.0,341.0,1754.0,4478.0
2017-10-31 23:00:00,0.0,754.0,196.0,0.0,796.0,181.0,0.0,780.0,179.0,0.0,706.0,184.0,1.0,767.0,185.0,0.0,677.0,205.0,0.0,737.0,186.0,333.0,249.0,154.0,212.0,276.0,
2017-11-01 00:00:00,1.0,727.0,190.0,0.0,772.0,179.0,0.0,776.0,179.0,0.0,704.0,182.0,2.0,741.0,185.0,0.0,679.0,199.0,0.0,737.0,183.0,222.0,202.0,159.0,168.0,277.0,
2017-11-01 01:00:00,1.0,716.0,186.0,0.0,758.0,178.0,0.0,772.0,178.0,0.0,695.0,180.0,2.0,719.0,184.0,0.0,678.0,194.0,0.0,730.0,180.0,181.0,176.0,155.0,156.0,276.0,
2017-11-01 02:00:00,1.0,715.0,183.0,0.0,750.0,177.0,0.0,771.0,178.0,0.0,693.0,179.0,2.0,707.0,183.0,0.0,678.0,190.0,0.0,726.0,179.0,163.0,162.0,152.0,152.0,276.0,
2017-11-01 03:00:00,1.0,717.0,181.0,0.0,744.0,176.0,0.0,771.0,177.0,0.0,690.0,178.0,2.0,700.0,183.0,0.0,677.0,188.0,0.0,722.0,178.0,155.0,154.0,150.0,149.0,394.0,
2017-11-01 04:00:00,1.0,716.0,181.0,0.0,739.0,176.0,0.0,772.0,177.0,0.0,686.0,178.0,2.0,694.0,183.0,0.0,678.0,186.0,0.0,720.0,177.0,150.0,150.0,149.0,148.0,373.0,
2017-11-01 05:00:00,1.0,712.0,180.0,0.0,735.0,175.0,0.0,775.0,177.0,0.0,684.0,177.0,2.0,691.0,182.0,0.0,678.0,185.0,0.0,717.0,176.0,146.0,147.0,145.0,147.0,396.0,
2017-11-01 06:00:00,0.0,710.0,180.0,0.0,734.0,175.0,0.0,773.0,176.0,0.0,683.0,176.0,1.0,689.0,182.0,0.0,679.0,184.0,0.0,717.0,175.0,145.0,145.0,145.0,145.0,280.0,
2017-11-01 07:00:00,13.0,699.0,179.0,0.0,732.0,174.0,4.0,760.0,175.0,0.0,688.0,176.0,2.0,680.0,180.0,3.0,676.0,182.0,0.0,715.0,174.0,165.0,145.0,132.0,220.0,431.0,896.0
2017-11-01 08:00:00,26.0,800.0,180.0,5.0,756.0,175.0,5.0,752.0,175.0,2.0,694.0,176.0,4.0,706.0,180.0,3.0,705.0,183.0,5.0,718.0,174.0,515.0,175.0,134.0,317.0,349.0,1344.0
2017-11-01 09:00:00,22.0,703.0,177.0,23.0,748.0,174.0,11.0,718.0,173.0,6.0,689.0,175.0,7.0,685.0,179.0,7.0,685.0,182.0,26.0,713.0,174.0,257.0,185.0,150.0,182.0,254.0,
2017-11-01 10:00:00,30.0,696.0,176.0,33.0,745.0,174.0,17.0,709.0,172.0,10.0,685.0,174.0,9.0,679.0,178.0,10.0,679.0,181.0,35.0,705.0,173.0,192.0,170.0,152.0,157.0,236.0,
2017-11-01 11:00:00,22.0,695.0,175.0,19.0,746.0,173.0,10.0,707.0,172.0,5.0,685.0,173.0,6.0,677.0,177.0,6.0,678.0,180.0,20.0,703.0,172.0,166.0,159.0,150.0,150.0,211.0,
2017-11-01 12:00:00,19.0,694.0,174.0,14.0,744.0,172.0,9.0,705.0,171.0,4.0,685.0,172.0,5.0,676.0,176.0,5.0,676.0,179.0,15.0,701.0,171.0,155.0,152.0,148.0,148.0,225.0,
2017-11-01 13:00:00,14.0,703.0,174.0,10.0,735.0,172.0,6.0,705.0,171.0,3.0,686.0,172.0,4.0,680.0,176.0,5.0,682.0,178.0,11.0,702.0,171.0,150.0,148.0,141.0,176.0,410.0,448.0
2017-11-01 14:00:00,13.0,708.0,174.0,9.0,739.0,171.0,6.0,711.0,170.0,3.0,692.0,172.0,4.0,697.0,176.0,4.0,704.0,178.0,10.0,724.0,170.0,151.0,151.0,146.0,215.0,360.0,
2017-11-01 15:00:00,8.0,703.0,174.0,5.0,740.0,171.0,6.0,711.0,170.0,3.0,693.0,171.0,3.0,694.0,175.0,2.0,703.0,177.0,7.0,715.0,169.0,150.0,151.0,150.0,160.0,300.0,
2017-11-01 16:00:00,2.0,695.0,174.0,0.0,739.0,170.0,0.0,707.0,169.0,0.0,689.0,171.0,1.0,684.0,175.0,0.0,690.0,176.0,0.0,708.0,168.0,150.0,149.0,147.0,149.0,337.0,
2017-11-01 17:00:00,2.0,689.0,173.0,0.0,737.0,169.0,0.0,704.0,168.0,0.0,686.0,170.0,1.0,679.0,174.0,0.0,684.0,175.0,0.0,705.0,168.0,145.0,146.0,145.0,145.0,297.0,
2017-11-01 18:00:00,2.0,705.0,173.0,0.0,768.0,170.0,9.0,759.0,169.0,0.0,694.0,170.0,1.0,695.0,174.0,1.0,774.0,182.0,4.0,719.0,168.0,260.0,189.0,138.0,149.0,333.0,7503.0
2017-11-01 19:00:00,1.0,727.0,182.0,0.0,762.0,174.0,0.0,756.0,174.0,0.0,721.0,176.0,1.0,729.0,180.0,2.0,718.0,196.0,4.0,710.0,180.0,547.0,480.0,145.0,157.0,1798.0,7164.0
2017-11-01 20:00:00,1.0,741.0,195.0,0.0,803.0,183.0,0.0,738.0,181.0,0.0,758.0,186.0,1.0,790.0,189.0,0.0,687.0,227.0,5.0,724.0,193.0,467.0,428.0,158.0,167.0,430.0,4928.0
2017-11-01 21:00:00,1.0,694.0,200.0,0.0,762.0,185.0,0.0,730.0,184.0,0.0,716.0,190.0,2.0,746.0,189.0,2.0,682.0,213.0,6.0,706.0,201.0,440.0,408.0,174.0,172.0,1579.0,4364.0
2017-11-01 22:00:00,48.0,823.0,204.0,0.0,783.0,188.0,0.0,734.0,184.0,0.0,732.0,193.0,3.0,783.0,192.0,2.0,686.0,220.0,0.0,698.0,201.0,445.0,335.0,138.0,343.0,2583.0,7054.0
2017-11-01 23:00:00,51.0,992.0,212.0,0.0,772.0,189.0,0.0,736.0,182.0,0.0,713.0,190.0,2.0,773.0,192.0,0.0,658.0,216.0,0.0,709.0,195.0,307.0,244.0,155.0,210.0,506.0,
2017-11-02 00:00:00,33.0,982.0,213.0,0.0,783.0,188.0,0.0,737.0,181.0,0.0,714.0,188.0,1.0,757.0,191.0,0.0,669.0,208.0,1.0,712.0,191.0,222.0,204.0,155.0,166.0,282.0,
2017-11-02 01:00:00,2.0,792.0,201.0,0.0,791.0,187.0,0.0,738.0,180.0,0.0,714.0,186.0,1.0,747.0,190.0,0.0,688.0,201.0,0.0,719.0,189.0,182.0,178.0,159.0,158.0,226.0,
2017-11-02 02:00:00,1.0,736.0,193.0,0.0,758.0,185.0,0.0,732.0,179.0,0.0,713.0,186.0,1.0,724.0,189.0,0.0,680.0,197.0,0.0,712.0,187.0,167.0,166.0,155.0,155.0,251.0,
2017-11-02 03:00:00,1.0,736.0,188.0,0.0,740.0,183.0,0.0,728.0,178.0,0.0,724.0,186.0,1.0,700.0,189.0,0.0,671.0,193.0,0.0,705.0,185.0,157.0,157.0,152.0,152.0,392.0,
2017-11-02 04:00:00,0.0,728.0,185.0,0.0,732.0,182.0,0.0,727.0,177.0,0.0,726.0,185.0,1.0,683.0,188.0,0.0,669.0,191.0,0.0,700.0,183.0,152.0,152.0,150.0,150.0,298.0,
2017-11-02 05:00:00,1.0,720.0,183.0,0.0,726.0,181.0,0.0,726.0,177.0,0.0,727.0,184.0,1.0,682.0,186.0,0.0,673.0,188.0,0.0,696.0,182.0,150.0,149.0,150.0,148.0,323.0,
2017-11-02 06:00:00,1.0,712.0,182.0,0.0,723.0,180.0,0.0,726.0,176.0,0.0,720.0,184.0,1.0,680.0,185.0,0.0,673.0,186.0,0.0,692.0,180.0,146.0,147.0,145.0,147.0,229.0,
2017-11-02 07:00:00,7.0,703.0,179.0,0.0,718.0,178.0,0.0,725.0,175.0,0.0,725.0,183.0,1.0,674.0,183.0,0.0,672.0,184.0,0.0,684.0,179.0,145.0,144.0,145.0,145.0,255.0,
2017-11-02 08:00:00,35.0,855.0,183.0,6.0,708.0,177.0,20.0,709.0,175.0,1.0,697.0,181.0,5.0,660.0,181.0,5.0,655.0,183.0,0.0,657.0,177.0,148.0,149.0,137.0,284.0,333.0,3696.0
2017-11-02 09:00:00,27.0,776.0,181.0,22.0,716.0,176.0,18.0,705.0,175.0,7.0,695.0,181.0,5.0,684.0,180.0,5.0,688.0,182.0,18.0,683.0,176.0,160.0,159.0,148.0,210.0,464.0,
2017-11-02 10:00:00,43.0,779.0,179.0,34.0,715.0,175.0,17.0,697.0,174.0,7.0,675.0,180.0,7.0,680.0,179.0,9.0,683.0,180.0,43.0,689.0,175.0,164.0,155.0,141.0,181.0,256.0,
2017-11-02 11:00:00,56.0,770.0,178.0,31.0,711.0,174.0,18.0,687.0,173.0,8.0,664.0,178.0,7.0,669.0,178.0,11.0,674.0,179.0,57.0,685.0,174.0,155.0,152.0,145.0,153.0,283.0,
2017-11-02 12:00:00,55.0,758.0,177.0,40.0,708.0,173.0,37.0,681.0,173.0,15.0,663.0,177.0,10.0,666.0,177.0,15.0,671.0,178.0,73.0,682.0,173.0,149.0,148.0,145.0,146.0,263.0,
2017-11-02 13:00:00,45.0,749.0,176.0,28.0,706.0,173.0,47.0,675.0,173.0,21.0,666.0,177.0,13.0,668.0,177.0,22.0,674.0,178.0,72.0,683.0,172.0,145.0,145.0,145.0,143.0,259.0,
2017-11-02 14:00:00,21.0,695.0,175.0,13.0,698.0,172.0,26.0,659.0,172.0,9.0,649.0,176.0,8.0,656.0,176.0,11.0,664.0,177.0,28.0,673.0,170.0,143.0,143.0,141.0,145.0,410.0,
2017-11-02 15:00:00,8.0,686.0,173.0,5.0,698.0,170.0,25.0,655.0,171.0,4.0,645.0,175.0,9.0,660.0,175.0,2.0,664.0,176.0,13.0,672.0,169.0,140.0,140.0,140.0,142.0,296.0,
2017-11-02 16:00:00,2.0,698.0,173.0,0.0,697.0,170.0,12.0,675.0,171.0,0.0,657.0,174.0,4.0,670.0,175.0,1.0,678.0,176.0,6.0,675.0,170.0,291.0,210.0,143.0,143.0,368.0,224.0
2017-11-02 17:00:00,18.0,704.0,176.0,5.0,702.0,171.0,20.0,694.0,172.0,0.0,668.0,176.0,7.0,686.0,177.0,2.0,701.0,179.0,4.0,672.0,173.0,467.0,250.0,142.0,230.0,1341.0,672.0
2017-11-02 18:00:00,36.0,808.0,182.0,7.0,727.0,172.0,8.0,717.0,173.0,0.0,677.0,176.0,4.0,699.0,178.0,2.0,700.0,186.0,4.0,685.0,175.0,517.0,323.0,130.0,293.0,1693.0,13326.0
2017-11-02 19:00:00,18.0,796.0,194.0,7.0,712.0,182.0,4.0,728.0,183.0,0.0,680.0,185.0,2.0,717.0,184.0,1.0,702.0,195.0,4.0,653.0,192.0,510.0,457.0,149.0,257.0,2001.0,5711.0
2017-11-02 20:00:00,1.0,752.0,198.0,7.0,777.0,187.0,0.0,742.0,186.0,0.0,741.0,189.0,2.0,788.0,190.0,4.0,702.0,222.0,4.0,665.0,196.0,471.0,364.0,138.0,301.0,1757.0,4144.0
2017-11-02 21:00:00,3.0,713.0,199.0,7.0,747.0,188.0,0.0,732.0,185.0,0.0,723.0,191.0,2.0,732.0,192.0,2.0,619.0,225.0,4.0,686.0,196.0,463.0,337.0,145.0,258.0,2769.0,2464.0
2017-11-02 22:00:00,13.0,707.0,199.0,6.0,732.0,190.0,0.0,727.0,183.0,0.0,707.0,192.0,1.0,715.0,194.0,1.0,611.0,226.0,4.0,700.0,193.0,474.0,275.0,143.0,246.0,1215.0,2687.0
2017-11-02 23:00:00,0.0,698.0,198.0,0.0,718.0,189.0,0.0,728.0,182.0,0.0,696.0,190.0,1.0,700.0,193.0,0.0,618.0,218.0,0.0,694.0,192.0,419.0,251.0,147.0,270.0,822.0,
2017-11-03 00:00:00,1.0,668.0,194.0,0.0,701.0,186.0,0.0,723.0,181.0,0.0,676.0,188.0,1.0,676.0,190.0,0.0,613.0,210.0,0.0,687.0,188.0,243.0,206.0,160.0,173.0,232.0,
2017-11-03 01:00:00,1.0,659.0,190.0,0.0,693.0,184.0,0.0,719.0,180.0,0.0,657.0,186.0,1.0,661.0,188.0,0.0,615.0,203.0,0.0,681.0,185.0,188.0,178.0,156.0,157.0,281.0,
2017-11-03 02:00:00,1.0,660.0,186.0,0.0,687.0,182.0,0.0,717.0,178.0,0.0,656.0,185.0,1.0,655.0,187.0,0.0,620.0,198.0,0.0,675.0,183.0,166.0,163.0,152.0,151.0,349.0,
2017-11-03 03:00:00,1.0,669.0,183.0,0.0,683.0,181.0,0.0,716.0,177.0,0.0,653.0,184.0,1.0,653.0,185.0,0.0,625.0,194.0,0.0,670.0,181.0,154.0,154.0,150.0,148.0,356.0,
2017-11-03 04:00:00,0.0,670.0,181.0,0.0,681.0,179.0,0.0,715.0,177.0,0.0,650.0,183.0,1.0,649.0,184.0,0.0,627.0,191.0,0.0,667.0,179.0,149.0,148.0,145.0,145.0,301.0,
2017-11-03 05:00:00,0.0,673.0,180.0,0.0,679.0,178.0,0.0,714.0,175.0,0.0,641.0,182.0,1.0,646.0,183.0,0.0,629.0,188.0,0.0,664.0,178.0,145.0,145.0,142.0,142.0,280.0,
2017-11-03 06:00:00,0.0,667.0,179.0,0.0,679.0,177.0,0.0,714.0,175.0,0.0,633.0,181.0,1.0,643.0,181.0,0.0,629.0,186.0,0.0,664.0,176.0,142.0,142.0,141.0,143.0,222.0,
2017-11-03 07:00:00,1.0,660.0,177.0,0.0,681.0,176.0,2.0,712.0,174.0,0.0,628.0,179.0,1.0,643.0,180.0,0.0,630.0,184.0,0.0,663.0,175.0,177.0,148.0,140.0,141.0,226.0,4591.0
2017-11-03 08:00:00,24.0,784.0,183.0,0.0,696.0,177.0,11.0,700.0,175.0,0.0,645.0,181.0,3.0,674.0,181.0,6.0,664.0,190.0,1.0,666.0,181.0,544.0,326.0,131.0,289.0,983.0,3808.0
2017-11-03 09:00:00,20.0,680.0,186.0,0.0,698.0,178.0,23.0,701.0,177.0,1.0,647.0,182.0,4.0,667.0,183.0,7.0,623.0,199.0,4.0,668.0,182.0,297.0,248.0,134.0,218.0,470.0,1680.0
2017-11-03 10:00:00,26.0,745.0,189.0,4.0,737.0,178.0,27.0,745.0,177.0,2.0,640.0,182.0,3.0,682.0,183.0,5.0,639.0,195.0,11.0,663.0,180.0,491.0,229.0,137.0,287.0,1197.0,1680.0
2017-11-03 11:00:00,31.0,687.0,187.0,17.0,704.0,177.0,18.0,707.0,177.0,4.0,640.0,182.0,5.0,659.0,182.0,9.0,642.0,194.0,26.0,667.0,180.0,249.0,231.0,146.0,211.0,381.0,1008.0
2017-11-03 12:00:00,45.0,650.0,184.0,28.0,693.0,176.0,24.0,678.0,176.0,10.0,617.0,180.0,10.0,636.0,181.0,17.0,603.0,192.0,46.0,657.0,178.0,190.0,189.0,154.0,161.0,266.0,
2017-11-03 13:00:00,29.0,507.0,173.0,24.0,581.0,173.0,0.0,668.0,175.0,11.0,503.0,170.0,12.0,512.0,170.0,19.0,472.0,179.0,35.0,531.0,172.0,170.0,172.0,129.0,164.0,725.0,
2017-11-03 14:00:00,20.0,545.0,159.0,13.0,542.0,167.0,0.0,652.0,172.0,5.0,545.0,152.0,7.0,535.0,159.0,11.0,509.0,166.0,22.0,528.0,164.0,452.0,162.0,128.0,306.0,467.0,2128.0
2017-11-03 15:00:00,15.0,643.0,170.0,4.0,585.0,171.0,4.0,643.0,174.0,1.0,595.0,163.0,3.0,588.0,168.0,5.0,570.0,176.0,10.0,569.0,172.0,483.0,402.0,134.0,221.0,1641.0,8960.0
2017-11-03 16:00:00,6.0,640.0,183.0,0.0,627.0,176.0,19.0,649.0,176.0,0.0,599.0,172.0,2.0,638.0,177.0,2.0,609.0,191.0,4.0,610.0,181.0,476.0,394.0,143.0,202.0,861.0,9967.0
2017-11-03 17:00:00,1.0,684.0,192.0,0.0,703.0,186.0,20.0,735.0,184.0,0.0,602.0,180.0,2.0,746.0,187.0,5.0,666.0,226.0,4.0,634.0,193.0,473.0,441.0,148.0,225.0,495.0,4704.0
2017-11-03 18:00:00,21.0,698.0,199.0,0.0,681.0,190.0,4.0,703.0,187.0,0.0,630.0,184.0,1.0,688.0,190.0,1.0,630.0,217.0,3.0,634.0,201.0,517.0,417.0,153.0,265.0,862.0,7616.0
2017-11-03 19:00:00,15.0,750.0,206.0,5.0,716.0,191.0,0.0,726.0,188.0,0.0,698.0,187.0,1.0,771.0,191.0,4.0,727.0,235.0,4.0,639.0,203.0,470.0,367.0,141.0,315.0,1765.0,5936.0
2017-11-03 20:00:00,0.0,708.0,202.0,0.0,717.0,191.0,0.0,719.0,187.0,0.0,676.0,186.0,0.0,798.0,192.0,4.0,702.0,258.0,4.0,640.0,201.0,440.0,328.0,162.0,209.0,644.0,3808.0
2017-11-03 21:00:00,5.0,690.0,200.0,0.0,705.0,192.0,0.0,719.0,186.0,0.0,664.0,185.0,0.0,738.0,194.0,2.0,586.0,240.0,5.0,658.0,200.0,334.0,293.0,142.0,208.0,1311.0,1007.0
2017-11-03 22:00:00,14.0,679.0,199.0,4.0,680.0,191.0,0.0,718.0,185.0,0.0,654.0,185.0,0.0,679.0,194.0,0.0,576.0,226.0,5.0,665.0,200.0,387.0,273.0,140.0,261.0,935.0,3021.0
2017-11-03 23:00:00,9.0,660.0,199.0,1.0,688.0,190.0,0.0,715.0,184.0,0.0,646.0,185.0,0.0,671.0,193.0,0.0,587.0,219.0,0.0,645.0,198.0,367.0,247.0,156.0,212.0,252.0,
2017-11-04 00:00:00,0.0,629.0,195.0,0.0,702.0,187.0,0.0,706.0,182.0,0.0,629.0,185.0,0.0,647.0,191.0,0.0,579.0,211.0,0.0,639.0,193.0,228.0,199.0,160.0,164.0,230.0,
2017-11-04 01:00:00,0.0,618.0,192.0,0.0,724.0,187.0,,,,0.0,622.0,184.0,0.0,630.0,190.0,0.0,580.0,205.0,0.0,634.0,190.0,184.0,175.0,155.0,154.0,215.0,
2017-11-04 02:00:00,0.0,615.0,188.0,0.0,745.0,186.0,,,,0.0,616.0,183.0,0.0,623.0,188.0,0.0,589.0,200.0,0.0,630.0,187.0,163.0,161.0,150.0,149.0,252.0,
2017-11-04 03:00:00,0.0,626.0,185.0,0.0,751.0,185.0,,,,0.0,617.0,183.0,0.0,628.0,187.0,0.0,598.0,196.0,0.0,628.0,185.0,152.0,152.0,148.0,147.0,293.0,
2017-11-04 04:00:00,10.0,646.0,184.0,0.0,764.0,184.0,0.0,695.0,177.0,0.0,627.0,182.0,0.0,632.0,186.0,0.0,608.0,194.0,0.0,630.0,183.0,147.0,147.0,141.0,145.0,308.0,
2017-11-04 05:00:00,0.0,638.0,183.0,0.0,762.0,183.0,0.0,695.0,176.0,0.0,618.0,181.0,0.0,634.0,185.0,0.0,616.0,191.0,0.0,633.0,182.0,145.0,144.0,140.0,143.0,291.0,
2017-11-04 06:00:00,0.0,636.0,182.0,0.0,765.0,182.0,0.0,695.0,174.0,0.0,606.0,179.0,0.0,629.0,184.0,0.0,614.0,189.0,0.0,632.0,180.0,140.0,142.0,140.0,143.0,248.0,
2017-11-04 07:00:00,10.0,640.0,180.0,3.0,749.0,181.0,11.0,698.0,174.0,0.0,604.0,178.0,0.0,634.0,183.0,3.0,628.0,188.0,2.0,636.0,178.0,249.0,145.0,133.0,202.0,983.0,784.0
2017-11-04 08:00:00,19.0,648.0,180.0,9.0,705.0,181.0,18.0,696.0,176.0,0.0,609.0,178.0,3.0,653.0,184.0,5.0,632.0,195.0,16.0,653.0,179.0,400.0,202.0,129.0,182.0,2890.0,6832.0
2017-11-04 09:00:00,56.0,954.0,197.0,22.0,711.0,186.0,30.0,688.0,181.0,4.0,643.0,184.0,6.0,660.0,191.0,8.0,570.0,217.0,36.0,639.0,192.0,549.0,425.0,127.0,329.0,1263.0,12432.0
2017-11-04 10:00:00,50.0,707.0,201.0,27.0,717.0,189.0,25.0,690.0,185.0,8.0,635.0,188.0,8.0,649.0,193.0,12.0,568.0,217.0,29.0,606.0,202.0,512.0,424.0,145.0,208.0,672.0,3808.0
2017-11-04 11:00:00,56.0,662.0,198.0,20.0,692.0,188.0,19.0,668.0,185.0,10.0,632.0,188.0,9.0,633.0,192.0,15.0,566.0,210.0,34.0,600.0,198.0,346.0,309.0,159.0,171.0,328.0,
2017-11-04 12:00:00,56.0,638.0,193.0,27.0,684.0,185.0,42.0,668.0,181.0,19.0,621.0,186.0,12.0,629.0,189.0,21.0,572.0,203.0,47.0,610.0,191.0,225.0,219.0,159.0,158.0,292.0,
2017-11-04 13:00:00,43.0,631.0,188.0,20.0,678.0,183.0,12.0,665.0,180.0,19.0,622.0,185.0,11.0,623.0,187.0,22.0,579.0,198.0,38.0,618.0,187.0,180.0,181.0,145.0,156.0,472.0,
2017-11-04 14:00:00,45.0,656.0,188.0,24.0,675.0,183.0,14.0,678.0,180.0,68.0,636.0,186.0,32.0,641.0,188.0,68.0,638.0,199.0,35.0,633.0,190.0,398.0,281.0,138.0,165.0,450.0,4590.0
2017-11-04 15:00:00,15.0,645.0,190.0,7.0,670.0,183.0,0.0,672.0,181.0,14.0,643.0,188.0,21.0,640.0,190.0,14.0,603.0,202.0,13.0,626.0,192.0,306.0,260.0,156.0,175.0,360.0,1008.0
2017-11-04 16:00:00,2.0,621.0,189.0,0.0,670.0,181.0,0.0,,,0.0,624.0,186.0,1.0,623.0,188.0,0.0,583.0,199.0,5.0,616.0,188.0,205.0,204.0,155.0,165.0,297.0,
2017-11-04 17:00:00,5.0,622.0,186.0,0.0,669.0,180.0,0.0,667.0,178.0,0.0,619.0,184.0,2.0,621.0,186.0,4.0,608.0,196.0,4.0,617.0,185.0,174.0,174.0,141.0,153.0,437.0,224.0
2017-11-04 18:00:00,1.0,655.0,189.0,0.0,669.0,182.0,2.0,678.0,180.0,0.0,632.0,185.0,2.0,627.0,188.0,3.0,600.0,201.0,4.0,617.0,190.0,522.0,386.0,136.0,184.0,887.0,7839.0
2017-11-04 19:00:00,5.0,632.0,191.0,0.0,653.0,183.0,0.0,680.0,180.0,0.0,634.0,186.0,2.0,632.0,189.0,2.0,599.0,205.0,4.0,608.0,191.0,434.0,282.0,133.0,289.0,2314.0,4030.0
2017-11-04 20:00:00,22.0,644.0,193.0,0.0,663.0,185.0,0.0,681.0,180.0,0.0,642.0,187.0,2.0,630.0,191.0,2.0,584.0,209.0,5.0,613.0,195.0,438.0,369.0,152.0,224.0,709.0,3248.0
2017-11-04 21:00:00,23.0,630.0,194.0,0.0,659.0,185.0,0.0,681.0,180.0,0.0,635.0,186.0,1.0,637.0,191.0,0.0,579.0,211.0,6.0,614.0,196.0,447.0,286.0,166.0,176.0,429.0,896.0
2017-11-04 22:00:00,5.0,634.0,195.0,0.0,658.0,184.0,0.0,679.0,179.0,0.0,625.0,186.0,1.0,629.0,191.0,0.0,576.0,208.0,6.0,614.0,195.0,493.0,274.0,157.0,194.0,392.0,3472.0
2017-11-04 23:00:00,2.0,615.0,194.0,0.0,651.0,184.0,0.0,677.0,178.0,0.0,621.0,185.0,1.0,621.0,191.0,0.0,571.0,207.0,5.0,605.0,196.0,493.0,278.0,168.0,170.0,332.0,2016.0
2017-11-05 00:00:00,0.0,603.0,194.0,0.0,647.0,183.0,0.0,678.0,177.0,0.0,624.0,185.0,1.0,616.0,190.0,0.0,568.0,206.0,0.0,596.0,195.0,474.0,267.0,170.0,165.0,235.0,3023.0
2017-11-05 01:00:00,1.0,593.0,194.0,0.0,641.0,183.0,0.0,,,0.0,637.0,185.0,1.0,608.0,190.0,0.0,562.0,205.0,0.0,591.0,194.0,495.0,273.0,170.0,165.0,211.0,1904.0
2017-11-05 02:00:00,1.0,587.0,194.0,0.0,637.0,183.0,0.0,675.0,177.0,0.0,643.0,185.0,1.0,604.0,190.0,0.0,559.0,205.0,0.0,588.0,194.0,497.0,276.0,170.0,165.0,258.0,2911.0
2017-11-05 03:00:00,1.0,588.0,193.0,0.0,634.0,183.0,0.0,674.0,176.0,0.0,645.0,185.0,1.0,602.0,190.0,0.0,557.0,205.0,0.0,588.0,193.0,494.0,276.0,170.0,165.0,361.0,2800.0
2017-11-05 04:00:00,0.0,591.0,192.0,0.0,633.0,182.0,0.0,663.0,176.0,0.0,650.0,186.0,1.0,600.0,190.0,0.0,556.0,204.0,0.0,587.0,193.0,501.0,279.0,170.0,165.0,281.0,3696.0
2017-11-05 05:00:00,2.0,591.0,191.0,0.0,637.0,182.0,0.0,672.0,176.0,0.0,644.0,185.0,1.0,599.0,190.0,0.0,557.0,203.0,0.0,587.0,192.0,369.0,263.0,167.0,164.0,275.0,
2017-11-05 06:00:00,1.0,584.0,188.0,0.0,644.0,180.0,0.0,671.0,174.0,0.0,643.0,183.0,1.0,592.0,187.0,0.0,558.0,198.0,0.0,595.0,186.0,230.0,205.0,159.0,156.0,248.0,
2017-11-05 07:00:00,3.0,587.0,184.0,0.0,653.0,178.0,0.0,663.0,173.0,0.0,647.0,182.0,1.0,592.0,184.0,0.0,564.0,193.0,2.0,597.0,182.0,192.0,177.0,152.0,150.0,253.0,1792.0
2017-11-05 08:00:00,13.0,602.0,186.0,0.0,649.0,180.0,2.0,648.0,175.0,0.0,644.0,182.0,3.0,602.0,186.0,5.0,570.0,198.0,5.0,594.0,190.0,532.0,383.0,154.0,166.0,360.0,6608.0
2017-11-05 09:00:00,20.0,541.0,190.0,0.0,626.0,181.0,10.0,624.0,178.0,0.0,632.0,184.0,4.0,588.0,187.0,5.0,533.0,204.0,7.0,569.0,195.0,460.0,322.0,164.0,164.0,360.0,1904.0
2017-11-05 10:00:00,57.0,668.0,194.0,15.0,608.0,181.0,13.0,619.0,177.0,1.0,609.0,183.0,7.0,569.0,185.0,11.0,519.0,200.0,11.0,584.0,191.0,501.0,302.0,135.0,262.0,1128.0,7504.0
2017-11-05 11:00:00,60.0,607.0,193.0,17.0,629.0,179.0,18.0,638.0,176.0,8.0,607.0,183.0,8.0,603.0,184.0,13.0,563.0,197.0,23.0,606.0,188.0,469.0,267.0,136.0,232.0,554.0,1792.0
2017-11-05 12:00:00,42.0,594.0,189.0,22.0,637.0,178.0,31.0,630.0,175.0,12.0,601.0,182.0,11.0,614.0,183.0,21.0,578.0,195.0,41.0,597.0,187.0,417.0,259.0,148.0,219.0,270.0,1008.0
2017-11-05 13:00:00,35.0,582.0,185.0,17.0,647.0,177.0,56.0,617.0,174.0,27.0,584.0,181.0,16.0,602.0,182.0,39.0,571.0,192.0,50.0,582.0,184.0,264.0,215.0,157.0,167.0,282.0,
2017-11-05 14:00:00,21.0,572.0,181.0,13.0,645.0,175.0,72.0,596.0,173.0,38.0,569.0,180.0,22.0,587.0,181.0,51.0,564.0,189.0,26.0,584.0,181.0,194.0,180.0,151.0,151.0,345.0,
2017-11-05 15:00:00,21.0,578.0,179.0,5.0,646.0,174.0,66.0,590.0,172.0,49.0,558.0,180.0,58.0,581.0,180.0,27.0,561.0,187.0,11.0,584.0,178.0,164.0,160.0,146.0,145.0,392.0,
2017-11-05 16:00:00,2.0,586.0,181.0,1.0,651.0,176.0,6.0,601.0,173.0,0.0,557.0,179.0,2.0,586.0,181.0,1.0,566.0,188.0,8.0,592.0,180.0,451.0,379.0,147.0,147.0,602.0,8279.0
2017-11-05 17:00:00,26.0,598.0,190.0,0.0,656.0,185.0,12.0,632.0,180.0,0.0,554.0,181.0,3.0,597.0,187.0,2.0,563.0,200.0,10.0,579.0,194.0,545.0,447.0,153.0,171.0,2276.0,6494.0
2017-11-05 18:00:00,39.0,752.0,200.0,0.0,666.0,187.0,1.0,673.0,184.0,0.0,613.0,184.0,3.0,664.0,192.0,3.0,582.0,209.0,8.0,580.0,205.0,551.0,403.0,144.0,257.0,773.0,5485.0
2017-11-05 19:00:00,5.0,630.0,203.0,0.0,663.0,188.0,0.0,700.0,186.0,0.0,627.0,188.0,1.0,614.0,193.0,2.0,571.0,207.0,5.0,546.0,211.0,546.0,405.0,165.0,185.0,414.0,4701.0
2017-11-05 20:00:00,1.0,611.0,203.0,0.0,657.0,189.0,0.0,685.0,186.0,0.0,619.0,190.0,1.0,620.0,193.0,1.0,591.0,204.0,10.0,562.0,209.0,547.0,393.0,152.0,234.0,1278.0,5823.0
2017-11-05 21:00:00,6.0,599.0,207.0,0.0,651.0,189.0,0.0,680.0,185.0,0.0,631.0,191.0,1.0,638.0,193.0,1.0,594.0,209.0,3.0,571.0,206.0,551.0,364.0,148.0,297.0,1382.0,2014.0
2017-11-05 22:00:00,9.0,732.0,204.0,0.0,650.0,187.0,0.0,677.0,183.0,0.0,657.0,191.0,1.0,633.0,192.0,0.0,588.0,204.0,0.0,568.0,202.0,483.0,268.0,146.0,289.0,678.0,1232.0
2017-11-05 23:00:00,0.0,710.0,196.0,0.0,649.0,185.0,0.0,674.0,180.0,0.0,658.0,189.0,1.0,613.0,190.0,0.0,579.0,200.0,0.0,572.0,195.0,279.0,216.0,160.0,179.0,214.0,
2017-11-06 00:00:00,0.0,677.0,191.0,0.0,646.0,183.0,0.0,671.0,178.0,0.0,650.0,187.0,1.0,599.0,188.0,0.0,572.0,196.0,0.0,573.0,191.0,209.0,188.0,155.0,157.0,256.0,
2017-11-06 01:00:00,1.0,610.0,185.0,0.0,643.0,181.0,0.0,671.0,176.0,0.0,646.0,186.0,1.0,597.0,185.0,0.0,574.0,191.0,0.0,573.0,187.0,167.0,162.0,142.0,146.0,208.0,
2017-11-06 02:00:00,0.0,598.0,181.0,0.0,638.0,179.0,0.0,668.0,174.0,0.0,641.0,184.0,1.0,591.0,183.0,0.0,573.0,188.0,0.0,572.0,183.0,152.0,151.0,143.0,142.0,246.0,
2017-11-06 03:00:00,0.0,598.0,178.0,0.0,635.0,177.0,0.0,667.0,173.0,0.0,642.0,183.0,0.0,588.0,181.0,0.0,574.0,185.0,0.0,571.0,180.0,144.0,144.0,140.0,139.0,343.0,
2017-11-06 04:00:00,1.0,599.0,175.0,0.0,632.0,175.0,0.0,667.0,171.0,0.0,642.0,182.0,0.0,584.0,179.0,0.0,574.0,182.0,0.0,571.0,178.0,139.0,138.0,137.0,137.0,243.0,
2017-11-06 05:00:00,0.0,601.0,173.0,0.0,632.0,173.0,0.0,667.0,170.0,0.0,647.0,181.0,0.0,587.0,178.0,0.0,579.0,180.0,0.0,578.0,175.0,135.0,135.0,135.0,135.0,282.0,
2017-11-06 06:00:00,15.0,623.0,171.0,0.0,633.0,172.0,1.0,663.0,168.0,0.0,648.0,179.0,1.0,592.0,176.0,0.0,586.0,178.0,0.0,585.0,173.0,187.0,148.0,133.0,149.0,287.0,5599.0
2017-11-06 07:00:00,15.0,891.0,187.0,2.0,630.0,175.0,3.0,652.0,172.0,0.0,628.0,178.0,3.0,631.0,178.0,4.0,612.0,185.0,2.0,585.0,183.0,528.0,442.0,130.0,322.0,537.0,11200.0
2017-11-06 08:00:00,10.0,652.0,189.0,12.0,614.0,183.0,8.0,632.0,177.0,3.0,628.0,178.0,9.0,626.0,183.0,7.0,595.0,192.0,12.0,564.0,195.0,545.0,486.0,153.0,185.0,457.0,4928.0
2017-11-06 09:00:00,23.0,610.0,194.0,29.0,611.0,189.0,16.0,624.0,182.0,7.0,634.0,180.0,12.0,612.0,186.0,12.0,597.0,197.0,25.0,581.0,200.0,546.0,444.0,156.0,213.0,380.0,5373.0
2017-11-06 10:00:00,36.0,625.0,194.0,33.0,619.0,185.0,19.0,627.0,180.0,9.0,629.0,180.0,10.0,637.0,184.0,10.0,623.0,196.0,30.0,602.0,192.0,406.0,282.0,158.0,192.0,251.0,224.0
2017-11-06 11:00:00,55.0,639.0,185.0,41.0,625.0,180.0,,,,13.0,626.0,179.0,8.0,641.0,181.0,13.0,624.0,189.0,46.0,605.0,184.0,254.0,208.0,152.0,155.0,230.0,
2017-11-06 12:00:00,58.0,644.0,179.0,43.0,633.0,177.0,,,,22.0,623.0,178.0,9.0,640.0,178.0,15.0,625.0,185.0,63.0,608.0,180.0,189.0,175.0,146.0,145.0,212.0,
2017-11-06 13:00:00,43.0,652.0,175.0,29.0,637.0,175.0,,,,39.0,621.0,178.0,14.0,634.0,177.0,34.0,626.0,181.0,60.0,614.0,176.0,156.0,153.0,140.0,139.0,213.0,
2017-11-06 14:00:00,23.0,659.0,173.0,21.0,638.0,173.0,,,,22.0,621.0,177.0,10.0,637.0,176.0,20.0,629.0,179.0,25.0,620.0,174.0,144.0,143.0,137.0,136.0,353.0,
2017-11-06 15:00:00,11.0,662.0,172.0,8.0,642.0,172.0,,,,9.0,619.0,176.0,10.0,631.0,175.0,5.0,632.0,177.0,8.0,624.0,172.0,137.0,138.0,135.0,135.0,274.0,
2017-11-06 16:00:00,2.0,666.0,171.0,0.0,645.0,171.0,,,,0.0,620.0,174.0,1.0,632.0,174.0,0.0,635.0,175.0,0.0,626.0,170.0,135.0,134.0,135.0,133.0,265.0,
2017-11-06 17:00:00,0.0,667.0,170.0,0.0,650.0,169.0,,,,0.0,623.0,172.0,1.0,636.0,172.0,0.0,640.0,173.0,0.0,631.0,168.0,130.0,131.0,130.0,133.0,302.0,
2017-11-06 18:00:00,25.0,688.0,173.0,0.0,649.0,173.0,0.0,661.0,171.0,0.0,633.0,172.0,4.0,643.0,174.0,0.0,667.0,183.0,3.0,645.0,175.0,485.0,402.0,137.0,139.0,359.0,9295.0
2017-11-06 19:00:00,14.0,679.0,182.0,0.0,644.0,183.0,0.0,668.0,176.0,0.0,665.0,175.0,2.0,649.0,180.0,1.0,628.0,196.0,4.0,615.0,190.0,539.0,484.0,145.0,187.0,391.0,6269.0
2017-11-06 20:00:00,1.0,650.0,188.0,0.0,637.0,188.0,0.0,665.0,181.0,0.0,665.0,178.0,1.0,648.0,183.0,0.0,617.0,196.0,4.0,605.0,198.0,526.0,480.0,154.0,195.0,413.0,5593.0
2017-11-06 21:00:00,22.0,644.0,193.0,0.0,625.0,193.0,0.0,666.0,184.0,0.0,656.0,182.0,2.0,646.0,185.0,1.0,616.0,195.0,3.0,593.0,201.0,526.0,472.0,142.0,259.0,422.0,5816.0
2017-11-06 22:00:00,25.0,810.0,203.0,0.0,619.0,195.0,0.0,664.0,187.0,0.0,657.0,185.0,1.0,665.0,186.0,1.0,643.0,195.0,3.0,587.0,202.0,542.0,452.0,137.0,341.0,1427.0,11082.0
2017-11-06 23:00:00,19.0,809.0,204.0,0.0,632.0,196.0,0.0,665.0,188.0,0.0,676.0,187.0,1.0,725.0,188.0,0.0,697.0,194.0,4.0,608.0,203.0,494.0,386.0,140.0,294.0,1007.0,2461.0
2017-11-07 00:00:00,1.0,722.0,198.0,0.0,653.0,191.0,0.0,671.0,184.0,0.0,669.0,184.0,1.0,716.0,186.0,0.0,697.0,192.0,4.0,616.0,196.0,365.0,264.0,157.0,205.0,287.0,
2017-11-07 01:00:00,1.0,686.0,191.0,0.0,656.0,187.0,0.0,673.0,180.0,0.0,668.0,182.0,1.0,684.0,185.0,0.0,668.0,189.0,0.0,626.0,190.0,229.0,205.0,156.0,160.0,235.0,
2017-11-07 02:00:00,0.0,667.0,186.0,0.0,651.0,184.0,0.0,673.0,178.0,0.0,672.0,181.0,1.0,663.0,183.0,0.0,654.0,186.0,0.0,627.0,186.0,179.0,174.0,150.0,149.0,254.0,
2017-11-07 03:00:00,0.0,663.0,182.0,0.0,649.0,182.0,0.0,673.0,176.0,0.0,683.0,181.0,1.0,654.0,182.0,0.0,649.0,184.0,0.0,627.0,183.0,158.0,157.0,145.0,144.0,342.0,
2017-11-07 04:00:00,1.0,659.0,180.0,0.0,650.0,181.0,0.0,671.0,175.0,0.0,690.0,180.0,0.0,645.0,182.0,0.0,644.0,182.0,0.0,628.0,181.0,148.0,148.0,142.0,142.0,255.0,
2017-11-07 05:00:00,0.0,660.0,178.0,0.0,651.0,179.0,0.0,672.0,173.0,0.0,688.0,180.0,1.0,643.0,181.0,0.0,644.0,181.0,0.0,631.0,179.0,142.0,143.0,140.0,140.0,311.0,
2017-11-07 06:00:00,0.0,660.0,177.0,0.0,653.0,178.0,3.0,674.0,172.0,0.0,690.0,179.0,1.0,643.0,180.0,0.0,646.0,179.0,0.0,635.0,178.0,140.0,139.0,140.0,139.0,229.0,
2017-11-07 07:00:00,19.0,693.0,180.0,0.0,658.0,180.0,16.0,681.0,174.0,0.0,681.0,179.0,3.0,659.0,181.0,5.0,658.0,188.0,3.0,650.0,182.0,469.0,345.0,125.0,205.0,1082.0,7391.0
2017-11-07 08:00:00,6.0,676.0,183.0,2.0,656.0,181.0,2.0,674.0,176.0,0.0,670.0,181.0,2.0,656.0,182.0,0.0,628.0,193.0,3.0,631.0,186.0,337.0,290.0,134.0,179.0,341.0,
2017-11-07 09:00:00,12.0,652.0,180.0,7.0,655.0,178.0,5.0,663.0,174.0,2.0,655.0,179.0,2.0,646.0,180.0,1.0,621.0,188.0,8.0,633.0,181.0,214.0,205.0,145.0,151.0,248.0,
2017-11-07 10:00:00,18.0,647.0,177.0,13.0,655.0,176.0,10.0,658.0,173.0,4.0,648.0,178.0,4.0,640.0,179.0,4.0,620.0,185.0,15.0,635.0,177.0,172.0,171.0,145.0,144.0,222.0,
2017-11-07 11:00:00,25.0,644.0,175.0,21.0,655.0,175.0,15.0,656.0,171.0,7.0,644.0,176.0,6.0,634.0,177.0,7.0,620.0,182.0,23.0,636.0,175.0,153.0,154.0,140.0,141.0,254.0,
2017-11-07 12:00:00,28.0,646.0,174.0,23.0,655.0,174.0,19.0,655.0,170.0,9.0,643.0,175.0,7.0,634.0,176.0,8.0,624.0,180.0,27.0,637.0,174.0,143.0,145.0,140.0,139.0,233.0,
2017-11-07 13:00:00,24.0,645.0,172.0,20.0,656.0,173.0,17.0,654.0,169.0,8.0,641.0,174.0,6.0,632.0,175.0,7.0,624.0,178.0,25.0,638.0,172.0,139.0,139.0,136.0,138.0,268.0,
2017-11-07 14:00:00,18.0,646.0,171.0,13.0,655.0,171.0,14.0,652.0,169.0,7.0,640.0,173.0,5.0,631.0,174.0,6.0,627.0,176.0,19.0,638.0,171.0,135.0,136.0,135.0,136.0,305.0,
2017-11-07 15:00:00,4.0,648.0,170.0,2.0,655.0,170.0,4.0,650.0,167.0,2.0,638.0,172.0,3.0,631.0,173.0,0.0,628.0,175.0,3.0,637.0,169.0,135.0,134.0,135.0,135.0,325.0,
2017-11-07 16:00:00,1.0,645.0,169.0,0.0,654.0,169.0,0.0,648.0,167.0,0.0,637.0,171.0,1.0,629.0,172.0,0.0,628.0,174.0,0.0,636.0,168.0,133.0,133.0,135.0,135.0,300.0,
2017-11-07 17:00:00,2.0,642.0,168.0,0.0,653.0,168.0,0.0,645.0,166.0,0.0,636.0,169.0,1.0,627.0,171.0,0.0,626.0,172.0,0.0,635.0,166.0,130.0,132.0,135.0,134.0,276.0,
2017-11-07 18:00:00,31.0,761.0,173.0,0.0,658.0,168.0,10.0,655.0,165.0,0.0,643.0,169.0,3.0,651.0,171.0,3.0,661.0,177.0,5.0,637.0,168.0,368.0,267.0,123.0,275.0,1846.0,12538.0
2017-11-07 19:00:00,5.0,722.0,192.0,0.0,668.0,178.0,1.0,693.0,173.0,0.0,704.0,178.0,1.0,742.0,180.0,0.0,666.0,203.0,7.0,648.0,184.0,506.0,461.0,150.0,228.0,1037.0,5820.0
2017-11-07 20:00:00,48.0,813.0,203.0,0.0,659.0,183.0,0.0,681.0,178.0,0.0,677.0,183.0,2.0,690.0,184.0,1.0,617.0,204.0,7.0,637.0,191.0,529.0,433.0,132.0,296.0,469.0,12094.0
2017-11-07 21:00:00,1.0,723.0,205.0,0.0,652.0,187.0,0.0,678.0,180.0,0.0,676.0,182.0,2.0,672.0,187.0,3.0,641.0,199.0,6.0,627.0,197.0,479.0,429.0,154.0,210.0,322.0,5376.0
2017-11-07 22:00:00,1.0,647.0,203.0,0.0,653.0,188.0,0.0,678.0,182.0,0.0,667.0,181.0,1.0,649.0,187.0,0.0,621.0,195.0,4.0,606.0,198.0,406.0,372.0,142.0,229.0,1059.0,1792.0
2017-11-07 23:00:00,2.0,638.0,196.0,0.0,657.0,184.0,0.0,680.0,179.0,0.0,665.0,180.0,1.0,654.0,184.0,0.0,638.0,191.0,4.0,608.0,192.0,245.0,246.0,140.0,165.0,936.0,
2017-11-08 00:00:00,1.0,635.0,188.0,0.0,664.0,181.0,0.0,681.0,175.0,0.0,665.0,179.0,1.0,650.0,182.0,0.0,642.0,186.0,0.0,610.0,186.0,184.0,187.0,148.0,149.0,210.0,
2017-11-08 01:00:00,0.0,629.0,183.0,0.0,674.0,179.0,0.0,676.0,173.0,0.0,665.0,178.0,1.0,635.0,180.0,0.0,632.0,183.0,0.0,609.0,182.0,160.0,163.0,145.0,144.0,244.0,
2017-11-08 02:00:00,0.0,620.0,178.0,0.0,672.0,177.0,0.0,677.0,171.0,0.0,668.0,177.0,1.0,623.0,178.0,0.0,622.0,180.0,0.0,605.0,179.0,148.0,150.0,140.0,140.0,243.0,
2017-11-08 03:00:00,0.0,623.0,176.0,0.0,665.0,175.0,,677.0,171.0,0.0,674.0,177.0,1.0,615.0,177.0,0.0,613.0,179.0,0.0,601.0,177.0,355.0,182.0,141.0,141.0,332.0,2016.0
2017-11-08 04:00:00,0.0,618.0,177.0,0.0,644.0,174.0,0.0,675.0,169.0,0.0,671.0,177.0,1.0,611.0,177.0,0.0,606.0,180.0,0.0,598.0,177.0,353.0,218.0,148.0,147.0,317.0,1904.0
2017-11-08 05:00:00,0.0,606.0,178.0,0.0,628.0,174.0,0.0,,,0.0,674.0,177.0,1.0,605.0,178.0,0.0,595.0,183.0,0.0,592.0,178.0,241.0,228.0,150.0,146.0,313.0,1342.0
2017-11-08 06:00:00,0.0,596.0,179.0,0.0,620.0,173.0,0.0,674.0,168.0,0.0,672.0,177.0,0.0,600.0,178.0,0.0,584.0,184.0,0.0,585.0,178.0,270.0,241.0,150.0,145.0,232.0,3136.0
2017-11-08 07:00:00,23.0,685.0,184.0,0.0,638.0,173.0,13.0,682.0,169.0,0.0,666.0,177.0,2.0,619.0,178.0,2.0,596.0,186.0,1.0,586.0,178.0,413.0,250.0,132.0,305.0,460.0,5711.0
2017-11-08 08:00:00,18.0,684.0,187.0,7.0,678.0,173.0,5.0,700.0,170.0,2.0,667.0,176.0,3.0,662.0,178.0,2.0,632.0,188.0,11.0,612.0,179.0,298.0,270.0,137.0,248.0,317.0,2128.0
2017-11-08 09:00:00,26.0,632.0,184.0,23.0,653.0,173.0,13.0,662.0,170.0,7.0,664.0,175.0,7.0,645.0,178.0,8.0,610.0,189.0,36.0,612.0,180.0,384.0,276.0,152.0,162.0,272.0,1008.0
2017-11-08 10:00:00,36.0,612.0,184.0,30.0,650.0,173.0,19.0,657.0,170.0,9.0,659.0,175.0,9.0,631.0,178.0,11.0,597.0,189.0,38.0,608.0,181.0,388.0,269.0,155.0,153.0,264.0,4140.0
2017-11-08 11:00:00,29.0,602.0,183.0,24.0,647.0,173.0,14.0,652.0,170.0,6.0,656.0,175.0,7.0,622.0,178.0,8.0,591.0,189.0,27.0,604.0,180.0,280.0,261.0,155.0,151.0,286.0,2016.0
2017-11-08 12:00:00,28.0,594.0,183.0,21.0,642.0,173.0,15.0,647.0,170.0,6.0,650.0,174.0,6.0,614.0,178.0,8.0,584.0,189.0,24.0,599.0,181.0,281.0,261.0,154.0,149.0,284.0,2016.0
2017-11-08 13:00:00,19.0,599.0,183.0,14.0,639.0,173.0,11.0,644.0,170.0,5.0,645.0,174.0,4.0,615.0,178.0,5.0,583.0,189.0,16.0,596.0,180.0,274.0,252.0,150.0,149.0,278.0,2128.0
2017-11-08 14:00:00,13.0,610.0,183.0,8.0,641.0,173.0,7.0,646.0,170.0,3.0,641.0,174.0,4.0,628.0,178.0,7.0,599.0,189.0,10.0,604.0,180.0,335.0,263.0,130.0,301.0,435.0,2911.0
2017-11-08 15:00:00,3.0,612.0,181.0,1.0,646.0,172.0,0.0,653.0,170.0,0.0,643.0,173.0,1.0,630.0,178.0,0.0,597.0,188.0,1.0,611.0,179.0,280.0,254.0,147.0,199.0,403.0,2128.0
2017-11-08 16:00:00,1.0,598.0,181.0,0.0,639.0,172.0,0.0,645.0,169.0,0.0,639.0,173.0,0.0,613.0,178.0,0.0,581.0,189.0,0.0,599.0,179.0,289.0,262.0,150.0,156.0,325.0,3024.0
2017-11-08 17:00:00,0.0,591.0,181.0,0.0,635.0,172.0,0.0,641.0,169.0,0.0,635.0,172.0,0.0,604.0,178.0,0.0,573.0,189.0,0.0,593.0,180.0,294.0,270.0,150.0,149.0,304.0,2128.0
2017-11-08 18:00:00,16.0,599.0,181.0,0.0,636.0,172.0,15.0,642.0,169.0,0.0,635.0,172.0,2.0,611.0,179.0,1.0,582.0,190.0,0.0,592.0,180.0,438.0,277.0,136.0,263.0,331.0,2127.0
2017-11-08 19:00:00,1.0,603.0,182.0,0.0,643.0,172.0,1.0,654.0,170.0,0.0,637.0,173.0,1.0,618.0,178.0,1.0,584.0,190.0,4.0,604.0,180.0,388.0,316.0,148.0,188.0,455.0,8062.0
2017-11-08 20:00:00,1.0,601.0,186.0,0.0,642.0,181.0,0.0,652.0,174.0,0.0,633.0,178.0,1.0,614.0,183.0,0.0,577.0,199.0,5.0,596.0,191.0,507.0,457.0,152.0,163.0,1132.0,6048.0
2017-11-08 21:00:00,1.0,595.0,191.0,0.0,635.0,185.0,0.0,652.0,177.0,0.0,624.0,184.0,1.0,618.0,186.0,0.0,576.0,199.0,5.0,585.0,197.0,548.0,421.0,140.0,181.0,585.0,5264.0
2017-11-08 22:00:00,7.0,587.0,192.0,0.0,634.0,187.0,0.0,653.0,178.0,0.0,624.0,186.0,1.0,620.0,187.0,0.0,584.0,198.0,4.0,581.0,198.0,535.0,390.0,160.0,171.0,357.0,5152.0
2017-11-08 23:00:00,8.0,641.0,194.0,0.0,634.0,186.0,0.0,656.0,178.0,0.0,645.0,186.0,1.0,626.0,186.0,0.0,595.0,195.0,0.0,582.0,198.0,377.0,324.0,147.0,317.0,277.0,1792.0
2017-11-09 00:00:00,0.0,607.0,191.0,0.0,636.0,183.0,0.0,659.0,175.0,0.0,659.0,183.0,1.0,628.0,183.0,0.0,603.0,191.0,0.0,594.0,191.0,222.0,223.0,157.0,175.0,242.0,
2017-11-09 01:00:00,0.0,602.0,186.0,0.0,645.0,180.0,0.0,662.0,173.0,0.0,660.0,181.0,1.0,629.0,181.0,0.0,610.0,186.0,0.0,602.0,186.0,177.0,180.0,147.0,150.0,221.0,
2017-11-09 02:00:00,1.0,613.0,183.0,0.0,653.0,178.0,0.0,664.0,171.0,0.0,666.0,180.0,1.0,630.0,180.0,0.0,617.0,183.0,0.0,608.0,182.0,156.0,158.0,142.0,143.0,237.0,
2017-11-09 03:00:00,1.0,623.0,180.0,0.0,656.0,177.0,0.0,667.0,169.0,0.0,680.0,179.0,1.0,631.0,179.0,0.0,623.0,181.0,0.0,614.0,180.0,146.0,147.0,140.0,139.0,400.0,
2017-11-09 04:00:00,1.0,633.0,178.0,0.0,658.0,176.0,0.0,669.0,168.0,0.0,686.0,178.0,1.0,632.0,178.0,0.0,628.0,179.0,0.0,620.0,178.0,140.0,141.0,138.0,138.0,304.0,
2017-11-09 05:00:00,1.0,635.0,177.0,0.0,659.0,175.0,0.0,670.0,167.0,0.0,682.0,177.0,1.0,632.0,177.0,0.0,631.0,177.0,0.0,624.0,176.0,136.0,137.0,135.0,136.0,311.0,
2017-11-09 06:00:00,0.0,631.0,176.0,0.0,660.0,173.0,0.0,668.0,166.0,0.0,685.0,177.0,1.0,631.0,176.0,0.0,631.0,176.0,0.0,627.0,175.0,135.0,134.0,135.0,135.0,238.0,
2017-11-09 07:00:00,20.0,635.0,174.0,0.0,660.0,172.0,0.0,669.0,166.0,0.0,690.0,176.0,1.0,630.0,175.0,0.0,635.0,175.0,0.0,628.0,173.0,133.0,133.0,127.0,133.0,259.0,
2017-11-09 08:00:00,42.0,732.0,175.0,0.0,678.0,172.0,0.0,677.0,167.0,2.0,680.0,175.0,6.0,643.0,174.0,8.0,646.0,174.0,8.0,633.0,172.0,332.0,149.0,123.0,306.0,1859.0,4704.0
2017-11-09 09:00:00,43.0,892.0,180.0,8.0,729.0,172.0,25.0,751.0,167.0,4.0,679.0,175.0,4.0,672.0,174.0,4.0,669.0,173.0,22.0,652.0,171.0,291.0,168.0,124.0,296.0,1406.0,2240.0
2017-11-09 10:00:00,37.0,699.0,176.0,28.0,714.0,171.0,16.0,701.0,166.0,9.0,666.0,174.0,7.0,660.0,174.0,12.0,677.0,173.0,33.0,658.0,170.0,196.0,165.0,129.0,146.0,478.0,
2017-11-09 11:00:00,49.0,667.0,173.0,26.0,717.0,170.0,18.0,685.0,165.0,7.0,650.0,172.0,7.0,645.0,173.0,11.0,654.0,173.0,35.0,653.0,169.0,164.0,153.0,139.0,141.0,287.0,
2017-11-09 12:00:00,47.0,651.0,171.0,26.0,717.0,168.0,31.0,680.0,165.0,12.0,644.0,171.0,10.0,637.0,171.0,15.0,643.0,172.0,37.0,652.0,168.0,148.0,145.0,139.0,138.0,254.0,
2017-11-09 13:00:00,45.0,644.0,170.0,25.0,718.0,167.0,48.0,677.0,164.0,20.0,642.0,171.0,12.0,632.0,171.0,22.0,637.0,171.0,43.0,652.0,167.0,141.0,139.0,135.0,136.0,249.0,
2017-11-09 14:00:00,30.0,644.0,169.0,19.0,718.0,167.0,89.0,674.0,164.0,48.0,642.0,171.0,22.0,632.0,171.0,40.0,637.0,170.0,30.0,651.0,166.0,135.0,135.0,135.0,135.0,372.0,
2017-11-09 15:00:00,10.0,644.0,168.0,5.0,708.0,166.0,14.0,663.0,163.0,11.0,634.0,170.0,15.0,630.0,171.0,8.0,637.0,169.0,12.0,649.0,165.0,134.0,133.0,135.0,134.0,346.0,
2017-11-09 16:00:00,1.0,644.0,168.0,0.0,708.0,164.0,0.0,663.0,162.0,0.0,630.0,168.0,1.0,634.0,170.0,0.0,641.0,168.0,4.0,652.0,164.0,130.0,131.0,133.0,133.0,308.0,
2017-11-09 17:00:00,0.0,645.0,167.0,0.0,709.0,164.0,0.0,663.0,161.0,0.0,631.0,167.0,1.0,637.0,168.0,1.0,648.0,168.0,3.0,653.0,163.0,217.0,168.0,130.0,133.0,390.0,6944.0
2017-11-09 18:00:00,17.0,717.0,175.0,0.0,698.0,172.0,5.0,679.0,166.0,0.0,680.0,171.0,3.0,690.0,175.0,4.0,645.0,194.0,3.0,636.0,178.0,549.0,444.0,130.0,258.0,2569.0,8620.0
2017-11-09 19:00:00,35.0,845.0,190.0,1.0,708.0,177.0,2.0,718.0,172.0,0.0,715.0,176.0,3.0,720.0,181.0,4.0,632.0,207.0,3.0,649.0,186.0,437.0,377.0,139.0,235.0,2044.0,3696.0
2017-11-09 20:00:00,27.0,789.0,190.0,0.0,728.0,179.0,0.0,701.0,172.0,0.0,732.0,178.0,3.0,734.0,183.0,4.0,643.0,208.0,5.0,659.0,188.0,457.0,322.0,126.0,316.0,976.0,10751.0
2017-11-09 21:00:00,58.0,961.0,196.0,0.0,772.0,181.0,0.0,690.0,170.0,0.0,754.0,180.0,3.0,745.0,185.0,5.0,664.0,225.0,10.0,673.0,186.0,568.0,278.0,130.0,307.0,1991.0,8736.0
2017-11-09 22:00:00,15.0,924.0,205.0,0.0,763.0,183.0,0.0,686.0,171.0,0.0,749.0,182.0,2.0,769.0,188.0,0.0,675.0,222.0,5.0,680.0,190.0,458.0,360.0,145.0,328.0,590.0,6943.0
2017-11-09 23:00:00,0.0,743.0,203.0,0.0,761.0,184.0,0.0,672.0,173.0,0.0,719.0,180.0,1.0,758.0,189.0,0.0,679.0,210.0,5.0,676.0,194.0,505.0,373.0,169.0,187.0,374.0,4704.0
2017-11-10 00:00:00,5.0,700.0,202.0,0.0,741.0,185.0,0.0,668.0,175.0,0.0,705.0,179.0,1.0,706.0,189.0,0.0,658.0,201.0,3.0,654.0,197.0,517.0,361.0,173.0,171.0,308.0,2351.0
2017-11-10 01:00:00,0.0,673.0,196.0,0.0,710.0,184.0,0.0,666.0,174.0,0.0,696.0,179.0,1.0,679.0,187.0,0.0,649.0,196.0,0.0,646.0,193.0,304.0,259.0,165.0,162.0,243.0,
2017-11-10 02:00:00,1.0,653.0,190.0,0.0,709.0,181.0,0.0,668.0,171.0,0.0,692.0,178.0,1.0,655.0,185.0,0.0,634.0,191.0,0.0,649.0,188.0,210.0,199.0,156.0,153.0,297.0,
2017-11-10 03:00:00,3.0,643.0,185.0,0.0,711.0,179.0,0.0,664.0,169.0,0.0,690.0,177.0,1.0,644.0,184.0,0.0,627.0,188.0,0.0,649.0,184.0,172.0,170.0,149.0,147.0,312.0,
2017-11-10 04:00:00,0.0,628.0,181.0,0.0,715.0,177.0,0.0,657.0,167.0,0.0,677.0,176.0,1.0,628.0,183.0,0.0,617.0,185.0,0.0,645.0,181.0,154.0,154.0,144.0,143.0,283.0,
2017-11-10 05:00:00,0.0,626.0,179.0,0.0,714.0,176.0,0.0,652.0,165.0,0.0,671.0,175.0,0.0,623.0,181.0,0.0,615.0,182.0,0.0,643.0,178.0,145.0,145.0,140.0,140.0,337.0,
2017-11-10 06:00:00,0.0,622.0,177.0,0.0,713.0,174.0,0.0,649.0,164.0,0.0,671.0,174.0,0.0,620.0,180.0,0.0,614.0,180.0,0.0,642.0,176.0,140.0,140.0,139.0,138.0,201.0,
2017-11-10 07:00:00,30.0,622.0,175.0,0.0,711.0,173.0,4.0,656.0,164.0,0.0,668.0,173.0,1.0,613.0,178.0,1.0,611.0,178.0,3.0,637.0,175.0,243.0,183.0,129.0,141.0,393.0,6496.0
2017-11-10 08:00:00,43.0,707.0,184.0,3.0,684.0,180.0,19.0,664.0,172.0,1.0,673.0,176.0,4.0,639.0,183.0,4.0,594.0,195.0,8.0,614.0,188.0,541.0,480.0,127.0,242.0,1203.0,8399.0
2017-11-10 09:00:00,24.0,630.0,199.0,16.0,660.0,186.0,8.0,645.0,176.0,3.0,662.0,181.0,6.0,623.0,187.0,5.0,584.0,198.0,24.0,590.0,196.0,445.0,421.0,136.0,212.0,423.0,2688.0
2017-11-10 10:00:00,24.0,570.0,196.0,22.0,668.0,182.0,,,,5.0,652.0,179.0,8.0,621.0,183.0,9.0,590.0,192.0,33.0,593.0,190.0,262.0,264.0,150.0,161.0,229.0,
2017-11-10 11:00:00,32.0,575.0,186.0,18.0,679.0,178.0,,,,6.0,638.0,177.0,9.0,610.0,180.0,12.0,591.0,186.0,33.0,597.0,183.0,191.0,195.0,147.0,147.0,264.0,
2017-11-10 12:00:00,31.0,578.0,181.0,25.0,685.0,176.0,,,,10.0,629.0,176.0,10.0,600.0,178.0,15.0,587.0,182.0,41.0,597.0,179.0,164.0,167.0,143.0,142.0,214.0,
2017-11-10 13:00:00,28.0,583.0,175.0,19.0,681.0,173.0,,,,26.0,622.0,174.0,15.0,596.0,176.0,30.0,590.0,178.0,49.0,604.0,176.0,145.0,147.0,138.0,138.0,310.0,
2017-11-10 14:00:00,16.0,588.0,173.0,10.0,684.0,172.0,24.0,647.0,167.0,13.0,615.0,173.0,10.0,592.0,175.0,15.0,589.0,176.0,20.0,608.0,174.0,138.0,140.0,134.0,135.0,498.0,
2017-11-10 15:00:00,7.0,610.0,175.0,4.0,681.0,172.0,,,,2.0,619.0,173.0,5.0,604.0,176.0,4.0,599.0,179.0,10.0,607.0,175.0,345.0,302.0,133.0,137.0,386.0,4812.0
2017-11-10 16:00:00,1.0,589.0,183.0,0.0,663.0,174.0,,,,0.0,625.0,174.0,1.0,604.0,179.0,0.0,578.0,189.0,4.0,592.0,181.0,325.0,314.0,149.0,147.0,349.0,1120.0
2017-11-10 17:00:00,1.0,594.0,183.0,0.0,650.0,173.0,2.0,661.0,169.0,0.0,627.0,174.0,2.0,611.0,178.0,4.0,611.0,188.0,4.0,597.0,180.0,343.0,257.0,134.0,213.0,625.0,2127.0
2017-11-10 18:00:00,11.0,616.0,188.0,0.0,681.0,176.0,2.0,686.0,170.0,0.0,658.0,175.0,3.0,654.0,180.0,4.0,669.0,193.0,4.0,614.0,184.0,428.0,367.0,134.0,194.0,377.0,5936.0
2017-11-10 19:00:00,7.0,604.0,194.0,0.0,666.0,181.0,0.0,665.0,174.0,0.0,648.0,178.0,1.0,631.0,182.0,0.0,612.0,191.0,5.0,601.0,192.0,511.0,446.0,152.0,162.0,358.0,7168.0
2017-11-10 20:00:00,5.0,584.0,201.0,0.0,644.0,187.0,0.0,656.0,178.0,0.0,639.0,181.0,2.0,623.0,185.0,4.0,606.0,192.0,5.0,583.0,200.0,531.0,472.0,147.0,215.0,2590.0,6272.0
2017-11-10 21:00:00,1.0,571.0,205.0,0.0,640.0,191.0,0.0,649.0,181.0,0.0,646.0,185.0,1.0,665.0,188.0,4.0,653.0,199.0,5.0,580.0,205.0,468.0,431.0,140.0,273.0,1896.0,3248.0
2017-11-10 22:00:00,8.0,568.0,201.0,0.0,634.0,187.0,0.0,647.0,177.0,0.0,640.0,185.0,1.0,638.0,187.0,0.0,596.0,199.0,0.0,584.0,199.0,277.0,278.0,146.0,188.0,312.0,
2017-11-10 23:00:00,0.0,570.0,193.0,0.0,638.0,183.0,,,,0.0,648.0,182.0,1.0,622.0,184.0,0.0,595.0,193.0,0.0,587.0,190.0,197.0,201.0,145.0,156.0,212.0,
2017-11-11 00:00:00,1.0,570.0,187.0,0.0,651.0,181.0,,651.0,171.0,0.0,649.0,179.0,1.0,606.0,182.0,0.0,590.0,188.0,0.0,587.0,185.0,165.0,169.0,145.0,145.0,247.0,
2017-11-11 01:00:00,0.0,578.0,182.0,0.0,655.0,178.0,0.0,651.0,169.0,0.0,650.0,178.0,1.0,600.0,180.0,0.0,590.0,184.0,0.0,588.0,182.0,149.0,152.0,140.0,140.0,252.0,
2017-11-11 02:00:00,0.0,587.0,178.0,0.0,652.0,176.0,0.0,651.0,168.0,0.0,654.0,177.0,1.0,597.0,178.0,0.0,594.0,181.0,0.0,590.0,179.0,141.0,142.0,137.0,137.0,318.0,
2017-11-11 03:00:00,1.0,593.0,176.0,0.0,651.0,175.0,0.0,651.0,165.0,0.0,655.0,176.0,1.0,595.0,177.0,0.0,598.0,178.0,0.0,590.0,176.0,135.0,136.0,135.0,134.0,306.0,
2017-11-11 04:00:00,1.0,595.0,175.0,0.0,650.0,173.0,0.0,,,0.0,657.0,174.0,1.0,594.0,176.0,0.0,599.0,177.0,0.0,591.0,175.0,269.0,164.0,135.0,135.0,326.0,1008.0
2017-11-11 05:00:00,0.0,594.0,176.0,0.0,635.0,172.0,0.0,654.0,163.0,0.0,661.0,174.0,1.0,597.0,176.0,0.0,600.0,178.0,0.0,595.0,174.0,406.0,208.0,142.0,140.0,363.0,1904.0
2017-11-11 06:00:00,1.0,589.0,178.0,0.0,623.0,172.0,0.0,657.0,163.0,0.0,667.0,173.0,1.0,597.0,176.0,0.0,593.0,180.0,0.0,593.0,175.0,301.0,226.0,145.0,144.0,278.0,2128.0
2017-11-11 07:00:00,7.0,584.0,179.0,0.0,620.0,171.0,0.0,655.0,162.0,0.0,667.0,172.0,1.0,597.0,175.0,0.0,588.0,181.0,0.0,591.0,175.0,434.0,235.0,148.0,146.0,231.0,2128.0
2017-11-11 08:00:00,12.0,569.0,181.0,0.0,635.0,171.0,19.0,665.0,165.0,0.0,667.0,171.0,3.0,613.0,175.0,5.0,608.0,189.0,0.0,586.0,175.0,372.0,258.0,144.0,148.0,310.0,2463.0
2017-11-11 09:00:00,23.0,583.0,187.0,0.0,646.0,176.0,28.0,660.0,169.0,0.0,668.0,171.0,3.0,612.0,180.0,4.0,569.0,198.0,5.0,594.0,183.0,550.0,433.0,142.0,217.0,358.0,9518.0
2017-11-11 10:00:00,50.0,780.0,201.0,0.0,635.0,183.0,33.0,645.0,175.0,1.0,671.0,173.0,5.0,632.0,185.0,10.0,589.0,199.0,5.0,581.0,193.0,537.0,457.0,133.0,265.0,552.0,11871.0
2017-11-11 11:00:00,63.0,670.0,205.0,22.0,632.0,189.0,22.0,651.0,179.0,7.0,687.0,181.0,9.0,664.0,187.0,14.0,636.0,197.0,41.0,596.0,198.0,473.0,439.0,128.0,297.0,2393.0,4255.0
2017-11-11 12:00:00,54.0,653.0,198.0,30.0,627.0,185.0,31.0,645.0,177.0,16.0,660.0,181.0,8.0,635.0,184.0,14.0,611.0,192.0,38.0,585.0,193.0,294.0,294.0,129.0,195.0,1124.0,
2017-11-11 13:00:00,33.0,646.0,188.0,20.0,639.0,179.0,29.0,642.0,173.0,13.0,649.0,178.0,8.0,623.0,180.0,14.0,610.0,185.0,23.0,591.0,184.0,191.0,195.0,145.0,149.0,338.0,
2017-11-11 14:00:00,21.0,633.0,183.0,13.0,642.0,177.0,17.0,638.0,171.0,7.0,641.0,176.0,5.0,611.0,178.0,7.0,602.0,181.0,12.0,595.0,179.0,162.0,166.0,142.0,141.0,291.0,
2017-11-11 15:00:00,10.0,628.0,180.0,5.0,640.0,174.0,7.0,634.0,169.0,2.0,634.0,175.0,2.0,608.0,176.0,2.0,604.0,178.0,5.0,596.0,176.0,147.0,150.0,139.0,138.0,270.0,
2017-11-11 16:00:00,1.0,620.0,179.0,0.0,638.0,172.0,0.0,629.0,167.0,0.0,629.0,173.0,0.0,607.0,175.0,0.0,606.0,175.0,0.0,593.0,174.0,139.0,141.0,135.0,134.0,268.0,
2017-11-11 17:00:00,4.0,627.0,177.0,0.0,636.0,170.0,5.0,627.0,166.0,0.0,624.0,171.0,2.0,606.0,173.0,1.0,609.0,174.0,1.0,594.0,171.0,243.0,191.0,134.0,139.0,496.0,6384.0
2017-11-11 18:00:00,23.0,761.0,186.0,2.0,642.0,175.0,2.0,655.0,169.0,0.0,658.0,174.0,7.0,659.0,178.0,3.0,624.0,188.0,5.0,598.0,180.0,557.0,409.0,124.0,291.0,584.0,8062.0
2017-11-11 19:00:00,1.0,630.0,194.0,0.0,639.0,183.0,0.0,653.0,175.0,0.0,650.0,180.0,1.0,635.0,184.0,0.0,631.0,193.0,5.0,594.0,192.0,543.0,464.0,144.0,172.0,805.0,7615.0
2017-11-11 20:00:00,1.0,631.0,197.0,0.0,644.0,188.0,0.0,649.0,179.0,0.0,656.0,182.0,1.0,646.0,185.0,0.0,660.0,195.0,6.0,584.0,199.0,534.0,443.0,136.0,160.0,531.0,5036.0
2017-11-11 21:00:00,1.0,610.0,193.0,0.0,637.0,190.0,0.0,645.0,182.0,0.0,649.0,184.0,1.0,635.0,186.0,0.0,628.0,195.0,6.0,586.0,197.0,517.0,424.0,158.0,160.0,383.0,5593.0
2017-11-11 22:00:00,1.0,603.0,191.0,0.0,630.0,192.0,0.0,643.0,184.0,0.0,636.0,185.0,1.0,622.0,187.0,0.0,608.0,197.0,6.0,587.0,196.0,511.0,416.0,152.0,162.0,1024.0,4816.0
2017-11-11 23:00:00,12.0,613.0,189.0,0.0,647.0,189.0,0.0,644.0,183.0,0.0,634.0,186.0,1.0,622.0,187.0,0.0,606.0,195.0,6.0,589.0,194.0,456.0,312.0,133.0,210.0,1077.0,3919.0
2017-11-12 00:00:00,2.0,639.0,188.0,0.0,652.0,187.0,0.0,648.0,180.0,0.0,636.0,184.0,1.0,621.0,187.0,0.0,605.0,195.0,6.0,593.0,193.0,461.0,287.0,153.0,217.0,327.0,2688.0
2017-11-12 01:00:00,1.0,619.0,186.0,0.0,642.0,185.0,0.0,651.0,179.0,0.0,636.0,183.0,1.0,620.0,186.0,0.0,593.0,196.0,3.0,589.0,192.0,487.0,285.0,164.0,167.0,319.0,2350.0
2017-11-12 02:00:00,0.0,601.0,183.0,0.0,651.0,184.0,0.0,647.0,177.0,0.0,642.0,182.0,0.0,606.0,185.0,0.0,583.0,194.0,0.0,585.0,188.0,297.0,233.0,158.0,155.0,286.0,
2017-11-12 03:00:00,0.0,594.0,180.0,0.0,675.0,181.0,0.0,641.0,174.0,0.0,643.0,180.0,0.0,595.0,183.0,0.0,578.0,190.0,0.0,589.0,183.0,203.0,186.0,149.0,146.0,293.0,
2017-11-12 04:00:00,0.0,589.0,177.0,0.0,682.0,178.0,0.0,633.0,171.0,0.0,637.0,179.0,0.0,588.0,181.0,0.0,577.0,186.0,0.0,590.0,180.0,165.0,160.0,142.0,140.0,291.0,
2017-11-12 05:00:00,0.0,591.0,176.0,0.0,671.0,176.0,0.0,632.0,169.0,0.0,640.0,178.0,0.0,586.0,179.0,0.0,581.0,183.0,0.0,590.0,178.0,196.0,177.0,140.0,138.0,308.0,1904.0
2017-11-12 06:00:00,0.0,582.0,177.0,0.0,645.0,175.0,0.0,631.0,167.0,0.0,648.0,178.0,0.0,584.0,178.0,0.0,579.0,183.0,0.0,588.0,178.0,338.0,214.0,141.0,140.0,194.0,3024.0
2017-11-12 07:00:00,1.0,574.0,178.0,0.0,643.0,174.0,0.0,632.0,167.0,0.0,649.0,177.0,0.0,582.0,177.0,0.0,574.0,183.0,0.0,585.0,177.0,213.0,209.0,143.0,141.0,190.0,
2017-11-12 08:00:00,9.0,576.0,176.0,0.0,662.0,173.0,4.0,624.0,167.0,0.0,647.0,175.0,2.0,582.0,175.0,3.0,574.0,181.0,1.0,585.0,175.0,283.0,229.0,137.0,138.0,376.0,6720.0
2017-11-12 09:00:00,41.0,591.0,184.0,10.0,641.0,175.0,11.0,630.0,170.0,0.0,639.0,177.0,4.0,603.0,179.0,7.0,586.0,190.0,5.0,582.0,182.0,424.0,348.0,144.0,170.0,391.0,3919.0
2017-11-12 10:00:00,29.0,690.0,188.0,15.0,641.0,176.0,11.0,654.0,172.0,0.0,637.0,178.0,4.0,638.0,180.0,10.0,582.0,201.0,10.0,586.0,183.0,520.0,279.0,134.0,263.0,480.0,3360.0
2017-11-12 11:00:00,37.0,812.0,189.0,13.0,640.0,176.0,12.0,643.0,172.0,8.0,640.0,177.0,4.0,639.0,180.0,6.0,584.0,195.0,30.0,590.0,184.0,478.0,284.0,141.0,263.0,318.0,2907.0
2017-11-12 12:00:00,40.0,742.0,185.0,19.0,645.0,175.0,25.0,632.0,171.0,20.0,633.0,176.0,7.0,618.0,178.0,11.0,576.0,191.0,37.0,586.0,181.0,298.0,235.0,152.0,171.0,276.0,
2017-11-12 13:00:00,42.0,685.0,179.0,17.0,659.0,172.0,53.0,623.0,169.0,42.0,627.0,175.0,12.0,605.0,176.0,28.0,576.0,186.0,51.0,591.0,176.0,198.0,183.0,145.0,145.0,281.0,
2017-11-12 14:00:00,30.0,655.0,175.0,17.0,659.0,171.0,87.0,623.0,168.0,72.0,617.0,175.0,22.0,601.0,175.0,53.0,579.0,182.0,32.0,596.0,173.0,163.0,159.0,139.0,138.0,377.0,
2017-11-12 15:00:00,40.0,639.0,173.0,2.0,659.0,169.0,5.0,620.0,166.0,3.0,609.0,173.0,5.0,599.0,173.0,3.0,585.0,179.0,9.0,596.0,170.0,143.0,143.0,123.0,137.0,1254.0,
2017-11-12 16:00:00,13.0,629.0,175.0,0.0,650.0,171.0,13.0,625.0,167.0,0.0,625.0,173.0,1.0,599.0,175.0,0.0,590.0,181.0,5.0,596.0,175.0,507.0,419.0,120.0,162.0,782.0,8495.0
2017-11-12 17:00:00,0.0,604.0,182.0,0.0,628.0,173.0,0.0,621.0,169.0,0.0,619.0,174.0,1.0,595.0,178.0,0.0,573.0,187.0,0.0,578.0,180.0,366.0,327.0,141.0,173.0,359.0,
2017-11-12 18:00:00,0.0,578.0,179.0,0.0,641.0,171.0,0.0,611.0,167.0,0.0,612.0,173.0,1.0,587.0,175.0,0.0,563.0,185.0,0.0,581.0,175.0,231.0,225.0,143.0,146.0,228.0,
2017-11-12 19:00:00,22.0,645.0,177.0,0.0,649.0,169.0,2.0,623.0,165.0,0.0,609.0,171.0,1.0,602.0,173.0,1.0,585.0,181.0,0.0,581.0,171.0,345.0,274.0,120.0,300.0,815.0,9959.0
2017-11-12 20:00:00,1.0,634.0,187.0,0.0,650.0,174.0,0.0,645.0,169.0,0.0,621.0,175.0,1.0,621.0,178.0,0.0,597.0,189.0,4.0,589.0,182.0,543.0,429.0,129.0,236.0,613.0,6382.0
2017-11-12 21:00:00,23.0,617.0,191.0,0.0,662.0,180.0,0.0,639.0,173.0,0.0,629.0,179.0,1.0,619.0,182.0,1.0,605.0,195.0,7.0,591.0,189.0,547.0,394.0,128.0,241.0,937.0,5599.0
2017-11-12 22:00:00,1.0,628.0,187.0,0.0,676.0,181.0,0.0,639.0,174.0,0.0,645.0,181.0,1.0,634.0,184.0,0.0,613.0,196.0,8.0,603.0,192.0,528.0,371.0,150.0,207.0,485.0,4592.0
2017-11-12 23:00:00,3.0,616.0,185.0,0.0,667.0,181.0,0.0,641.0,175.0,0.0,635.0,180.0,1.0,624.0,183.0,0.0,597.0,197.0,5.0,587.0,191.0,441.0,321.0,159.0,164.0,345.0,1229.0
2017-11-13 00:00:00,1.0,604.0,180.0,0.0,667.0,177.0,0.0,645.0,172.0,0.0,635.0,178.0,1.0,615.0,180.0,0.0,589.0,191.0,0.0,600.0,184.0,249.0,222.0,151.0,149.0,222.0,
2017-11-13 01:00:00,1.0,601.0,176.0,0.0,686.0,174.0,0.0,646.0,169.0,0.0,638.0,177.0,1.0,605.0,177.0,0.0,583.0,185.0,0.0,608.0,178.0,286.0,186.0,144.0,141.0,289.0,1008.0
2017-11-13 02:00:00,1.0,599.0,174.0,0.0,670.0,172.0,0.0,646.0,167.0,0.0,641.0,176.0,1.0,600.0,176.0,0.0,581.0,183.0,0.0,610.0,175.0,402.0,210.0,145.0,142.0,375.0,1344.0
2017-11-13 03:00:00,0.0,594.0,173.0,0.0,664.0,171.0,0.0,645.0,166.0,0.0,643.0,175.0,1.0,594.0,175.0,0.0,576.0,182.0,0.0,613.0,173.0,297.0,203.0,140.0,176.0,330.0,
2017-11-13 04:00:00,0.0,585.0,171.0,0.0,678.0,169.0,,,,0.0,639.0,174.0,1.0,588.0,173.0,0.0,573.0,178.0,0.0,611.0,170.0,195.0,169.0,138.0,144.0,267.0,
2017-11-13 05:00:00,0.0,583.0,169.0,0.0,671.0,167.0,,,,0.0,645.0,173.0,1.0,586.0,171.0,0.0,574.0,176.0,0.0,611.0,168.0,200.0,180.0,135.0,135.0,282.0,1904.0
2017-11-13 06:00:00,1.0,575.0,171.0,0.0,644.0,166.0,0.0,642.0,161.0,0.0,649.0,173.0,1.0,583.0,171.0,0.0,573.0,176.0,0.0,612.0,168.0,318.0,220.0,138.0,136.0,278.0,2240.0
2017-11-13 07:00:00,22.0,864.0,182.0,0.0,665.0,168.0,5.0,667.0,161.0,0.0,658.0,174.0,1.0,625.0,172.0,1.0,600.0,181.0,0.0,622.0,170.0,472.0,355.0,126.0,309.0,514.0,15232.0
2017-11-13 08:00:00,4.0,658.0,183.0,1.0,658.0,175.0,0.0,656.0,169.0,0.0,646.0,177.0,1.0,617.0,178.0,0.0,586.0,192.0,2.0,627.0,179.0,490.0,403.0,151.0,178.0,242.0,1680.0
2017-11-13 09:00:00,9.0,599.0,179.0,5.0,652.0,172.0,,,,1.0,629.0,175.0,2.0,611.0,175.0,0.0,568.0,189.0,7.0,609.0,175.0,281.0,256.0,149.0,150.0,212.0,
2017-11-13 10:00:00,16.0,585.0,173.0,12.0,661.0,168.0,,,,3.0,614.0,172.0,4.0,597.0,172.0,3.0,564.0,182.0,16.0,609.0,169.0,191.0,187.0,141.0,139.0,254.0,
2017-11-13 11:00:00,26.0,581.0,168.0,21.0,670.0,166.0,,,,6.0,602.0,170.0,6.0,590.0,169.0,7.0,566.0,177.0,28.0,610.0,165.0,155.0,156.0,134.0,133.0,216.0,
2017-11-13 12:00:00,22.0,581.0,165.0,17.0,669.0,164.0,,,,6.0,596.0,168.0,5.0,585.0,167.0,6.0,569.0,173.0,22.0,609.0,163.0,139.0,141.0,130.0,129.0,205.0,
2017-11-13 13:00:00,22.0,581.0,162.0,16.0,665.0,162.0,,,,6.0,592.0,166.0,6.0,581.0,165.0,6.0,571.0,170.0,22.0,607.0,161.0,130.0,131.0,125.0,126.0,238.0,
2017-11-13 14:00:00,8.0,587.0,161.0,5.0,662.0,161.0,,,,1.0,590.0,164.0,2.0,581.0,164.0,1.0,575.0,168.0,7.0,607.0,159.0,317.0,155.0,127.0,126.0,351.0,1791.0
2017-11-13 15:00:00,5.0,589.0,162.0,2.0,649.0,160.0,,,,0.0,590.0,163.0,1.0,584.0,164.0,0.0,578.0,168.0,3.0,607.0,159.0,363.0,192.0,133.0,131.0,304.0,2016.0
2017-11-13 16:00:00,1.0,584.0,164.0,0.0,639.0,159.0,,,,0.0,592.0,163.0,0.0,586.0,164.0,0.0,578.0,168.0,0.0,605.0,159.0,217.0,204.0,135.0,133.0,271.0,1120.0
2017-11-13 17:00:00,14.0,586.0,167.0,0.0,649.0,160.0,2.0,687.0,159.0,0.0,615.0,163.0,1.0,630.0,165.0,2.0,638.0,179.0,5.0,606.0,162.0,464.0,321.0,129.0,190.0,562.0,8624.0
2017-11-13 18:00:00,2.0,631.0,175.0,0.0,661.0,169.0,5.0,657.0,163.0,0.0,654.0,169.0,2.0,675.0,173.0,4.0,619.0,197.0,7.0,615.0,173.0,536.0,456.0,135.0,224.0,2220.0,9630.0
2017-11-13 19:00:00,4.0,639.0,183.0,0.0,650.0,179.0,0.0,651.0,170.0,0.0,655.0,176.0,2.0,669.0,179.0,2.0,560.0,214.0,5.0,610.0,183.0,525.0,455.0,138.0,184.0,701.0,6943.0
2017-11-13 20:00:00,6.0,628.0,183.0,0.0,648.0,184.0,0.0,639.0,173.0,0.0,640.0,181.0,1.0,631.0,182.0,0.0,554.0,208.0,4.0,588.0,192.0,532.0,450.0,132.0,291.0,1399.0,9519.0
2017-11-13 21:00:00,4.0,626.0,180.0,0.0,648.0,187.0,0.0,629.0,176.0,0.0,625.0,188.0,1.0,626.0,185.0,0.0,566.0,204.0,3.0,574.0,198.0,516.0,440.0,151.0,175.0,838.0,7279.0
2017-11-13 22:00:00,4.0,620.0,177.0,0.0,640.0,190.0,0.0,626.0,178.0,0.0,611.0,193.0,1.0,621.0,186.0,0.0,564.0,204.0,3.0,567.0,199.0,526.0,441.0,163.0,162.0,292.0,6720.0
2017-11-13 23:00:00,9.0,683.0,183.0,0.0,632.0,191.0,0.0,625.0,180.0,0.0,606.0,195.0,1.0,628.0,187.0,1.0,577.0,202.0,4.0,573.0,197.0,568.0,361.0,137.0,294.0,297.0,3136.0
2017-11-14 00:00:00,1.0,667.0,183.0,0.0,649.0,185.0,0.0,629.0,178.0,0.0,609.0,190.0,1.0,654.0,183.0,0.0,612.0,196.0,4.0,596.0,191.0,364.0,253.0,153.0,209.0,318.0,1008.0
2017-11-14 01:00:00,1.0,635.0,183.0,0.0,646.0,182.0,,,,0.0,627.0,189.0,1.0,638.0,181.0,0.0,607.0,191.0,0.0,599.0,190.0,247.0,227.0,151.0,156.0,275.0,2016.0
2017-11-14 02:00:00,1.0,614.0,186.0,0.0,642.0,181.0,0.0,,,0.0,642.0,189.0,1.0,631.0,181.0,0.0,601.0,191.0,0.0,581.0,195.0,274.0,244.0,150.0,148.0,288.0,2126.0
2017-11-14 03:00:00,0.0,617.0,184.0,0.0,644.0,180.0,,,,0.0,646.0,188.0,1.0,632.0,181.0,0.0,605.0,189.0,0.0,582.0,191.0,234.0,196.0,146.0,144.0,343.0,
2017-11-14 04:00:00,1.0,627.0,180.0,0.0,649.0,178.0,,,,0.0,645.0,186.0,1.0,629.0,179.0,0.0,611.0,186.0,0.0,596.0,184.0,175.0,165.0,140.0,139.0,331.0,
2017-11-14 05:00:00,1.0,633.0,177.0,0.0,652.0,176.0,,,,0.0,647.0,185.0,0.0,627.0,178.0,0.0,616.0,183.0,0.0,605.0,180.0,151.0,148.0,136.0,135.0,303.0,
2017-11-14 06:00:00,1.0,635.0,175.0,0.0,651.0,175.0,,,,0.0,653.0,183.0,0.0,625.0,177.0,0.0,619.0,180.0,0.0,610.0,177.0,139.0,139.0,134.0,133.0,246.0,
2017-11-14 07:00:00,31.0,840.0,178.0,0.0,666.0,174.0,1.0,663.0,168.0,0.0,657.0,182.0,1.0,650.0,175.0,1.0,675.0,179.0,0.0,616.0,174.0,138.0,138.0,117.0,254.0,556.0,3696.0
2017-11-14 08:00:00,9.0,706.0,175.0,8.0,673.0,173.0,3.0,686.0,169.0,1.0,636.0,180.0,2.0,676.0,175.0,1.0,684.0,180.0,8.0,643.0,173.0,140.0,140.0,125.0,173.0,306.0,
2017-11-14 09:00:00,16.0,682.0,171.0,16.0,665.0,171.0,,,,2.0,628.0,178.0,3.0,660.0,173.0,3.0,656.0,176.0,15.0,643.0,171.0,135.0,136.0,132.0,140.0,254.0,
2017-11-14 10:00:00,26.0,669.0,169.0,21.0,663.0,170.0,,,,5.0,628.0,176.0,6.0,649.0,172.0,7.0,647.0,174.0,24.0,642.0,169.0,132.0,132.0,130.0,132.0,265.0,
2017-11-14 11:00:00,34.0,664.0,167.0,24.0,663.0,169.0,,,,7.0,628.0,174.0,8.0,644.0,171.0,10.0,643.0,173.0,31.0,641.0,168.0,130.0,129.0,130.0,130.0,262.0,
2017-11-14 12:00:00,30.0,659.0,166.0,23.0,663.0,168.0,,,,9.0,628.0,172.0,7.0,641.0,170.0,10.0,642.0,172.0,29.0,641.0,166.0,127.0,128.0,129.0,128.0,259.0,
2017-11-14 13:00:00,21.0,656.0,165.0,15.0,663.0,167.0,,,,4.0,629.0,171.0,5.0,639.0,169.0,6.0,641.0,170.0,17.0,641.0,165.0,125.0,125.0,125.0,128.0,269.0,
2017-11-14 14:00:00,10.0,659.0,165.0,7.0,664.0,166.0,,,,1.0,628.0,170.0,2.0,636.0,168.0,1.0,641.0,169.0,7.0,642.0,164.0,125.0,125.0,125.0,128.0,321.0,
2017-11-14 15:00:00,3.0,656.0,164.0,1.0,663.0,165.0,,,,0.0,629.0,168.0,1.0,634.0,167.0,0.0,641.0,168.0,1.0,643.0,162.0,125.0,123.0,125.0,127.0,274.0,
2017-11-14 16:00:00,0.0,653.0,163.0,0.0,662.0,164.0,,,,0.0,629.0,167.0,0.0,632.0,166.0,0.0,640.0,166.0,0.0,643.0,161.0,125.0,123.0,125.0,125.0,255.0,
2017-11-14 17:00:00,1.0,651.0,162.0,0.0,661.0,162.0,0.0,648.0,160.0,0.0,629.0,165.0,0.0,631.0,165.0,0.0,640.0,165.0,0.0,643.0,160.0,123.0,123.0,125.0,125.0,299.0,
2017-11-14 18:00:00,27.0,656.0,169.0,0.0,661.0,166.0,10.0,663.0,163.0,0.0,644.0,167.0,3.0,644.0,167.0,4.0,647.0,173.0,10.0,623.0,176.0,453.0,362.0,129.0,226.0,515.0,13101.0
2017-11-14 19:00:00,12.0,633.0,191.0,0.0,653.0,178.0,1.0,671.0,171.0,0.0,668.0,176.0,3.0,701.0,177.0,6.0,670.0,198.0,3.0,535.0,213.0,527.0,464.0,128.0,261.0,615.0,8285.0
2017-11-14 20:00:00,1.0,693.0,195.0,0.0,715.0,184.0,0.0,665.0,174.0,0.0,710.0,183.0,2.0,782.0,185.0,4.0,707.0,233.0,5.0,552.0,220.0,475.0,412.0,137.0,220.0,530.0,6831.0
2017-11-14 21:00:00,38.0,834.0,195.0,0.0,709.0,185.0,0.0,692.0,177.0,0.0,708.0,187.0,1.0,763.0,187.0,1.0,672.0,229.0,4.0,570.0,216.0,513.0,368.0,117.0,329.0,1349.0,10077.0
2017-11-14 22:00:00,26.0,977.0,197.0,0.0,690.0,185.0,0.0,673.0,177.0,0.0,680.0,191.0,1.0,707.0,186.0,0.0,646.0,214.0,1.0,579.0,209.0,471.0,322.0,129.0,272.0,986.0,3023.0
2017-11-14 23:00:00,46.0,741.0,188.0,0.0,700.0,182.0,0.0,695.0,176.0,0.0,684.0,188.0,3.0,711.0,183.0,1.0,631.0,205.0,0.0,605.0,197.0,345.0,242.0,132.0,260.0,357.0,672.0
2017-11-15 00:00:00,13.0,704.0,184.0,0.0,711.0,180.0,0.0,697.0,175.0,0.0,677.0,185.0,1.0,710.0,182.0,0.0,652.0,199.0,0.0,635.0,188.0,450.0,205.0,119.0,244.0,1367.0,784.0
2017-11-15 01:00:00,1.0,684.0,179.0,0.0,705.0,178.0,0.0,682.0,172.0,0.0,677.0,183.0,1.0,680.0,180.0,0.0,639.0,194.0,0.0,644.0,183.0,252.0,188.0,133.0,162.0,817.0,
2017-11-15 02:00:00,1.0,678.0,176.0,0.0,704.0,176.0,0.0,674.0,171.0,0.0,680.0,181.0,0.0,664.0,179.0,0.0,630.0,190.0,0.0,644.0,179.0,184.0,165.0,143.0,145.0,343.0,
2017-11-15 03:00:00,0.0,678.0,174.0,0.0,700.0,174.0,0.0,670.0,169.0,0.0,679.0,180.0,1.0,654.0,179.0,0.0,623.0,186.0,0.0,644.0,177.0,176.0,161.0,140.0,140.0,356.0,1007.0
2017-11-15 04:00:00,1.0,668.0,175.0,0.0,690.0,173.0,0.0,669.0,168.0,0.0,680.0,180.0,0.0,642.0,178.0,0.0,617.0,185.0,0.0,639.0,178.0,196.0,184.0,140.0,140.0,310.0,1120.0
2017-11-15 05:00:00,0.0,653.0,177.0,0.0,680.0,173.0,0.0,668.0,168.0,0.0,686.0,180.0,0.0,637.0,178.0,0.0,613.0,186.0,0.0,628.0,181.0,230.0,213.0,143.0,140.0,314.0,1904.0
2017-11-15 06:00:00,5.0,641.0,178.0,0.0,678.0,173.0,0.0,667.0,168.0,0.0,690.0,180.0,0.0,633.0,178.0,0.0,607.0,187.0,0.0,613.0,185.0,245.0,225.0,145.0,143.0,272.0,2016.0
2017-11-15 07:00:00,22.0,695.0,181.0,0.0,696.0,173.0,2.0,702.0,170.0,0.0,687.0,180.0,3.0,655.0,178.0,4.0,624.0,189.0,0.0,606.0,187.0,377.0,229.0,115.0,283.0,726.0,4144.0
2017-11-15 08:00:00,30.0,672.0,181.0,7.0,700.0,173.0,3.0,691.0,170.0,1.0,674.0,179.0,3.0,671.0,178.0,1.0,637.0,190.0,8.0,614.0,188.0,348.0,235.0,131.0,267.0,400.0,784.0
2017-11-15 09:00:00,17.0,651.0,178.0,18.0,696.0,171.0,8.0,666.0,169.0,3.0,659.0,177.0,5.0,650.0,176.0,4.0,617.0,187.0,15.0,610.0,184.0,190.0,189.0,145.0,161.0,265.0,
2017-11-15 10:00:00,23.0,651.0,174.0,21.0,701.0,169.0,13.0,657.0,167.0,5.0,649.0,175.0,6.0,644.0,174.0,7.0,618.0,182.0,16.0,622.0,177.0,158.0,158.0,140.0,141.0,213.0,
2017-11-15 11:00:00,23.0,653.0,171.0,21.0,704.0,168.0,13.0,652.0,166.0,5.0,646.0,174.0,6.0,641.0,173.0,7.0,621.0,179.0,15.0,629.0,173.0,146.0,147.0,136.0,136.0,209.0,
2017-11-15 12:00:00,23.0,654.0,168.0,20.0,706.0,167.0,14.0,651.0,165.0,5.0,643.0,172.0,6.0,639.0,171.0,7.0,624.0,176.0,15.0,634.0,169.0,136.0,138.0,133.0,133.0,235.0,
2017-11-15 13:00:00,17.0,662.0,168.0,15.0,702.0,166.0,12.0,649.0,164.0,4.0,646.0,171.0,4.0,650.0,171.0,5.0,644.0,174.0,12.0,643.0,167.0,135.0,134.0,116.0,173.0,372.0,336.0
2017-11-15 14:00:00,10.0,687.0,167.0,8.0,700.0,165.0,6.0,652.0,164.0,2.0,656.0,170.0,3.0,671.0,170.0,2.0,667.0,173.0,5.0,661.0,166.0,134.0,133.0,122.0,161.0,481.0,
2017-11-15 15:00:00,3.0,667.0,166.0,1.0,706.0,164.0,0.0,648.0,162.0,0.0,652.0,168.0,1.0,651.0,169.0,0.0,649.0,171.0,1.0,657.0,164.0,130.0,132.0,130.0,139.0,345.0,
2017-11-15 16:00:00,1.0,656.0,165.0,0.0,705.0,163.0,0.0,642.0,161.0,0.0,647.0,167.0,1.0,639.0,168.0,0.0,639.0,170.0,0.0,653.0,162.0,144.0,135.0,130.0,131.0,343.0,1008.0
2017-11-15 17:00:00,1.0,647.0,166.0,0.0,696.0,162.0,0.0,642.0,161.0,0.0,644.0,166.0,1.0,636.0,167.0,0.0,632.0,170.0,0.0,645.0,164.0,176.0,164.0,130.0,130.0,313.0,1008.0
2017-11-15 18:00:00,3.0,649.0,170.0,0.0,687.0,164.0,20.0,658.0,162.0,0.0,642.0,170.0,2.0,656.0,169.0,4.0,646.0,181.0,0.0,614.0,178.0,471.0,370.0,124.0,163.0,362.0,11647.0
2017-11-15 19:00:00,21.0,691.0,183.0,0.0,689.0,178.0,3.0,656.0,170.0,0.0,657.0,180.0,1.0,664.0,178.0,0.0,614.0,198.0,0.0,540.0,210.0,551.0,466.0,137.0,233.0,325.0,9850.0
2017-11-15 20:00:00,42.0,863.0,187.0,0.0,684.0,184.0,0.0,618.0,174.0,0.0,659.0,186.0,2.0,666.0,182.0,3.0,615.0,201.0,0.0,530.0,217.0,557.0,445.0,128.0,334.0,1649.0,12537.0
2017-11-15 21:00:00,56.0,1005.0,194.0,0.0,692.0,189.0,0.0,596.0,177.0,0.0,642.0,195.0,2.0,696.0,187.0,1.0,624.0,211.0,0.0,532.0,217.0,542.0,459.0,134.0,288.0,1384.0,8507.0
2017-11-15 22:00:00,56.0,1017.0,201.0,0.0,686.0,193.0,0.0,605.0,181.0,0.0,634.0,202.0,2.0,667.0,190.0,0.0,611.0,208.0,0.0,533.0,218.0,529.0,460.0,145.0,306.0,878.0,6938.0
2017-11-15 23:00:00,51.0,1021.0,204.0,0.0,677.0,196.0,0.0,617.0,185.0,0.0,621.0,208.0,1.0,666.0,192.0,0.0,625.0,204.0,0.0,533.0,219.0,520.0,452.0,168.0,201.0,280.0,5151.0
2017-11-16 00:00:00,1.0,975.0,193.0,0.0,686.0,194.0,0.0,634.0,188.0,0.0,625.0,205.0,1.0,700.0,191.0,0.0,679.0,200.0,2.0,566.0,213.0,322.0,319.0,167.0,167.0,276.0,
2017-11-16 01:00:00,1.0,819.0,185.0,0.0,687.0,189.0,,,,0.0,623.0,198.0,1.0,683.0,188.0,0.0,666.0,194.0,0.0,603.0,201.0,218.0,220.0,156.0,154.0,216.0,
2017-11-16 02:00:00,1.0,761.0,180.0,0.0,693.0,186.0,,,,0.0,616.0,193.0,1.0,671.0,186.0,0.0,656.0,189.0,0.0,621.0,192.0,173.0,176.0,148.0,146.0,364.0,
2017-11-16 03:00:00,0.0,735.0,178.0,0.0,693.0,183.0,,,,0.0,609.0,190.0,0.0,661.0,185.0,0.0,654.0,186.0,0.0,628.0,188.0,154.0,157.0,143.0,141.0,337.0,
2017-11-16 04:00:00,1.0,714.0,177.0,0.0,692.0,181.0,,,,0.0,603.0,187.0,0.0,648.0,183.0,0.0,647.0,184.0,0.0,629.0,184.0,144.0,146.0,140.0,138.0,363.0,
2017-11-16 05:00:00,1.0,699.0,176.0,0.0,690.0,180.0,0.0,643.0,175.0,0.0,606.0,185.0,1.0,641.0,182.0,0.0,643.0,182.0,0.0,630.0,181.0,139.0,139.0,135.0,136.0,347.0,
2017-11-16 06:00:00,1.0,690.0,175.0,0.0,686.0,178.0,0.0,643.0,173.0,0.0,605.0,183.0,1.0,638.0,181.0,0.0,642.0,181.0,0.0,632.0,179.0,135.0,136.0,135.0,135.0,265.0,
2017-11-16 07:00:00,9.0,687.0,174.0,0.0,681.0,177.0,0.0,643.0,172.0,0.0,601.0,181.0,1.0,636.0,179.0,0.0,639.0,180.0,0.0,632.0,178.0,168.0,158.0,132.0,136.0,254.0,1230.0
2017-11-16 08:00:00,10.0,648.0,177.0,0.0,655.0,176.0,4.0,636.0,172.0,0.0,589.0,181.0,4.0,612.0,178.0,7.0,606.0,181.0,0.0,613.0,181.0,217.0,205.0,125.0,166.0,332.0,2905.0
2017-11-16 09:00:00,44.0,787.0,183.0,3.0,697.0,176.0,28.0,693.0,173.0,1.0,597.0,182.0,4.0,648.0,179.0,5.0,619.0,183.0,5.0,605.0,184.0,429.0,229.0,121.0,312.0,401.0,4143.0
2017-11-16 10:00:00,24.0,692.0,180.0,14.0,674.0,175.0,21.0,658.0,172.0,9.0,581.0,180.0,6.0,641.0,178.0,11.0,641.0,183.0,32.0,612.0,181.0,379.0,202.0,124.0,273.0,362.0,896.0
2017-11-16 11:00:00,47.0,647.0,177.0,17.0,658.0,173.0,15.0,600.0,170.0,9.0,560.0,177.0,7.0,584.0,176.0,13.0,599.0,182.0,47.0,598.0,177.0,175.0,173.0,140.0,158.0,278.0,
2017-11-16 12:00:00,52.0,625.0,174.0,15.0,649.0,171.0,32.0,579.0,168.0,20.0,551.0,174.0,8.0,579.0,174.0,17.0,594.0,179.0,74.0,596.0,172.0,152.0,152.0,138.0,141.0,268.0,
2017-11-16 13:00:00,46.0,623.0,172.0,13.0,645.0,170.0,28.0,562.0,166.0,37.0,541.0,173.0,13.0,578.0,173.0,36.0,582.0,176.0,78.0,594.0,169.0,141.0,141.0,129.0,135.0,807.0,
2017-11-16 14:00:00,24.0,613.0,172.0,8.0,636.0,169.0,0.0,581.0,165.0,31.0,563.0,173.0,14.0,580.0,173.0,35.0,575.0,174.0,28.0,602.0,166.0,134.0,135.0,117.0,132.0,623.0,
2017-11-16 15:00:00,6.0,603.0,170.0,3.0,637.0,168.0,0.0,,,3.0,565.0,172.0,3.0,582.0,172.0,2.0,580.0,173.0,8.0,607.0,163.0,130.0,131.0,122.0,130.0,380.0,
2017-11-16 16:00:00,5.0,639.0,172.0,2.0,644.0,170.0,18.0,615.0,167.0,0.0,578.0,173.0,1.0,596.0,173.0,0.0,591.0,177.0,0.0,594.0,172.0,362.0,296.0,131.0,134.0,813.0,8062.0
2017-11-16 17:00:00,1.0,666.0,182.0,8.0,648.0,181.0,23.0,622.0,175.0,0.0,589.0,184.0,1.0,620.0,182.0,2.0,598.0,200.0,3.0,529.0,205.0,543.0,478.0,132.0,184.0,832.0,6495.0
2017-11-16 18:00:00,14.0,747.0,183.0,8.0,651.0,187.0,13.0,630.0,181.0,0.0,595.0,190.0,1.0,641.0,185.0,1.0,615.0,201.0,4.0,575.0,201.0,534.0,450.0,127.0,271.0,785.0,10304.0
2017-11-16 19:00:00,9.0,702.0,185.0,7.0,644.0,191.0,0.0,663.0,186.0,0.0,598.0,193.0,1.0,634.0,187.0,2.0,594.0,201.0,4.0,591.0,194.0,526.0,456.0,136.0,214.0,606.0,5824.0
2017-11-16 20:00:00,2.0,721.0,184.0,8.0,642.0,193.0,0.0,643.0,187.0,0.0,582.0,199.0,1.0,654.0,190.0,1.0,622.0,205.0,5.0,602.0,194.0,492.0,416.0,150.0,258.0,536.0,6384.0
2017-11-16 21:00:00,8.0,676.0,185.0,3.0,643.0,195.0,0.0,635.0,188.0,0.0,578.0,204.0,0.0,631.0,191.0,0.0,600.0,205.0,2.0,605.0,197.0,514.0,409.0,148.0,176.0,865.0,4704.0
2017-11-16 22:00:00,0.0,665.0,181.0,0.0,627.0,192.0,0.0,632.0,187.0,0.0,570.0,202.0,0.0,613.0,189.0,0.0,597.0,198.0,0.0,595.0,194.0,353.0,291.0,137.0,160.0,1185.0,
2017-11-16 23:00:00,0.0,649.0,177.0,0.0,635.0,187.0,0.0,632.0,183.0,0.0,583.0,195.0,0.0,612.0,186.0,0.0,603.0,191.0,0.0,595.0,188.0,224.0,210.0,145.0,150.0,207.0,
2017-11-17 00:00:00,0.0,635.0,174.0,0.0,644.0,184.0,0.0,625.0,179.0,0.0,586.0,190.0,0.0,603.0,184.0,0.0,596.0,187.0,0.0,595.0,184.0,175.0,173.0,144.0,143.0,225.0,
2017-11-17 01:00:00,0.0,630.0,172.0,0.0,642.0,181.0,0.0,618.0,177.0,0.0,583.0,187.0,0.0,595.0,182.0,0.0,589.0,183.0,0.0,592.0,181.0,152.0,153.0,140.0,138.0,310.0,
2017-11-17 02:00:00,0.0,617.0,172.0,0.0,642.0,179.0,0.0,615.0,174.0,0.0,584.0,184.0,0.0,590.0,181.0,0.0,588.0,180.0,0.0,591.0,178.0,141.0,142.0,135.0,135.0,312.0,
2017-11-17 03:00:00,0.0,607.0,172.0,0.0,641.0,177.0,0.0,611.0,172.0,0.0,584.0,182.0,0.0,585.0,180.0,0.0,587.0,177.0,0.0,591.0,176.0,135.0,136.0,134.0,133.0,278.0,
2017-11-17 04:00:00,0.0,596.0,172.0,0.0,639.0,175.0,0.0,607.0,170.0,0.0,585.0,180.0,0.0,585.0,178.0,0.0,589.0,174.0,0.0,591.0,174.0,131.0,132.0,130.0,131.0,275.0,
2017-11-17 05:00:00,0.0,589.0,171.0,0.0,637.0,174.0,0.0,604.0,168.0,0.0,588.0,178.0,0.0,584.0,176.0,0.0,591.0,172.0,0.0,592.0,171.0,129.0,129.0,130.0,130.0,284.0,
2017-11-17 06:00:00,0.0,584.0,170.0,0.0,636.0,172.0,0.0,603.0,166.0,0.0,593.0,176.0,0.0,584.0,175.0,0.0,594.0,170.0,0.0,593.0,169.0,125.0,126.0,129.0,128.0,251.0,
2017-11-17 07:00:00,0.0,579.0,169.0,0.0,636.0,171.0,0.0,604.0,165.0,0.0,596.0,174.0,0.0,584.0,173.0,0.0,596.0,169.0,0.0,595.0,167.0,125.0,125.0,125.0,128.0,224.0,
2017-11-17 08:00:00,26.0,586.0,166.0,0.0,628.0,169.0,2.0,609.0,164.0,0.0,596.0,172.0,3.0,583.0,171.0,5.0,598.0,167.0,0.0,592.0,165.0,140.0,125.0,115.0,121.0,415.0,2688.0
2017-11-17 09:00:00,18.0,633.0,169.0,0.0,624.0,170.0,8.0,617.0,165.0,0.0,591.0,176.0,3.0,601.0,172.0,6.0,612.0,176.0,11.0,606.0,170.0,404.0,343.0,120.0,241.0,1062.0,6158.0
2017-11-17 10:00:00,44.0,773.0,179.0,5.0,654.0,176.0,15.0,600.0,170.0,2.0,603.0,183.0,5.0,642.0,178.0,10.0,599.0,190.0,10.0,615.0,177.0,532.0,432.0,130.0,316.0,637.0,14222.0
2017-11-17 11:00:00,37.0,630.0,178.0,21.0,626.0,184.0,19.0,589.0,175.0,7.0,593.0,187.0,6.0,607.0,184.0,11.0,558.0,201.0,21.0,592.0,186.0,426.0,409.0,138.0,278.0,342.0,1904.0
2017-11-17 12:00:00,29.0,601.0,174.0,19.0,628.0,180.0,17.0,589.0,172.0,6.0,580.0,184.0,5.0,605.0,180.0,9.0,564.0,193.0,23.0,587.0,182.0,250.0,251.0,148.0,165.0,337.0,
2017-11-17 13:00:00,29.0,665.0,172.0,19.0,633.0,176.0,5.0,602.0,169.0,20.0,578.0,180.0,12.0,611.0,176.0,23.0,582.0,185.0,34.0,597.0,176.0,183.0,189.0,124.0,254.0,1131.0,1451.0
2017-11-17 14:00:00,22.0,618.0,172.0,13.0,634.0,174.0,0.0,606.0,167.0,22.0,582.0,179.0,13.0,604.0,175.0,24.0,586.0,181.0,22.0,603.0,174.0,293.0,232.0,126.0,168.0,789.0,9068.0
2017-11-17 15:00:00,6.0,597.0,184.0,3.0,627.0,178.0,0.0,597.0,169.0,1.0,584.0,183.0,2.0,601.0,180.0,1.0,566.0,193.0,9.0,594.0,180.0,473.0,405.0,138.0,152.0,407.0,336.0
2017-11-17 16:00:00,1.0,586.0,182.0,0.0,621.0,176.0,0.0,594.0,168.0,0.0,578.0,181.0,0.0,599.0,179.0,0.0,565.0,190.0,4.0,594.0,177.0,246.0,238.0,146.0,145.0,355.0,
2017-11-17 17:00:00,1.0,592.0,180.0,0.0,627.0,174.0,0.0,593.0,166.0,0.0,582.0,179.0,1.0,621.0,178.0,2.0,593.0,189.0,4.0,599.0,175.0,353.0,293.0,140.0,141.0,417.0,7839.0
2017-11-17 18:00:00,35.0,689.0,193.0,1.0,636.0,183.0,7.0,602.0,172.0,0.0,589.0,188.0,2.0,650.0,185.0,1.0,604.0,205.0,4.0,607.0,186.0,531.0,452.0,125.0,309.0,446.0,14448.0
2017-11-17 19:00:00,1.0,658.0,192.0,1.0,627.0,190.0,11.0,612.0,184.0,0.0,566.0,197.0,1.0,610.0,190.0,0.0,554.0,210.0,4.0,594.0,195.0,546.0,471.0,157.0,198.0,574.0,5822.0
2017-11-17 20:00:00,8.0,623.0,188.0,1.0,610.0,195.0,0.0,588.0,192.0,0.0,549.0,203.0,1.0,600.0,192.0,1.0,537.0,212.0,4.0,580.0,198.0,505.0,444.0,152.0,216.0,737.0,5824.0
2017-11-17 21:00:00,15.0,657.0,187.0,0.0,605.0,193.0,0.0,581.0,192.0,0.0,552.0,201.0,2.0,604.0,190.0,1.0,550.0,207.0,2.0,579.0,195.0,418.0,300.0,127.0,297.0,1497.0,896.0
2017-11-17 22:00:00,0.0,657.0,182.0,0.0,609.0,188.0,0.0,589.0,183.0,0.0,563.0,195.0,1.0,609.0,187.0,0.0,569.0,196.0,0.0,586.0,188.0,268.0,219.0,126.0,174.0,1115.0,
2017-11-17 23:00:00,0.0,633.0,178.0,0.0,614.0,185.0,0.0,585.0,178.0,0.0,565.0,189.0,1.0,601.0,185.0,0.0,576.0,190.0,0.0,590.0,184.0,190.0,177.0,139.0,146.0,274.0,
2017-11-18 00:00:00,0.0,623.0,175.0,0.0,617.0,182.0,0.0,583.0,175.0,0.0,565.0,186.0,1.0,594.0,183.0,0.0,571.0,186.0,0.0,591.0,181.0,161.0,157.0,140.0,139.0,234.0,
2017-11-18 01:00:00,3.0,620.0,173.0,0.0,619.0,180.0,0.0,583.0,172.0,0.0,566.0,183.0,1.0,590.0,181.0,0.0,574.0,182.0,0.0,592.0,179.0,143.0,143.0,135.0,136.0,339.0,
2017-11-18 02:00:00,0.0,615.0,172.0,0.0,620.0,178.0,0.0,583.0,170.0,0.0,567.0,181.0,0.0,588.0,179.0,0.0,582.0,180.0,0.0,594.0,176.0,136.0,136.0,133.0,134.0,371.0,
2017-11-18 03:00:00,0.0,610.0,172.0,0.0,621.0,176.0,0.0,583.0,168.0,0.0,571.0,179.0,0.0,591.0,177.0,0.0,586.0,178.0,0.0,596.0,174.0,131.0,131.0,130.0,131.0,353.0,
2017-11-18 04:00:00,0.0,609.0,171.0,0.0,622.0,175.0,0.0,585.0,166.0,0.0,577.0,177.0,0.0,595.0,176.0,0.0,589.0,177.0,0.0,598.0,172.0,129.0,128.0,130.0,129.0,335.0,
2017-11-18 05:00:00,0.0,610.0,170.0,0.0,622.0,173.0,0.0,588.0,165.0,0.0,584.0,176.0,0.0,598.0,174.0,0.0,592.0,175.0,0.0,600.0,170.0,125.0,126.0,128.0,128.0,310.0,
2017-11-18 06:00:00,0.0,606.0,169.0,0.0,623.0,172.0,0.0,590.0,163.0,0.0,587.0,174.0,1.0,598.0,173.0,0.0,592.0,173.0,0.0,602.0,169.0,125.0,125.0,125.0,128.0,233.0,
2017-11-18 07:00:00,16.0,653.0,169.0,0.0,621.0,170.0,0.0,596.0,162.0,0.0,591.0,172.0,1.0,597.0,171.0,0.0,593.0,172.0,0.0,601.0,167.0,159.0,125.0,121.0,162.0,247.0,4367.0
2017-11-18 08:00:00,9.0,795.0,181.0,1.0,620.0,174.0,3.0,625.0,167.0,0.0,608.0,174.0,2.0,601.0,175.0,1.0,576.0,184.0,5.0,600.0,173.0,524.0,434.0,129.0,171.0,528.0,10864.0
2017-11-18 09:00:00,19.0,629.0,186.0,10.0,602.0,181.0,12.0,607.0,173.0,4.0,613.0,176.0,5.0,590.0,181.0,8.0,563.0,198.0,19.0,585.0,183.0,466.0,412.0,128.0,219.0,1201.0,7055.0
2017-11-18 10:00:00,31.0,611.0,182.0,19.0,596.0,182.0,20.0,604.0,174.0,8.0,607.0,177.0,6.0,590.0,182.0,10.0,553.0,200.0,33.0,573.0,185.0,331.0,325.0,131.0,202.0,528.0,224.0
2017-11-18 11:00:00,45.0,598.0,177.0,21.0,602.0,178.0,26.0,601.0,171.0,8.0,592.0,176.0,9.0,586.0,178.0,16.0,546.0,192.0,37.0,570.0,179.0,216.0,216.0,132.0,204.0,386.0,336.0
2017-11-18 12:00:00,23.0,609.0,174.0,13.0,618.0,175.0,20.0,633.0,170.0,5.0,581.0,175.0,8.0,591.0,177.0,17.0,622.0,193.0,23.0,578.0,175.0,172.0,176.0,127.0,224.0,532.0,1120.0
2017-11-18 13:00:00,34.0,603.0,176.0,13.0,619.0,177.0,43.0,627.0,171.0,19.0,592.0,175.0,10.0,599.0,178.0,29.0,575.0,196.0,52.0,596.0,177.0,421.0,350.0,138.0,157.0,435.0,9296.0
2017-11-18 14:00:00,22.0,584.0,183.0,9.0,604.0,184.0,0.0,608.0,176.0,8.0,605.0,178.0,6.0,593.0,184.0,13.0,556.0,203.0,24.0,576.0,187.0,503.0,425.0,130.0,254.0,1337.0,6717.0
2017-11-18 15:00:00,9.0,599.0,183.0,3.0,596.0,190.0,0.0,607.0,179.0,1.0,612.0,182.0,3.0,597.0,187.0,3.0,566.0,202.0,11.0,576.0,192.0,523.0,451.0,125.0,186.0,1604.0,6606.0
2017-11-18 16:00:00,4.0,601.0,182.0,0.0,582.0,192.0,2.0,599.0,182.0,0.0,601.0,184.0,1.0,584.0,188.0,1.0,550.0,201.0,4.0,559.0,194.0,426.0,400.0,146.0,162.0,432.0,2240.0
2017-11-18 17:00:00,0.0,597.0,179.0,0.0,588.0,187.0,2.0,595.0,179.0,0.0,593.0,183.0,1.0,584.0,185.0,0.0,562.0,194.0,4.0,558.0,189.0,256.0,257.0,153.0,151.0,368.0,
2017-11-18 18:00:00,0.0,596.0,177.0,0.0,593.0,182.0,2.0,592.0,175.0,0.0,578.0,180.0,1.0,583.0,181.0,0.0,567.0,188.0,4.0,564.0,183.0,187.0,190.0,146.0,143.0,258.0,
2017-11-18 19:00:00,6.0,595.0,178.0,1.0,590.0,181.0,1.0,599.0,176.0,0.0,576.0,179.0,1.0,578.0,180.0,0.0,558.0,189.0,3.0,563.0,182.0,426.0,353.0,133.0,189.0,502.0,8511.0
2017-11-18 20:00:00,14.0,594.0,187.0,0.0,578.0,187.0,0.0,602.0,182.0,0.0,586.0,181.0,1.0,569.0,186.0,0.0,533.0,203.0,1.0,550.0,190.0,483.0,418.0,127.0,275.0,1156.0,7056.0
2017-11-18 21:00:00,3.0,586.0,185.0,0.0,573.0,189.0,0.0,589.0,185.0,0.0,589.0,182.0,1.0,567.0,188.0,0.0,540.0,204.0,0.0,545.0,193.0,417.0,383.0,136.0,207.0,1059.0,2352.0
2017-11-18 22:00:00,3.0,596.0,181.0,0.0,578.0,186.0,0.0,596.0,180.0,0.0,583.0,180.0,0.0,578.0,186.0,0.0,556.0,199.0,0.0,551.0,189.0,251.0,250.0,148.0,170.0,268.0,
2017-11-18 23:00:00,0.0,599.0,176.0,0.0,585.0,182.0,0.0,602.0,176.0,0.0,582.0,178.0,0.0,580.0,182.0,0.0,557.0,191.0,0.0,553.0,183.0,181.0,183.0,143.0,144.0,232.0,
2017-11-19 00:00:00,0.0,595.0,173.0,0.0,584.0,180.0,0.0,602.0,172.0,0.0,582.0,176.0,0.0,574.0,179.0,0.0,556.0,186.0,0.0,554.0,179.0,155.0,158.0,138.0,137.0,228.0,
2017-11-19 01:00:00,0.0,590.0,170.0,0.0,582.0,177.0,0.0,600.0,169.0,0.0,586.0,175.0,0.0,569.0,177.0,0.0,556.0,181.0,0.0,554.0,176.0,140.0,142.0,134.0,133.0,326.0,
2017-11-19 02:00:00,0.0,590.0,170.0,0.0,582.0,175.0,0.0,598.0,167.0,0.0,585.0,173.0,0.0,568.0,175.0,0.0,559.0,178.0,0.0,556.0,173.0,133.0,135.0,130.0,130.0,313.0,
2017-11-19 03:00:00,0.0,590.0,170.0,0.0,582.0,173.0,0.0,595.0,165.0,0.0,585.0,171.0,0.0,567.0,173.0,0.0,562.0,176.0,0.0,559.0,170.0,128.0,129.0,129.0,128.0,346.0,
2017-11-19 04:00:00,0.0,582.0,170.0,0.0,582.0,171.0,0.0,595.0,163.0,0.0,589.0,170.0,0.0,567.0,172.0,0.0,564.0,173.0,0.0,559.0,168.0,125.0,125.0,125.0,126.0,321.0,
2017-11-19 05:00:00,0.0,578.0,169.0,0.0,581.0,169.0,0.0,596.0,161.0,0.0,590.0,168.0,0.0,566.0,170.0,0.0,564.0,171.0,0.0,560.0,166.0,123.0,123.0,125.0,125.0,304.0,
2017-11-19 06:00:00,0.0,576.0,169.0,0.0,581.0,167.0,0.0,598.0,159.0,0.0,591.0,166.0,0.0,565.0,168.0,0.0,565.0,169.0,0.0,562.0,164.0,164.0,149.0,125.0,124.0,210.0,1120.0
2017-11-19 07:00:00,4.0,566.0,171.0,0.0,579.0,166.0,0.0,599.0,159.0,0.0,594.0,165.0,0.0,566.0,168.0,0.0,560.0,171.0,0.0,563.0,164.0,251.0,203.0,127.0,127.0,228.0,6159.0
2017-11-19 08:00:00,7.0,518.0,180.0,1.0,566.0,172.0,5.0,583.0,163.0,0.0,582.0,168.0,3.0,571.0,173.0,6.0,523.0,191.0,4.0,549.0,173.0,557.0,481.0,135.0,138.0,574.0,9853.0
2017-11-19 09:00:00,43.0,637.0,192.0,2.0,575.0,181.0,11.0,640.0,171.0,0.0,605.0,173.0,3.0,666.0,179.0,4.0,529.0,206.0,15.0,551.0,182.0,527.0,443.0,122.0,302.0,544.0,9401.0
2017-11-19 10:00:00,29.0,638.0,186.0,7.0,575.0,185.0,16.0,602.0,175.0,4.0,618.0,177.0,5.0,598.0,181.0,7.0,535.0,202.0,30.0,562.0,191.0,532.0,461.0,146.0,179.0,485.0,7055.0
2017-11-19 11:00:00,45.0,630.0,180.0,23.0,588.0,185.0,21.0,594.0,177.0,11.0,619.0,177.0,7.0,602.0,183.0,13.0,550.0,201.0,27.0,534.0,201.0,516.0,448.0,144.0,196.0,306.0,3808.0
2017-11-19 12:00:00,42.0,625.0,178.0,23.0,580.0,182.0,29.0,592.0,175.0,15.0,601.0,176.0,7.0,584.0,180.0,14.0,542.0,196.0,28.0,531.0,194.0,401.0,333.0,145.0,191.0,359.0,6048.0
2017-11-19 13:00:00,31.0,621.0,183.0,18.0,587.0,183.0,16.0,600.0,177.0,15.0,607.0,178.0,9.0,604.0,183.0,21.0,550.0,209.0,29.0,529.0,199.0,495.0,442.0,131.0,238.0,893.0,5263.0
2017-11-19 14:00:00,13.0,609.0,184.0,9.0,589.0,184.0,0.0,603.0,178.0,3.0,607.0,179.0,3.0,620.0,185.0,6.0,576.0,208.0,15.0,523.0,203.0,511.0,441.0,121.0,247.0,2798.0,4368.0
2017-11-19 15:00:00,4.0,605.0,184.0,0.0,585.0,184.0,0.0,610.0,181.0,0.0,604.0,181.0,1.0,615.0,185.0,2.0,554.0,206.0,5.0,518.0,201.0,376.0,341.0,127.0,216.0,1120.0,2911.0
2017-11-19 16:00:00,1.0,588.0,185.0,0.0,586.0,184.0,0.0,589.0,182.0,0.0,597.0,182.0,0.0,591.0,186.0,0.0,525.0,210.0,5.0,517.0,204.0,525.0,458.0,156.0,164.0,440.0,6944.0
2017-11-19 17:00:00,5.0,586.0,189.0,0.0,596.0,187.0,12.0,609.0,184.0,0.0,611.0,185.0,1.0,627.0,188.0,2.0,601.0,223.0,9.0,519.0,209.0,519.0,460.0,145.0,172.0,1709.0,7165.0
2017-11-19 18:00:00,42.0,717.0,201.0,0.0,688.0,190.0,19.0,705.0,187.0,0.0,694.0,190.0,3.0,728.0,194.0,3.0,617.0,245.0,9.0,554.0,207.0,512.0,450.0,120.0,295.0,1371.0,7165.0
2017-11-19 19:00:00,8.0,748.0,207.0,0.0,654.0,191.0,2.0,685.0,189.0,0.0,685.0,192.0,1.0,707.0,194.0,0.0,600.0,223.0,3.0,565.0,207.0,506.0,446.0,129.0,244.0,405.0,5600.0
2017-11-19 20:00:00,5.0,639.0,205.0,0.0,624.0,192.0,0.0,663.0,189.0,0.0,651.0,192.0,1.0,646.0,193.0,1.0,588.0,213.0,9.0,568.0,206.0,487.0,400.0,135.0,271.0,598.0,3696.0
2017-11-19 21:00:00,6.0,646.0,202.0,0.0,615.0,192.0,0.0,657.0,186.0,0.0,631.0,192.0,1.0,623.0,193.0,0.0,580.0,212.0,9.0,576.0,202.0,335.0,322.0,128.0,237.0,1567.0,1456.0
2017-11-19 22:00:00,5.0,617.0,197.0,0.0,609.0,189.0,0.0,654.0,183.0,0.0,627.0,191.0,0.0,619.0,192.0,0.0,576.0,207.0,1.0,573.0,197.0,227.0,229.0,138.0,162.0,638.0,
2017-11-19 23:00:00,0.0,587.0,191.0,0.0,599.0,186.0,0.0,649.0,179.0,0.0,631.0,187.0,0.0,600.0,189.0,0.0,571.0,200.0,0.0,571.0,190.0,173.0,175.0,144.0,143.0,247.0,
2017-11-20 00:00:00,1.0,584.0,186.0,0.0,598.0,184.0,0.0,648.0,177.0,0.0,635.0,186.0,1.0,592.0,186.0,0.0,567.0,195.0,0.0,569.0,186.0,151.0,154.0,140.0,138.0,261.0,
2017-11-20 01:00:00,1.0,587.0,183.0,0.0,597.0,182.0,0.0,647.0,175.0,0.0,640.0,184.0,1.0,589.0,184.0,0.0,568.0,191.0,0.0,569.0,183.0,141.0,144.0,135.0,134.0,288.0,
2017-11-20 02:00:00,1.0,594.0,179.0,0.0,595.0,180.0,0.0,647.0,173.0,0.0,643.0,183.0,0.0,588.0,183.0,0.0,574.0,187.0,0.0,569.0,180.0,135.0,136.0,133.0,132.0,374.0,
2017-11-20 03:00:00,1.0,599.0,177.0,0.0,594.0,178.0,0.0,647.0,171.0,0.0,643.0,182.0,0.0,589.0,181.0,0.0,578.0,185.0,0.0,570.0,178.0,130.0,131.0,130.0,130.0,338.0,
2017-11-20 04:00:00,0.0,601.0,175.0,0.0,593.0,176.0,0.0,647.0,170.0,0.0,646.0,181.0,1.0,587.0,180.0,0.0,580.0,183.0,0.0,572.0,176.0,128.0,128.0,130.0,128.0,293.0,
2017-11-20 05:00:00,1.0,601.0,174.0,0.0,593.0,175.0,0.0,647.0,168.0,0.0,651.0,179.0,1.0,587.0,178.0,0.0,581.0,180.0,0.0,574.0,173.0,125.0,126.0,126.0,127.0,306.0,
2017-11-20 06:00:00,11.0,618.0,172.0,0.0,593.0,173.0,0.0,647.0,167.0,0.0,656.0,178.0,1.0,587.0,176.0,0.0,584.0,178.0,0.0,577.0,171.0,176.0,135.0,123.0,144.0,285.0,4479.0
2017-11-20 07:00:00,32.0,760.0,185.0,1.0,602.0,177.0,1.0,654.0,171.0,0.0,683.0,181.0,3.0,643.0,180.0,1.0,599.0,195.0,3.0,590.0,180.0,511.0,434.0,121.0,233.0,677.0,7492.0
2017-11-20 08:00:00,6.0,657.0,192.0,0.0,598.0,182.0,0.0,638.0,176.0,0.0,661.0,181.0,1.0,645.0,183.0,0.0,579.0,203.0,1.0,587.0,187.0,501.0,370.0,135.0,279.0,281.0,2912.0
2017-11-20 09:00:00,6.0,616.0,186.0,3.0,604.0,179.0,1.0,631.0,174.0,0.0,648.0,179.0,2.0,624.0,181.0,0.0,583.0,195.0,3.0,589.0,181.0,285.0,248.0,149.0,170.0,224.0,
2017-11-20 10:00:00,14.0,608.0,180.0,11.0,605.0,176.0,8.0,624.0,172.0,2.0,637.0,177.0,4.0,613.0,178.0,4.0,581.0,189.0,11.0,592.0,177.0,225.0,203.0,144.0,144.0,237.0,1904.0
2017-11-20 11:00:00,15.0,605.0,179.0,12.0,606.0,174.0,8.0,623.0,170.0,2.0,633.0,176.0,4.0,608.0,178.0,4.0,580.0,187.0,11.0,592.0,176.0,226.0,215.0,140.0,140.0,268.0,1120.0
2017-11-20 12:00:00,14.0,603.0,179.0,11.0,607.0,174.0,7.0,622.0,170.0,2.0,629.0,176.0,4.0,606.0,177.0,3.0,578.0,187.0,10.0,591.0,176.0,265.0,240.0,142.0,140.0,286.0,2016.0
2017-11-20 13:00:00,13.0,599.0,180.0,10.0,606.0,173.0,8.0,622.0,170.0,2.0,626.0,175.0,4.0,605.0,178.0,3.0,574.0,188.0,10.0,589.0,176.0,262.0,244.0,145.0,140.0,328.0,2688.0
2017-11-20 14:00:00,7.0,597.0,181.0,4.0,607.0,173.0,2.0,622.0,170.0,0.0,624.0,174.0,2.0,602.0,178.0,0.0,572.0,189.0,4.0,589.0,176.0,271.0,250.0,145.0,140.0,292.0,1904.0
2017-11-20 15:00:00,3.0,596.0,181.0,1.0,607.0,173.0,0.0,622.0,169.0,0.0,622.0,174.0,1.0,602.0,178.0,0.0,569.0,189.0,1.0,588.0,176.0,277.0,253.0,145.0,142.0,340.0,2796.0
2017-11-20 16:00:00,1.0,594.0,182.0,0.0,607.0,173.0,0.0,622.0,170.0,0.0,622.0,174.0,0.0,602.0,178.0,0.0,566.0,191.0,0.0,587.0,177.0,289.0,274.0,145.0,143.0,362.0,2348.0
2017-11-20 17:00:00,1.0,593.0,183.0,0.0,607.0,173.0,0.0,622.0,170.0,0.0,621.0,174.0,0.0,601.0,178.0,0.0,563.0,192.0,0.0,586.0,177.0,300.0,273.0,148.0,143.0,311.0,2240.0
2017-11-20 18:00:00,9.0,591.0,184.0,0.0,608.0,173.0,10.0,623.0,170.0,0.0,620.0,173.0,2.0,601.0,179.0,1.0,561.0,193.0,3.0,587.0,178.0,290.0,270.0,136.0,178.0,280.0,2573.0
2017-11-20 19:00:00,3.0,585.0,189.0,0.0,606.0,178.0,1.0,633.0,172.0,0.0,622.0,176.0,1.0,603.0,181.0,1.0,547.0,203.0,4.0,584.0,185.0,515.0,438.0,140.0,171.0,685.0,8170.0
2017-11-20 20:00:00,7.0,590.0,200.0,1.0,609.0,185.0,0.0,638.0,178.0,0.0,662.0,182.0,1.0,667.0,187.0,1.0,602.0,215.0,4.0,592.0,194.0,511.0,454.0,138.0,158.0,1112.0,7504.0
2017-11-20 21:00:00,41.0,681.0,203.0,0.0,610.0,189.0,0.0,642.0,181.0,0.0,635.0,189.0,1.0,627.0,189.0,0.0,569.0,209.0,3.0,595.0,197.0,478.0,409.0,129.0,289.0,641.0,11983.0
2017-11-20 22:00:00,9.0,838.0,210.0,0.0,606.0,189.0,0.0,656.0,182.0,0.0,631.0,189.0,1.0,612.0,190.0,0.0,557.0,208.0,2.0,585.0,196.0,452.0,401.0,133.0,292.0,324.0,5040.0
2017-11-20 23:00:00,7.0,719.0,203.0,0.0,622.0,187.0,0.0,660.0,180.0,0.0,646.0,187.0,1.0,615.0,188.0,0.0,573.0,202.0,5.0,582.0,193.0,268.0,268.0,137.0,256.0,384.0,1344.0
2017-11-21 00:00:00,5.0,669.0,196.0,0.0,634.0,184.0,0.0,662.0,178.0,0.0,648.0,184.0,1.0,662.0,186.0,0.0,627.0,196.0,2.0,593.0,189.0,204.0,209.0,141.0,203.0,325.0,
2017-11-21 01:00:00,1.0,647.0,189.0,0.0,621.0,182.0,0.0,660.0,175.0,0.0,653.0,182.0,1.0,648.0,184.0,0.0,627.0,191.0,0.0,597.0,185.0,171.0,175.0,145.0,152.0,361.0,
2017-11-21 02:00:00,1.0,642.0,183.0,0.0,616.0,180.0,0.0,659.0,173.0,0.0,665.0,182.0,1.0,628.0,183.0,0.0,619.0,187.0,0.0,597.0,182.0,153.0,155.0,141.0,140.0,331.0,
2017-11-21 03:00:00,1.0,639.0,180.0,0.0,614.0,178.0,0.0,658.0,172.0,0.0,673.0,181.0,1.0,615.0,182.0,0.0,615.0,184.0,0.0,597.0,179.0,142.0,144.0,136.0,136.0,324.0,
2017-11-21 04:00:00,1.0,636.0,178.0,0.0,613.0,177.0,0.0,,,0.0,684.0,180.0,1.0,610.0,180.0,0.0,612.0,182.0,0.0,597.0,177.0,136.0,137.0,135.0,133.0,321.0,
2017-11-21 05:00:00,0.0,634.0,176.0,0.0,612.0,175.0,0.0,657.0,169.0,0.0,685.0,179.0,1.0,607.0,179.0,0.0,611.0,180.0,0.0,598.0,175.0,132.0,133.0,130.0,130.0,350.0,
2017-11-21 06:00:00,1.0,632.0,174.0,0.0,612.0,174.0,0.0,658.0,168.0,0.0,684.0,179.0,1.0,606.0,177.0,0.0,611.0,178.0,0.0,599.0,173.0,130.0,129.0,130.0,129.0,265.0,
2017-11-21 07:00:00,25.0,651.0,175.0,0.0,623.0,173.0,0.0,663.0,167.0,0.0,678.0,179.0,2.0,617.0,176.0,2.0,621.0,178.0,0.0,607.0,172.0,232.0,188.0,113.0,178.0,457.0,6157.0
2017-11-21 08:00:00,14.0,657.0,182.0,0.0,644.0,175.0,2.0,663.0,170.0,0.0,626.0,182.0,3.0,642.0,179.0,0.0,622.0,189.0,0.0,611.0,179.0,312.0,303.0,132.0,294.0,314.0,1120.0
2017-11-21 09:00:00,8.0,637.0,183.0,4.0,646.0,175.0,6.0,659.0,171.0,1.0,629.0,181.0,2.0,632.0,179.0,1.0,605.0,190.0,5.0,613.0,179.0,328.0,248.0,148.0,170.0,289.0,3024.0
2017-11-21 10:00:00,17.0,629.0,184.0,10.0,650.0,175.0,12.0,660.0,171.0,3.0,630.0,181.0,4.0,632.0,179.0,4.0,601.0,190.0,11.0,616.0,179.0,278.0,251.0,149.0,148.0,231.0,1904.0
2017-11-21 11:00:00,15.0,623.0,185.0,9.0,651.0,174.0,10.0,660.0,171.0,3.0,631.0,180.0,4.0,631.0,179.0,4.0,599.0,191.0,10.0,620.0,179.0,260.0,242.0,145.0,144.0,285.0,1903.0
2017-11-21 12:00:00,11.0,620.0,185.0,6.0,653.0,174.0,8.0,661.0,171.0,2.0,632.0,180.0,3.0,631.0,179.0,2.0,600.0,191.0,7.0,622.0,179.0,253.0,240.0,145.0,143.0,325.0,2128.0
2017-11-21 13:00:00,8.0,623.0,184.0,5.0,656.0,174.0,6.0,664.0,171.0,1.0,635.0,180.0,2.0,632.0,179.0,1.0,601.0,190.0,5.0,622.0,179.0,252.0,238.0,145.0,143.0,327.0,1008.0
2017-11-21 14:00:00,7.0,626.0,183.0,4.0,657.0,174.0,6.0,664.0,171.0,1.0,637.0,180.0,2.0,632.0,179.0,1.0,602.0,190.0,4.0,624.0,179.0,330.0,230.0,145.0,143.0,312.0,2016.0
2017-11-21 15:00:00,4.0,625.0,183.0,1.0,657.0,174.0,4.0,664.0,171.0,0.0,637.0,180.0,1.0,631.0,179.0,0.0,603.0,190.0,1.0,626.0,179.0,259.0,231.0,145.0,143.0,304.0,2239.0
2017-11-21 16:00:00,1.0,621.0,183.0,0.0,657.0,174.0,2.0,663.0,171.0,0.0,636.0,180.0,0.0,630.0,179.0,0.0,603.0,190.0,0.0,626.0,179.0,265.0,241.0,145.0,143.0,311.0,2460.0
2017-11-21 17:00:00,1.0,620.0,184.0,0.0,656.0,174.0,2.0,663.0,171.0,0.0,635.0,180.0,0.0,630.0,180.0,0.0,601.0,190.0,0.0,626.0,179.0,241.0,236.0,145.0,143.0,303.0,
2017-11-21 18:00:00,9.0,646.0,183.0,0.0,691.0,174.0,2.0,700.0,171.0,0.0,637.0,179.0,2.0,659.0,179.0,2.0,648.0,193.0,4.0,633.0,178.0,274.0,213.0,127.0,192.0,426.0,2014.0
2017-11-21 19:00:00,28.0,663.0,183.0,0.0,690.0,174.0,1.0,699.0,171.0,0.0,638.0,178.0,3.0,667.0,179.0,1.0,644.0,192.0,4.0,647.0,178.0,294.0,214.0,119.0,197.0,854.0,1120.0
2017-11-21 20:00:00,0.0,655.0,183.0,1.0,685.0,175.0,0.0,680.0,170.0,0.0,644.0,180.0,1.0,657.0,180.0,0.0,625.0,194.0,5.0,659.0,179.0,348.0,283.0,123.0,216.0,638.0,8509.0
2017-11-21 21:00:00,29.0,702.0,191.0,0.0,677.0,183.0,0.0,681.0,174.0,0.0,644.0,190.0,1.0,669.0,186.0,0.0,602.0,208.0,4.0,639.0,191.0,522.0,455.0,123.0,317.0,1536.0,10751.0
2017-11-21 22:00:00,36.0,864.0,205.0,0.0,681.0,185.0,0.0,667.0,177.0,0.0,660.0,190.0,1.0,687.0,188.0,0.0,609.0,208.0,2.0,628.0,192.0,417.0,367.0,126.0,251.0,1089.0,6159.0
2017-11-21 23:00:00,0.0,671.0,204.0,0.0,696.0,185.0,0.0,662.0,177.0,0.0,698.0,189.0,1.0,717.0,188.0,0.0,619.0,208.0,0.0,638.0,192.0,292.0,290.0,135.0,195.0,353.0,
2017-11-22 00:00:00,1.0,639.0,196.0,0.0,679.0,182.0,0.0,661.0,175.0,0.0,691.0,187.0,1.0,664.0,186.0,0.0,599.0,202.0,0.0,640.0,187.0,207.0,208.0,148.0,155.0,254.0,
2017-11-22 01:00:00,1.0,635.0,190.0,0.0,669.0,180.0,0.0,656.0,173.0,0.0,701.0,185.0,1.0,645.0,185.0,0.0,604.0,195.0,0.0,639.0,183.0,169.0,171.0,145.0,144.0,295.0,
2017-11-22 02:00:00,1.0,645.0,185.0,0.0,666.0,178.0,0.0,656.0,172.0,0.0,699.0,184.0,1.0,642.0,184.0,0.0,617.0,191.0,0.0,640.0,181.0,152.0,153.0,140.0,140.0,297.0,
2017-11-22 03:00:00,1.0,652.0,182.0,0.0,664.0,177.0,0.0,657.0,171.0,0.0,695.0,184.0,1.0,641.0,183.0,0.0,626.0,187.0,0.0,640.0,179.0,142.0,144.0,138.0,138.0,314.0,
2017-11-22 04:00:00,1.0,652.0,180.0,0.0,663.0,176.0,0.0,657.0,170.0,0.0,694.0,183.0,1.0,637.0,182.0,0.0,627.0,185.0,0.0,640.0,177.0,138.0,138.0,135.0,135.0,297.0,
2017-11-22 05:00:00,1.0,650.0,179.0,0.0,661.0,175.0,0.0,655.0,169.0,0.0,697.0,182.0,1.0,635.0,181.0,0.0,629.0,183.0,0.0,639.0,176.0,135.0,135.0,135.0,135.0,318.0,
2017-11-22 06:00:00,1.0,650.0,177.0,0.0,659.0,174.0,0.0,655.0,168.0,0.0,687.0,181.0,1.0,633.0,179.0,0.0,632.0,181.0,0.0,638.0,175.0,133.0,133.0,134.0,133.0,217.0,
2017-11-22 07:00:00,26.0,773.0,179.0,0.0,664.0,174.0,0.0,663.0,168.0,0.0,693.0,180.0,2.0,641.0,178.0,2.0,640.0,180.0,1.0,639.0,174.0,259.0,138.0,119.0,225.0,477.0,2688.0
2017-11-22 08:00:00,3.0,728.0,178.0,0.0,687.0,173.0,1.0,706.0,169.0,0.0,672.0,179.0,3.0,670.0,178.0,2.0,678.0,181.0,2.0,656.0,173.0,421.0,173.0,122.0,257.0,573.0,784.0
2017-11-22 09:00:00,3.0,680.0,175.0,0.0,696.0,172.0,0.0,679.0,168.0,0.0,660.0,177.0,1.0,655.0,177.0,0.0,648.0,181.0,1.0,659.0,171.0,239.0,173.0,142.0,159.0,248.0,
2017-11-22 10:00:00,6.0,674.0,172.0,2.0,700.0,171.0,1.0,668.0,168.0,0.0,656.0,175.0,2.0,650.0,175.0,0.0,643.0,178.0,4.0,656.0,170.0,178.0,158.0,140.0,142.0,223.0,
2017-11-22 11:00:00,7.0,670.0,170.0,3.0,702.0,169.0,2.0,663.0,167.0,1.0,652.0,173.0,2.0,645.0,174.0,0.0,639.0,176.0,5.0,653.0,168.0,154.0,146.0,137.0,137.0,223.0,
2017-11-22 12:00:00,5.0,669.0,169.0,2.0,704.0,168.0,2.0,660.0,166.0,0.0,651.0,171.0,2.0,643.0,172.0,0.0,638.0,175.0,3.0,652.0,167.0,142.0,139.0,135.0,134.0,363.0,
2017-11-22 13:00:00,24.0,677.0,169.0,2.0,698.0,168.0,1.0,667.0,165.0,0.0,655.0,171.0,3.0,651.0,172.0,2.0,650.0,174.0,4.0,657.0,166.0,150.0,135.0,118.0,210.0,489.0,784.0
2017-11-22 14:00:00,3.0,705.0,168.0,0.0,705.0,167.0,0.0,685.0,165.0,0.0,668.0,170.0,1.0,675.0,171.0,0.0,683.0,173.0,1.0,679.0,165.0,386.0,166.0,126.0,249.0,359.0,
2017-11-22 15:00:00,1.0,682.0,167.0,0.0,708.0,166.0,0.0,674.0,164.0,0.0,666.0,168.0,1.0,660.0,171.0,0.0,661.0,172.0,0.0,671.0,164.0,223.0,163.0,139.0,155.0,332.0,
2017-11-22 16:00:00,1.0,672.0,166.0,0.0,706.0,165.0,0.0,666.0,163.0,0.0,659.0,167.0,0.0,651.0,169.0,0.0,651.0,171.0,0.0,664.0,162.0,169.0,149.0,135.0,138.0,315.0,
2017-11-22 17:00:00,5.0,669.0,166.0,0.0,703.0,164.0,2.0,662.0,162.0,0.0,657.0,166.0,0.0,647.0,168.0,0.0,646.0,170.0,1.0,662.0,161.0,207.0,160.0,133.0,141.0,349.0,6383.0
2017-11-22 18:00:00,1.0,681.0,176.0,5.0,697.0,172.0,8.0,679.0,168.0,0.0,648.0,178.0,1.0,647.0,175.0,1.0,614.0,191.0,4.0,649.0,174.0,564.0,488.0,141.0,169.0,386.0,10416.0
2017-11-22 19:00:00,23.0,659.0,189.0,7.0,682.0,182.0,0.0,682.0,174.0,0.0,642.0,185.0,1.0,653.0,181.0,0.0,592.0,202.0,4.0,632.0,187.0,534.0,479.0,137.0,199.0,436.0,7616.0
2017-11-22 20:00:00,1.0,671.0,195.0,7.0,688.0,183.0,0.0,677.0,179.0,0.0,660.0,186.0,1.0,688.0,183.0,0.0,647.0,204.0,5.0,641.0,188.0,505.0,460.0,152.0,183.0,375.0,4814.0
2017-11-22 21:00:00,1.0,637.0,197.0,8.0,690.0,182.0,,676.0,182.0,0.0,658.0,186.0,1.0,653.0,184.0,0.0,610.0,202.0,3.0,646.0,186.0,507.0,455.0,148.0,165.0,1186.0,5600.0
2017-11-22 22:00:00,54.0,787.0,205.0,3.0,679.0,183.0,0.0,674.0,184.0,0.0,661.0,187.0,1.0,670.0,185.0,0.0,617.0,202.0,1.0,646.0,185.0,516.0,413.0,119.0,315.0,1027.0,9519.0
2017-11-22 23:00:00,23.0,770.0,208.0,0.0,698.0,182.0,0.0,695.0,182.0,0.0,661.0,185.0,1.0,707.0,184.0,0.0,637.0,199.0,2.0,660.0,182.0,379.0,290.0,151.0,210.0,298.0,
2017-11-23 00:00:00,3.0,650.0,196.0,0.0,687.0,180.0,0.0,691.0,178.0,0.0,661.0,182.0,1.0,683.0,182.0,0.0,642.0,193.0,3.0,661.0,181.0,236.0,215.0,149.0,166.0,331.0,
2017-11-23 01:00:00,0.0,639.0,187.0,0.0,687.0,178.0,0.0,685.0,175.0,0.0,668.0,180.0,0.0,654.0,180.0,0.0,629.0,188.0,0.0,648.0,178.0,178.0,174.0,139.0,155.0,321.0,
2017-11-23 02:00:00,1.0,637.0,182.0,0.0,680.0,176.0,0.0,683.0,174.0,0.0,676.0,180.0,0.0,638.0,179.0,0.0,623.0,184.0,0.0,643.0,175.0,155.0,155.0,140.0,142.0,274.0,
2017-11-23 03:00:00,0.0,638.0,179.0,0.0,678.0,175.0,0.0,680.0,172.0,0.0,673.0,179.0,0.0,632.0,178.0,0.0,622.0,181.0,0.0,639.0,174.0,145.0,145.0,138.0,138.0,315.0,
2017-11-23 04:00:00,1.0,637.0,176.0,0.0,676.0,173.0,0.0,676.0,171.0,0.0,669.0,178.0,0.0,628.0,177.0,0.0,622.0,179.0,0.0,637.0,172.0,138.0,138.0,135.0,134.0,340.0,
2017-11-23 05:00:00,1.0,634.0,174.0,0.0,675.0,172.0,0.0,667.0,169.0,0.0,664.0,177.0,0.0,622.0,176.0,0.0,619.0,177.0,0.0,634.0,170.0,134.0,134.0,133.0,133.0,368.0,
2017-11-23 06:00:00,1.0,630.0,172.0,0.0,673.0,170.0,0.0,664.0,168.0,0.0,666.0,175.0,0.0,616.0,174.0,0.0,615.0,175.0,0.0,629.0,169.0,130.0,131.0,130.0,130.0,283.0,
2017-11-23 07:00:00,8.0,632.0,170.0,0.0,674.0,169.0,1.0,662.0,166.0,0.0,665.0,174.0,1.0,615.0,173.0,1.0,612.0,174.0,0.0,626.0,167.0,130.0,128.0,128.0,134.0,278.0,224.0
2017-11-23 08:00:00,30.0,753.0,172.0,2.0,672.0,168.0,10.0,664.0,166.0,0.0,643.0,172.0,4.0,628.0,171.0,5.0,626.0,173.0,3.0,625.0,166.0,314.0,148.0,113.0,298.0,952.0,1904.0
2017-11-23 09:00:00,20.0,741.0,170.0,15.0,670.0,167.0,34.0,658.0,165.0,2.0,648.0,171.0,4.0,644.0,170.0,7.0,638.0,172.0,14.0,642.0,166.0,275.0,171.0,116.0,180.0,702.0,112.0
2017-11-23 10:00:00,43.0,970.0,182.0,6.0,675.0,169.0,17.0,669.0,167.0,2.0,677.0,172.0,2.0,648.0,171.0,3.0,621.0,178.0,8.0,644.0,169.0,465.0,342.0,127.0,314.0,630.0,15567.0
2017-11-23 11:00:00,22.0,905.0,192.0,12.0,656.0,179.0,15.0,650.0,175.0,3.0,691.0,177.0,5.0,668.0,179.0,10.0,592.0,203.0,13.0,634.0,177.0,528.0,474.0,130.0,242.0,2400.0,6830.0
2017-11-23 12:00:00,41.0,784.0,200.0,14.0,641.0,185.0,12.0,651.0,179.0,10.0,676.0,179.0,7.0,656.0,184.0,13.0,546.0,213.0,24.0,645.0,179.0,517.0,464.0,149.0,184.0,614.0,6046.0
2017-11-23 13:00:00,27.0,715.0,205.0,12.0,615.0,186.0,0.0,647.0,183.0,12.0,628.0,181.0,7.0,604.0,184.0,18.0,533.0,211.0,19.0,615.0,179.0,512.0,460.0,132.0,214.0,932.0,4702.0
2017-11-23 14:00:00,21.0,651.0,207.0,9.0,598.0,187.0,1.0,640.0,186.0,8.0,610.0,182.0,9.0,582.0,186.0,22.0,503.0,212.0,14.0,597.0,180.0,518.0,462.0,130.0,175.0,2054.0,6267.0
2017-11-23 15:00:00,4.0,599.0,206.0,1.0,617.0,188.0,5.0,625.0,187.0,0.0,626.0,183.0,4.0,615.0,189.0,9.0,538.0,214.0,5.0,619.0,183.0,504.0,453.0,130.0,219.0,2193.0,4144.0
2017-11-23 16:00:00,0.0,578.0,204.0,0.0,610.0,187.0,18.0,607.0,186.0,0.0,625.0,184.0,2.0,604.0,189.0,2.0,519.0,215.0,3.0,609.0,183.0,372.0,364.0,155.0,169.0,396.0,1007.0
2017-11-23 17:00:00,3.0,580.0,197.0,0.0,623.0,184.0,15.0,626.0,183.0,0.0,621.0,183.0,2.0,604.0,187.0,2.0,570.0,207.0,3.0,608.0,180.0,240.0,242.0,147.0,163.0,410.0,336.0
2017-11-23 18:00:00,41.0,717.0,194.0,0.0,645.0,182.0,11.0,649.0,180.0,0.0,620.0,182.0,2.0,617.0,185.0,1.0,576.0,201.0,3.0,615.0,179.0,364.0,205.0,111.0,359.0,1076.0,6608.0
2017-11-23 19:00:00,2.0,618.0,188.0,0.0,646.0,180.0,0.0,672.0,177.0,0.0,621.0,180.0,1.0,619.0,183.0,1.0,582.0,194.0,3.0,624.0,177.0,267.0,191.0,125.0,194.0,2039.0,112.0
2017-11-23 20:00:00,3.0,655.0,185.0,0.0,646.0,181.0,0.0,665.0,175.0,0.0,629.0,180.0,1.0,627.0,184.0,1.0,588.0,204.0,6.0,629.0,176.0,374.0,269.0,120.0,185.0,1116.0,5039.0
2017-11-23 21:00:00,14.0,674.0,192.0,1.0,652.0,186.0,0.0,659.0,177.0,0.0,635.0,184.0,2.0,626.0,190.0,1.0,525.0,220.0,4.0,651.0,179.0,524.0,437.0,132.0,253.0,452.0,5936.0
2017-11-23 22:00:00,35.0,642.0,198.0,0.0,665.0,188.0,0.0,646.0,181.0,0.0,632.0,185.0,2.0,628.0,190.0,0.0,547.0,214.0,5.0,649.0,182.0,435.0,396.0,122.0,216.0,1420.0,1792.0
2017-11-23 23:00:00,11.0,618.0,194.0,0.0,642.0,184.0,0.0,647.0,179.0,0.0,619.0,183.0,1.0,625.0,188.0,0.0,565.0,204.0,6.0,640.0,179.0,244.0,243.0,143.0,157.0,326.0,
2017-11-24 00:00:00,2.0,614.0,189.0,0.0,660.0,182.0,0.0,646.0,177.0,0.0,614.0,181.0,1.0,612.0,187.0,0.0,565.0,199.0,2.0,636.0,176.0,296.0,200.0,145.0,146.0,285.0,784.0
2017-11-24 01:00:00,1.0,601.0,183.0,0.0,686.0,179.0,0.0,640.0,173.0,0.0,618.0,180.0,1.0,592.0,184.0,0.0,555.0,193.0,0.0,629.0,174.0,256.0,185.0,144.0,142.0,332.0,
2017-11-24 02:00:00,1.0,597.0,179.0,0.0,685.0,176.0,0.0,636.0,170.0,0.0,619.0,179.0,1.0,582.0,182.0,0.0,556.0,188.0,0.0,621.0,172.0,193.0,161.0,139.0,137.0,337.0,1008.0
2017-11-24 03:00:00,1.0,595.0,178.0,0.0,661.0,175.0,0.0,637.0,169.0,0.0,630.0,178.0,0.0,581.0,180.0,0.0,559.0,187.0,0.0,618.0,172.0,286.0,201.0,139.0,137.0,309.0,2016.0
2017-11-24 04:00:00,5.0,592.0,180.0,0.0,636.0,174.0,0.0,639.0,168.0,0.0,637.0,178.0,1.0,580.0,180.0,0.0,557.0,188.0,0.0,611.0,173.0,258.0,235.0,140.0,139.0,262.0,2912.0
2017-11-24 05:00:00,0.0,568.0,184.0,0.0,639.0,174.0,0.0,640.0,168.0,0.0,638.0,179.0,1.0,576.0,180.0,0.0,549.0,190.0,0.0,601.0,174.0,293.0,274.0,144.0,141.0,259.0,2015.0
2017-11-24 06:00:00,0.0,546.0,188.0,0.0,623.0,174.0,0.0,638.0,169.0,0.0,639.0,179.0,1.0,572.0,179.0,0.0,539.0,193.0,0.0,593.0,175.0,331.0,290.0,145.0,143.0,242.0,3023.0
2017-11-24 07:00:00,34.0,641.0,191.0,0.0,637.0,174.0,0.0,645.0,169.0,0.0,632.0,179.0,3.0,592.0,179.0,2.0,545.0,194.0,3.0,598.0,174.0,456.0,277.0,128.0,276.0,318.0,4256.0
2017-11-24 08:00:00,30.0,785.0,193.0,0.0,637.0,174.0,1.0,645.0,170.0,0.0,605.0,179.0,2.0,608.0,179.0,3.0,536.0,195.0,9.0,607.0,172.0,453.0,325.0,114.0,311.0,388.0,12206.0
2017-11-24 09:00:00,20.0,855.0,197.0,18.0,638.0,182.0,26.0,638.0,175.0,3.0,594.0,188.0,4.0,623.0,184.0,5.0,524.0,208.0,16.0,617.0,176.0,522.0,462.0,144.0,210.0,532.0,5261.0
2017-11-24 10:00:00,29.0,739.0,197.0,22.0,623.0,184.0,10.0,619.0,178.0,4.0,605.0,186.0,5.0,616.0,185.0,7.0,544.0,205.0,21.0,614.0,178.0,490.0,405.0,140.0,211.0,379.0,1680.0
2017-11-24 11:00:00,25.0,660.0,192.0,16.0,625.0,179.0,11.0,604.0,175.0,4.0,593.0,183.0,4.0,595.0,182.0,6.0,550.0,195.0,17.0,607.0,175.0,316.0,261.0,147.0,161.0,372.0,4368.0
2017-11-24 12:00:00,15.0,645.0,191.0,8.0,622.0,181.0,12.0,608.0,176.0,2.0,593.0,183.0,4.0,582.0,184.0,9.0,541.0,202.0,14.0,601.0,176.0,526.0,443.0,136.0,162.0,524.0,6045.0
2017-11-24 13:00:00,22.0,640.0,195.0,10.0,615.0,185.0,0.0,610.0,178.0,5.0,590.0,185.0,5.0,579.0,188.0,11.0,523.0,209.0,21.0,601.0,179.0,552.0,435.0,137.0,183.0,510.0,5592.0
2017-11-24 14:00:00,16.0,608.0,199.0,7.0,606.0,186.0,2.0,603.0,180.0,2.0,584.0,187.0,3.0,574.0,189.0,3.0,521.0,206.0,13.0,599.0,180.0,517.0,440.0,146.0,213.0,506.0,5824.0
2017-11-24 15:00:00,6.0,575.0,200.0,2.0,603.0,189.0,3.0,594.0,183.0,1.0,579.0,188.0,2.0,569.0,191.0,1.0,520.0,206.0,12.0,601.0,184.0,505.0,448.0,144.0,209.0,423.0,5600.0
2017-11-24 16:00:00,8.0,558.0,198.0,0.0,596.0,187.0,13.0,600.0,182.0,0.0,571.0,187.0,0.0,571.0,189.0,0.0,525.0,203.0,5.0,583.0,188.0,290.0,290.0,129.0,177.0,381.0,
2017-11-24 17:00:00,0.0,551.0,191.0,1.0,609.0,183.0,2.0,596.0,179.0,0.0,566.0,184.0,2.0,574.0,185.0,3.0,545.0,195.0,5.0,582.0,182.0,198.0,200.0,130.0,145.0,1487.0,
2017-11-24 18:00:00,6.0,566.0,186.0,0.0,610.0,181.0,3.0,596.0,177.0,0.0,564.0,182.0,2.0,572.0,184.0,4.0,552.0,195.0,5.0,583.0,179.0,236.0,197.0,109.0,144.0,1834.0,4928.0
2017-11-24 19:00:00,2.0,582.0,189.0,0.0,608.0,186.0,0.0,591.0,184.0,0.0,587.0,188.0,1.0,608.0,190.0,2.0,532.0,216.0,6.0,573.0,190.0,547.0,481.0,131.0,187.0,3542.0,6384.0
2017-11-24 20:00:00,3.0,568.0,194.0,0.0,609.0,192.0,0.0,588.0,191.0,0.0,601.0,195.0,1.0,626.0,195.0,0.0,526.0,226.0,6.0,577.0,201.0,524.0,466.0,150.0,159.0,904.0,5488.0
2017-11-24 21:00:00,0.0,559.0,197.0,0.0,580.0,192.0,0.0,588.0,194.0,0.0,577.0,194.0,1.0,572.0,195.0,0.0,512.0,216.0,6.0,558.0,206.0,536.0,466.0,160.0,158.0,575.0,6496.0
2017-11-24 22:00:00,0.0,539.0,199.0,0.0,565.0,192.0,0.0,589.0,197.0,0.0,567.0,194.0,1.0,557.0,195.0,0.0,512.0,209.0,6.0,542.0,210.0,520.0,466.0,165.0,158.0,557.0,5711.0
2017-11-24 23:00:00,0.0,531.0,200.0,0.0,558.0,193.0,0.0,591.0,200.0,0.0,562.0,195.0,1.0,553.0,195.0,0.0,513.0,206.0,6.0,538.0,212.0,540.0,463.0,165.0,159.0,566.0,5488.0
2017-11-25 00:00:00,8.0,528.0,201.0,0.0,556.0,193.0,0.0,590.0,202.0,0.0,558.0,195.0,1.0,554.0,195.0,0.0,516.0,206.0,6.0,525.0,214.0,508.0,450.0,155.0,159.0,568.0,4479.0
2017-11-25 01:00:00,8.0,523.0,202.0,0.0,561.0,193.0,0.0,582.0,200.0,0.0,556.0,195.0,1.0,554.0,196.0,0.0,518.0,206.0,0.0,509.0,210.0,335.0,335.0,147.0,154.0,372.0,
2017-11-25 02:00:00,1.0,512.0,197.0,0.0,571.0,190.0,0.0,591.0,191.0,0.0,553.0,191.0,1.0,546.0,192.0,0.0,519.0,200.0,0.0,516.0,199.0,218.0,221.0,147.0,144.0,397.0,
2017-11-25 03:00:00,0.0,518.0,190.0,0.0,580.0,186.0,0.0,589.0,184.0,0.0,555.0,188.0,1.0,542.0,189.0,0.0,521.0,194.0,0.0,522.0,192.0,169.0,173.0,139.0,137.0,342.0,
2017-11-25 04:00:00,1.0,528.0,185.0,0.0,585.0,184.0,0.0,589.0,181.0,0.0,558.0,185.0,1.0,540.0,186.0,0.0,527.0,189.0,0.0,528.0,187.0,145.0,149.0,133.0,132.0,308.0,
2017-11-25 05:00:00,1.0,532.0,181.0,0.0,584.0,181.0,0.0,587.0,177.0,0.0,562.0,183.0,1.0,539.0,184.0,0.0,531.0,186.0,0.0,533.0,184.0,134.0,137.0,130.0,129.0,317.0,
2017-11-25 06:00:00,0.0,538.0,178.0,0.0,584.0,179.0,0.0,585.0,174.0,0.0,564.0,180.0,1.0,539.0,181.0,0.0,535.0,182.0,0.0,535.0,180.0,127.0,129.0,125.0,125.0,262.0,
2017-11-25 07:00:00,1.0,534.0,175.0,0.0,581.0,176.0,0.0,584.0,171.0,0.0,566.0,178.0,1.0,535.0,179.0,0.0,534.0,179.0,0.0,536.0,177.0,122.0,124.0,125.0,123.0,237.0,
2017-11-25 08:00:00,6.0,516.0,172.0,0.0,569.0,174.0,2.0,562.0,170.0,0.0,554.0,176.0,1.0,525.0,176.0,0.0,520.0,176.0,0.0,529.0,174.0,120.0,121.0,120.0,122.0,259.0,
2017-11-25 09:00:00,23.0,536.0,170.0,0.0,568.0,172.0,0.0,557.0,169.0,0.0,549.0,175.0,4.0,541.0,174.0,8.0,538.0,177.0,0.0,537.0,172.0,269.0,206.0,118.0,128.0,378.0,8288.0
2017-11-25 10:00:00,31.0,604.0,178.0,0.0,571.0,177.0,0.0,563.0,173.0,0.0,557.0,179.0,3.0,557.0,180.0,5.0,517.0,197.0,8.0,543.0,181.0,435.0,404.0,114.0,225.0,382.0,6944.0
2017-11-25 11:00:00,14.0,683.0,188.0,9.0,599.0,178.0,5.0,583.0,173.0,2.0,571.0,183.0,3.0,647.0,181.0,3.0,541.0,197.0,11.0,550.0,184.0,358.0,306.0,129.0,254.0,346.0,2128.0
2017-11-25 12:00:00,22.0,562.0,182.0,16.0,587.0,175.0,21.0,579.0,171.0,7.0,553.0,179.0,6.0,585.0,177.0,8.0,536.0,191.0,16.0,547.0,180.0,209.0,210.0,137.0,150.0,330.0,
2017-11-25 13:00:00,21.0,551.0,176.0,17.0,586.0,173.0,20.0,576.0,168.0,8.0,546.0,176.0,7.0,565.0,175.0,9.0,532.0,184.0,17.0,549.0,175.0,163.0,166.0,131.0,132.0,401.0,
2017-11-25 14:00:00,12.0,556.0,172.0,9.0,583.0,171.0,9.0,572.0,166.0,5.0,545.0,174.0,4.0,556.0,173.0,5.0,531.0,181.0,13.0,549.0,173.0,319.0,263.0,126.0,127.0,431.0,5263.0
2017-11-25 15:00:00,6.0,562.0,178.0,2.0,579.0,177.0,0.0,562.0,168.0,0.0,553.0,179.0,1.0,553.0,179.0,1.0,496.0,199.0,6.0,534.0,184.0,464.0,424.0,131.0,188.0,417.0,5040.0
2017-11-25 16:00:00,0.0,541.0,184.0,0.0,580.0,180.0,0.0,554.0,171.0,0.0,551.0,181.0,1.0,550.0,183.0,0.0,482.0,206.0,3.0,524.0,189.0,446.0,397.0,147.0,156.0,399.0,5936.0
2017-11-25 17:00:00,4.0,532.0,187.0,0.0,574.0,181.0,2.0,555.0,172.0,0.0,551.0,182.0,1.0,548.0,184.0,1.0,483.0,207.0,3.0,517.0,191.0,389.0,362.0,136.0,170.0,397.0,3135.0
2017-11-25 18:00:00,1.0,526.0,183.0,0.0,572.0,178.0,2.0,570.0,172.0,0.0,541.0,180.0,0.0,545.0,180.0,0.0,492.0,199.0,3.0,522.0,185.0,237.0,236.0,140.0,143.0,263.0,
2017-11-25 19:00:00,29.0,625.0,179.0,0.0,577.0,174.0,19.0,575.0,168.0,0.0,534.0,178.0,1.0,549.0,176.0,1.0,507.0,191.0,3.0,534.0,179.0,318.0,247.0,123.0,211.0,330.0,8623.0
2017-11-25 20:00:00,1.0,768.0,190.0,0.0,579.0,181.0,5.0,590.0,174.0,0.0,549.0,183.0,2.0,592.0,183.0,3.0,499.0,209.0,3.0,534.0,191.0,549.0,492.0,133.0,182.0,728.0,6717.0
2017-11-25 21:00:00,13.0,585.0,194.0,0.0,574.0,186.0,0.0,579.0,177.0,0.0,549.0,186.0,2.0,567.0,188.0,2.0,483.0,215.0,1.0,524.0,198.0,476.0,443.0,121.0,235.0,1849.0,3359.0
2017-11-25 22:00:00,2.0,583.0,192.0,0.0,566.0,183.0,0.0,576.0,175.0,0.0,549.0,183.0,0.0,566.0,185.0,0.0,507.0,204.0,0.0,527.0,192.0,268.0,270.0,115.0,191.0,1147.0,
2017-11-25 23:00:00,1.0,559.0,186.0,0.0,572.0,180.0,0.0,577.0,170.0,0.0,550.0,180.0,0.0,571.0,181.0,0.0,525.0,196.0,0.0,534.0,185.0,192.0,197.0,129.0,144.0,245.0,
2017-11-26 00:00:00,1.0,548.0,179.0,0.0,580.0,176.0,0.0,575.0,167.0,0.0,546.0,176.0,0.0,559.0,178.0,0.0,527.0,187.0,0.0,539.0,180.0,150.0,155.0,129.0,130.0,232.0,
2017-11-26 01:00:00,0.0,549.0,174.0,0.0,580.0,174.0,0.0,573.0,163.0,0.0,544.0,174.0,0.0,552.0,175.0,0.0,529.0,182.0,0.0,542.0,176.0,133.0,137.0,125.0,125.0,304.0,
2017-11-26 02:00:00,0.0,566.0,170.0,0.0,579.0,171.0,0.0,571.0,161.0,0.0,546.0,172.0,0.0,557.0,173.0,0.0,537.0,178.0,0.0,544.0,173.0,124.0,127.0,118.0,121.0,345.0,
2017-11-26 03:00:00,0.0,561.0,168.0,0.0,579.0,169.0,0.0,570.0,159.0,0.0,547.0,170.0,0.0,559.0,171.0,0.0,542.0,175.0,0.0,547.0,170.0,120.0,121.0,120.0,120.0,385.0,
2017-11-26 04:00:00,0.0,558.0,167.0,0.0,579.0,168.0,0.0,569.0,156.0,0.0,548.0,168.0,1.0,560.0,170.0,0.0,545.0,172.0,0.0,549.0,168.0,115.0,118.0,118.0,118.0,362.0,
2017-11-26 05:00:00,0.0,558.0,165.0,0.0,579.0,166.0,0.0,570.0,154.0,0.0,550.0,166.0,1.0,560.0,167.0,0.0,547.0,170.0,0.0,552.0,165.0,115.0,115.0,115.0,118.0,322.0,
2017-11-26 06:00:00,0.0,557.0,164.0,0.0,576.0,164.0,0.0,572.0,153.0,0.0,553.0,164.0,1.0,561.0,166.0,0.0,549.0,168.0,0.0,554.0,163.0,197.0,159.0,115.0,116.0,307.0,3918.0
2017-11-26 07:00:00,1.0,552.0,167.0,0.0,570.0,165.0,0.0,581.0,153.0,0.0,562.0,164.0,1.0,559.0,167.0,0.0,537.0,174.0,0.0,554.0,167.0,324.0,272.0,122.0,122.0,330.0,6272.0
2017-11-26 08:00:00,10.0,544.0,179.0,0.0,576.0,172.0,4.0,585.0,161.0,0.0,567.0,170.0,3.0,553.0,174.0,4.0,492.0,198.0,5.0,534.0,180.0,554.0,496.0,128.0,137.0,493.0,7500.0
2017-11-26 09:00:00,23.0,660.0,194.0,0.0,588.0,179.0,30.0,646.0,169.0,2.0,587.0,177.0,3.0,630.0,179.0,3.0,502.0,202.0,11.0,530.0,188.0,558.0,478.0,122.0,206.0,616.0,8509.0
2017-11-26 10:00:00,26.0,587.0,195.0,1.0,570.0,183.0,19.0,592.0,173.0,5.0,575.0,180.0,6.0,570.0,182.0,11.0,506.0,203.0,13.0,526.0,194.0,547.0,479.0,135.0,191.0,379.0,8734.0
2017-11-26 11:00:00,73.0,566.0,198.0,14.0,559.0,187.0,0.0,592.0,175.0,9.0,562.0,182.0,9.0,565.0,184.0,11.0,497.0,207.0,29.0,513.0,198.0,534.0,475.0,124.0,290.0,455.0,7727.0
2017-11-26 12:00:00,39.0,522.0,199.0,11.0,560.0,187.0,0.0,586.0,177.0,14.0,563.0,183.0,9.0,562.0,185.0,14.0,504.0,204.0,36.0,511.0,199.0,430.0,404.0,140.0,178.0,404.0,1792.0
2017-11-26 13:00:00,28.0,509.0,192.0,10.0,563.0,181.0,0.0,576.0,174.0,18.0,558.0,180.0,10.0,557.0,180.0,18.0,509.0,195.0,30.0,516.0,190.0,249.0,251.0,143.0,145.0,390.0,
2017-11-26 14:00:00,15.0,529.0,182.0,6.0,571.0,177.0,0.0,575.0,170.0,6.0,550.0,177.0,6.0,556.0,177.0,8.0,522.0,186.0,17.0,531.0,182.0,175.0,180.0,135.0,133.0,354.0,
2017-11-26 15:00:00,2.0,547.0,175.0,0.0,570.0,174.0,0.0,575.0,167.0,0.0,546.0,175.0,1.0,556.0,174.0,0.0,533.0,180.0,5.0,536.0,177.0,145.0,149.0,128.0,127.0,335.0,
2017-11-26 16:00:00,0.0,559.0,171.0,0.0,567.0,171.0,0.0,574.0,164.0,0.0,546.0,172.0,1.0,557.0,172.0,0.0,542.0,176.0,4.0,539.0,173.0,131.0,134.0,124.0,123.0,353.0,
2017-11-26 17:00:00,0.0,565.0,168.0,0.0,566.0,169.0,0.0,573.0,162.0,0.0,546.0,170.0,1.0,557.0,170.0,0.0,548.0,172.0,4.0,541.0,169.0,123.0,125.0,120.0,120.0,387.0,
2017-11-26 18:00:00,8.0,583.0,172.0,1.0,570.0,171.0,11.0,580.0,164.0,0.0,560.0,172.0,6.0,560.0,173.0,0.0,533.0,183.0,4.0,546.0,174.0,492.0,395.0,116.0,228.0,435.0,13664.0
2017-11-26 19:00:00,15.0,569.0,187.0,1.0,571.0,181.0,0.0,594.0,171.0,0.0,567.0,179.0,8.0,580.0,181.0,5.0,532.0,205.0,3.0,530.0,196.0,536.0,483.0,110.0,280.0,1582.0,7951.0
2017-11-26 20:00:00,3.0,578.0,193.0,0.0,584.0,182.0,0.0,594.0,173.0,0.0,579.0,182.0,2.0,591.0,184.0,0.0,546.0,207.0,4.0,510.0,208.0,521.0,473.0,114.0,290.0,1436.0,6495.0
2017-11-26 21:00:00,1.0,561.0,196.0,0.0,590.0,182.0,0.0,594.0,177.0,0.0,577.0,182.0,1.0,587.0,184.0,0.0,539.0,204.0,5.0,503.0,212.0,528.0,474.0,124.0,183.0,1498.0,6383.0
2017-11-26 22:00:00,6.0,559.0,198.0,0.0,619.0,182.0,0.0,595.0,178.0,0.0,588.0,184.0,1.0,602.0,185.0,0.0,547.0,204.0,2.0,518.0,211.0,468.0,436.0,120.0,200.0,387.0,3024.0
2017-11-26 23:00:00,0.0,547.0,195.0,0.0,613.0,180.0,0.0,597.0,175.0,0.0,587.0,183.0,1.0,597.0,183.0,0.0,544.0,198.0,0.0,539.0,200.0,272.0,274.0,139.0,167.0,280.0,
2017-11-27 00:00:00,2.0,553.0,186.0,0.0,617.0,178.0,0.0,601.0,172.0,0.0,591.0,180.0,1.0,588.0,180.0,0.0,552.0,191.0,0.0,553.0,188.0,189.0,193.0,136.0,144.0,287.0,
2017-11-27 01:00:00,0.0,565.0,180.0,0.0,627.0,175.0,,,,0.0,589.0,178.0,1.0,585.0,178.0,0.0,559.0,185.0,0.0,561.0,182.0,152.0,157.0,130.0,137.0,343.0,
2017-11-27 02:00:00,1.0,569.0,175.0,0.0,636.0,173.0,,,,0.0,590.0,177.0,1.0,581.0,176.0,0.0,562.0,180.0,0.0,568.0,178.0,135.0,139.0,126.0,128.0,333.0,
2017-11-27 03:00:00,0.0,575.0,173.0,0.0,638.0,172.0,,,,0.0,590.0,176.0,1.0,588.0,174.0,0.0,568.0,177.0,0.0,572.0,175.0,127.0,130.0,125.0,124.0,336.0,
2017-11-27 04:00:00,1.0,582.0,170.0,0.0,640.0,170.0,,,,0.0,595.0,174.0,1.0,592.0,173.0,0.0,575.0,175.0,0.0,576.0,172.0,122.0,123.0,121.0,122.0,364.0,
2017-11-27 05:00:00,0.0,586.0,169.0,0.0,641.0,168.0,,,,0.0,596.0,173.0,1.0,594.0,171.0,0.0,579.0,173.0,0.0,581.0,170.0,120.0,120.0,120.0,120.0,357.0,
2017-11-27 06:00:00,0.0,587.0,167.0,0.0,643.0,167.0,,,,0.0,599.0,171.0,1.0,594.0,170.0,0.0,581.0,171.0,0.0,583.0,167.0,116.0,118.0,120.0,119.0,281.0,
2017-11-27 07:00:00,32.0,838.0,179.0,0.0,659.0,166.0,0.0,589.0,157.0,0.0,627.0,173.0,1.0,617.0,170.0,1.0,600.0,176.0,0.0,587.0,171.0,454.0,287.0,107.0,332.0,529.0,15232.0
2017-11-27 08:00:00,4.0,634.0,183.0,3.0,656.0,169.0,0.0,702.0,162.0,0.0,623.0,175.0,2.0,649.0,174.0,0.0,591.0,191.0,4.0,588.0,182.0,377.0,358.0,130.0,189.0,349.0,1008.0
2017-11-27 09:00:00,11.0,599.0,177.0,9.0,641.0,167.0,,,,2.0,600.0,173.0,4.0,609.0,172.0,3.0,568.0,186.0,11.0,582.0,176.0,231.0,233.0,136.0,145.0,282.0,
2017-11-27 10:00:00,19.0,585.0,170.0,19.0,649.0,165.0,,,,5.0,582.0,171.0,6.0,589.0,170.0,7.0,560.0,178.0,24.0,583.0,169.0,165.0,169.0,129.0,130.0,315.0,
2017-11-27 11:00:00,33.0,581.0,166.0,19.0,656.0,163.0,,,,7.0,572.0,169.0,8.0,579.0,168.0,11.0,559.0,173.0,31.0,583.0,165.0,141.0,144.0,124.0,125.0,300.0,
2017-11-27 12:00:00,36.0,580.0,163.0,19.0,658.0,161.0,,,,11.0,566.0,167.0,9.0,575.0,166.0,15.0,561.0,169.0,39.0,587.0,162.0,127.0,130.0,120.0,121.0,419.0,
2017-11-27 13:00:00,19.0,582.0,162.0,18.0,657.0,160.0,,,,5.0,563.0,165.0,6.0,577.0,165.0,7.0,564.0,167.0,20.0,587.0,161.0,159.0,150.0,120.0,120.0,442.0,1120.0
2017-11-27 14:00:00,8.0,575.0,163.0,5.0,642.0,159.0,,,,2.0,564.0,164.0,2.0,575.0,165.0,2.0,560.0,168.0,7.0,586.0,161.0,191.0,182.0,121.0,122.0,412.0,1008.0
2017-11-27 15:00:00,2.0,574.0,164.0,0.0,625.0,159.0,,,,0.0,567.0,163.0,1.0,576.0,164.0,0.0,560.0,168.0,1.0,584.0,161.0,219.0,203.0,125.0,124.0,381.0,2016.0
2017-11-27 16:00:00,1.0,572.0,166.0,0.0,616.0,159.0,,,,0.0,571.0,163.0,0.0,578.0,165.0,0.0,559.0,170.0,0.0,580.0,164.0,257.0,237.0,127.0,126.0,369.0,2240.0
2017-11-27 17:00:00,1.0,569.0,167.0,0.0,612.0,159.0,,,,0.0,573.0,162.0,0.0,578.0,165.0,0.0,555.0,172.0,0.0,575.0,165.0,345.0,233.0,130.0,128.0,377.0,2912.0
2017-11-27 18:00:00,14.0,565.0,169.0,0.0,611.0,159.0,12.0,614.0,157.0,0.0,581.0,162.0,2.0,579.0,165.0,1.0,544.0,178.0,3.0,570.0,170.0,488.0,379.0,132.0,158.0,937.0,6608.0
2017-11-27 19:00:00,15.0,581.0,179.0,0.0,635.0,165.0,0.0,616.0,162.0,0.0,620.0,167.0,1.0,629.0,172.0,2.0,550.0,205.0,4.0,557.0,184.0,514.0,465.0,114.0,293.0,2655.0,6384.0
2017-11-27 20:00:00,4.0,571.0,188.0,0.0,631.0,168.0,0.0,615.0,165.0,0.0,618.0,169.0,1.0,616.0,175.0,0.0,517.0,209.0,5.0,564.0,192.0,521.0,466.0,123.0,189.0,596.0,7056.0
2017-11-27 21:00:00,57.0,664.0,194.0,0.0,644.0,171.0,0.0,617.0,168.0,0.0,646.0,172.0,3.0,670.0,177.0,0.0,566.0,203.0,3.0,555.0,195.0,529.0,447.0,114.0,287.0,1067.0,11759.0
2017-11-27 22:00:00,53.0,781.0,203.0,0.0,639.0,178.0,0.0,616.0,173.0,0.0,630.0,178.0,1.0,631.0,182.0,0.0,551.0,205.0,4.0,545.0,199.0,526.0,471.0,115.0,313.0,1090.0,10976.0
2017-11-27 23:00:00,5.0,665.0,202.0,0.0,650.0,179.0,0.0,617.0,172.0,0.0,645.0,179.0,1.0,684.0,181.0,0.0,617.0,199.0,5.0,590.0,194.0,497.0,345.0,125.0,297.0,1196.0,2911.0
2017-11-28 00:00:00,1.0,648.0,195.0,0.0,655.0,178.0,0.0,621.0,171.0,0.0,626.0,180.0,1.0,684.0,181.0,0.0,653.0,197.0,5.0,638.0,191.0,406.0,353.0,125.0,174.0,550.0,3807.0
2017-11-28 01:00:00,0.0,620.0,191.0,0.0,644.0,177.0,0.0,622.0,170.0,0.0,630.0,181.0,1.0,648.0,181.0,0.0,607.0,194.0,0.0,619.0,188.0,366.0,281.0,142.0,152.0,353.0,
2017-11-28 02:00:00,0.0,604.0,185.0,0.0,630.0,174.0,,,,0.0,633.0,178.0,1.0,616.0,179.0,0.0,585.0,188.0,0.0,606.0,182.0,226.0,204.0,142.0,141.0,301.0,
2017-11-28 03:00:00,0.0,593.0,179.0,0.0,623.0,172.0,,,,0.0,623.0,176.0,1.0,599.0,176.0,0.0,578.0,183.0,0.0,605.0,177.0,284.0,180.0,138.0,135.0,359.0,1568.0
2017-11-28 04:00:00,0.0,587.0,179.0,0.0,612.0,171.0,,,,0.0,623.0,176.0,1.0,590.0,176.0,0.0,575.0,181.0,0.0,607.0,176.0,279.0,227.0,140.0,138.0,344.0,1792.0
2017-11-28 05:00:00,0.0,577.0,180.0,0.0,605.0,170.0,,,,0.0,620.0,178.0,1.0,585.0,176.0,0.0,567.0,182.0,0.0,603.0,176.0,272.0,247.0,140.0,138.0,313.0,2240.0
2017-11-28 06:00:00,0.0,568.0,180.0,0.0,598.0,170.0,,,,0.0,619.0,179.0,1.0,580.0,176.0,0.0,559.0,183.0,0.0,596.0,176.0,284.0,252.0,139.0,138.0,331.0,4703.0
2017-11-28 07:00:00,23.0,593.0,185.0,0.0,614.0,174.0,1.0,617.0,164.0,0.0,611.0,184.0,2.0,599.0,179.0,1.0,563.0,196.0,1.0,596.0,183.0,555.0,467.0,113.0,227.0,539.0,8511.0
2017-11-28 08:00:00,31.0,587.0,191.0,3.0,599.0,181.0,,,,0.0,581.0,186.0,3.0,591.0,183.0,1.0,522.0,205.0,2.0,549.0,192.0,511.0,423.0,147.0,222.0,249.0,2464.0
2017-11-28 09:00:00,13.0,557.0,188.0,9.0,597.0,177.0,,,,2.0,583.0,183.0,4.0,580.0,180.0,3.0,529.0,197.0,10.0,553.0,186.0,306.0,276.0,150.0,158.0,204.0,
2017-11-28 10:00:00,17.0,550.0,180.0,14.0,607.0,173.0,,,,4.0,569.0,178.0,6.0,569.0,176.0,5.0,533.0,187.0,20.0,566.0,177.0,195.0,191.0,140.0,138.0,276.0,
2017-11-28 11:00:00,33.0,554.0,175.0,17.0,610.0,170.0,,,,6.0,562.0,176.0,7.0,565.0,173.0,9.0,537.0,181.0,23.0,571.0,173.0,157.0,158.0,132.0,131.0,249.0,
2017-11-28 12:00:00,40.0,558.0,170.0,14.0,609.0,167.0,,,,12.0,557.0,173.0,9.0,563.0,171.0,13.0,543.0,176.0,31.0,574.0,169.0,137.0,139.0,126.0,126.0,329.0,
2017-11-28 13:00:00,21.0,567.0,168.0,11.0,608.0,166.0,,,,8.0,557.0,172.0,7.0,565.0,170.0,11.0,551.0,173.0,16.0,576.0,166.0,128.0,130.0,125.0,123.0,305.0,
2017-11-28 14:00:00,16.0,573.0,165.0,10.0,607.0,163.0,,,,6.0,557.0,170.0,7.0,567.0,168.0,8.0,559.0,170.0,12.0,578.0,164.0,121.0,123.0,120.0,121.0,334.0,
2017-11-28 15:00:00,4.0,576.0,164.0,1.0,605.0,162.0,,,,0.0,557.0,168.0,2.0,568.0,167.0,0.0,563.0,168.0,2.0,578.0,162.0,120.0,119.0,120.0,120.0,318.0,
2017-11-28 16:00:00,1.0,578.0,162.0,0.0,604.0,160.0,,,,0.0,558.0,166.0,0.0,568.0,165.0,0.0,566.0,166.0,0.0,577.0,159.0,116.0,117.0,119.0,118.0,301.0,
2017-11-28 17:00:00,0.0,579.0,160.0,0.0,604.0,159.0,,,,0.0,559.0,163.0,0.0,569.0,163.0,0.0,568.0,164.0,0.0,579.0,157.0,115.0,115.0,115.0,118.0,348.0,
2017-11-28 18:00:00,55.0,709.0,171.0,0.0,624.0,163.0,2.0,639.0,160.0,0.0,578.0,169.0,4.0,645.0,167.0,5.0,593.0,180.0,3.0,595.0,166.0,546.0,423.0,111.0,309.0,1096.0,8957.0
2017-11-28 19:00:00,20.0,630.0,184.0,0.0,620.0,174.0,0.0,635.0,166.0,0.0,582.0,179.0,3.0,637.0,175.0,3.0,542.0,202.0,4.0,583.0,178.0,556.0,476.0,122.0,314.0,1817.0,8510.0
2017-11-28 20:00:00,6.0,600.0,191.0,0.0,613.0,179.0,0.0,627.0,170.0,0.0,587.0,184.0,1.0,629.0,181.0,0.0,536.0,210.0,5.0,581.0,184.0,533.0,464.0,136.0,210.0,530.0,7504.0
2017-11-28 21:00:00,11.0,588.0,197.0,0.0,616.0,183.0,0.0,620.0,174.0,0.0,585.0,184.0,0.0,617.0,182.0,0.0,538.0,205.0,10.0,597.0,191.0,539.0,464.0,112.0,262.0,2252.0,6272.0
2017-11-28 22:00:00,21.0,757.0,204.0,0.0,641.0,183.0,0.0,616.0,176.0,0.0,594.0,184.0,1.0,641.0,182.0,1.0,573.0,198.0,10.0,594.0,194.0,501.0,419.0,117.0,313.0,1491.0,7504.0
2017-11-28 23:00:00,3.0,621.0,200.0,0.0,645.0,182.0,0.0,618.0,173.0,0.0,624.0,181.0,1.0,670.0,183.0,0.0,590.0,200.0,2.0,585.0,193.0,460.0,323.0,148.0,196.0,237.0,3246.0
2017-11-29 00:00:00,2.0,571.0,193.0,0.0,620.0,179.0,0.0,620.0,171.0,0.0,621.0,179.0,0.0,615.0,181.0,0.0,551.0,197.0,0.0,572.0,187.0,301.0,247.0,150.0,152.0,268.0,
2017-11-29 01:00:00,1.0,567.0,184.0,0.0,627.0,176.0,0.0,619.0,168.0,0.0,620.0,177.0,0.0,594.0,179.0,0.0,551.0,190.0,0.0,575.0,180.0,199.0,185.0,133.0,138.0,358.0,
2017-11-29 02:00:00,1.0,568.0,178.0,0.0,638.0,173.0,0.0,614.0,165.0,0.0,613.0,176.0,0.0,580.0,177.0,0.0,552.0,184.0,0.0,576.0,176.0,158.0,155.0,131.0,131.0,306.0,
2017-11-29 03:00:00,1.0,565.0,173.0,0.0,649.0,170.0,0.0,612.0,162.0,0.0,613.0,174.0,0.0,570.0,175.0,0.0,552.0,179.0,0.0,573.0,172.0,138.0,138.0,127.0,126.0,281.0,
2017-11-29 04:00:00,1.0,569.0,170.0,0.0,649.0,168.0,0.0,614.0,161.0,0.0,611.0,173.0,0.0,568.0,172.0,0.0,556.0,175.0,0.0,571.0,169.0,127.0,129.0,124.0,123.0,257.0,
2017-11-29 05:00:00,1.0,570.0,167.0,0.0,647.0,166.0,0.0,614.0,159.0,0.0,610.0,172.0,0.0,567.0,171.0,0.0,559.0,172.0,0.0,570.0,167.0,122.0,123.0,120.0,121.0,338.0,
2017-11-29 06:00:00,1.0,567.0,165.0,0.0,645.0,165.0,0.0,614.0,157.0,0.0,613.0,171.0,0.0,563.0,169.0,0.0,557.0,170.0,0.0,568.0,164.0,119.0,119.0,120.0,119.0,307.0,
2017-11-29 07:00:00,24.0,779.0,172.0,1.0,639.0,166.0,1.0,629.0,159.0,0.0,630.0,172.0,1.0,602.0,170.0,2.0,581.0,178.0,2.0,576.0,168.0,437.0,320.0,107.0,307.0,517.0,14334.0
2017-11-29 08:00:00,6.0,608.0,183.0,3.0,609.0,175.0,1.0,610.0,167.0,0.0,596.0,178.0,1.0,597.0,177.0,0.0,518.0,204.0,3.0,549.0,182.0,472.0,444.0,133.0,233.0,275.0,671.0
2017-11-29 09:00:00,11.0,566.0,179.0,9.0,607.0,171.0,5.0,601.0,166.0,1.0,588.0,176.0,3.0,582.0,175.0,3.0,522.0,194.0,9.0,550.0,176.0,290.0,276.0,141.0,156.0,292.0,
2017-11-29 10:00:00,19.0,571.0,172.0,17.0,620.0,167.0,11.0,590.0,163.0,4.0,577.0,171.0,6.0,578.0,171.0,6.0,546.0,183.0,21.0,562.0,169.0,222.0,203.0,116.0,246.0,355.0,559.0
2017-11-29 11:00:00,32.0,608.0,168.0,18.0,619.0,165.0,12.0,598.0,161.0,4.0,580.0,170.0,8.0,604.0,168.0,11.0,572.0,178.0,28.0,572.0,166.0,370.0,180.0,122.0,243.0,361.0,1120.0
2017-11-29 12:00:00,31.0,584.0,168.0,14.0,607.0,163.0,,,,8.0,581.0,169.0,8.0,588.0,168.0,13.0,562.0,176.0,30.0,572.0,165.0,217.0,203.0,134.0,147.0,331.0,2908.0
2017-11-29 13:00:00,24.0,568.0,168.0,13.0,594.0,163.0,,,,12.0,575.0,168.0,9.0,572.0,168.0,16.0,546.0,176.0,25.0,565.0,165.0,234.0,215.0,134.0,133.0,305.0,2016.0
2017-11-29 14:00:00,15.0,556.0,168.0,8.0,588.0,162.0,,,,3.0,571.0,168.0,6.0,563.0,168.0,6.0,536.0,177.0,12.0,562.0,165.0,237.0,223.0,134.0,130.0,321.0,2016.0
2017-11-29 15:00:00,3.0,549.0,168.0,1.0,582.0,162.0,,,,0.0,568.0,167.0,2.0,557.0,168.0,0.0,530.0,177.0,2.0,557.0,165.0,270.0,231.0,135.0,130.0,347.0,2240.0
2017-11-29 16:00:00,1.0,544.0,169.0,0.0,578.0,161.0,,,,0.0,566.0,167.0,0.0,554.0,168.0,0.0,524.0,178.0,0.0,552.0,165.0,275.0,247.0,135.0,131.0,300.0,3248.0
2017-11-29 17:00:00,3.0,538.0,170.0,0.0,574.0,161.0,0.0,572.0,159.0,0.0,562.0,167.0,1.0,553.0,168.0,1.0,525.0,181.0,1.0,546.0,166.0,468.0,351.0,130.0,156.0,507.0,7727.0
2017-11-29 18:00:00,28.0,557.0,179.0,0.0,590.0,170.0,2.0,584.0,165.0,0.0,559.0,174.0,3.0,563.0,175.0,3.0,510.0,205.0,3.0,542.0,177.0,556.0,490.0,134.0,239.0,481.0,8176.0
2017-11-29 19:00:00,4.0,521.0,188.0,0.0,584.0,178.0,2.0,585.0,170.0,0.0,551.0,177.0,1.0,549.0,181.0,0.0,475.0,207.0,5.0,527.0,188.0,552.0,483.0,138.0,174.0,522.0,7166.0
2017-11-29 20:00:00,0.0,525.0,190.0,0.0,582.0,182.0,0.0,589.0,177.0,0.0,561.0,181.0,1.0,569.0,183.0,0.0,528.0,206.0,5.0,540.0,195.0,549.0,484.0,138.0,161.0,604.0,6713.0
2017-11-29 21:00:00,7.0,520.0,193.0,0.0,576.0,184.0,0.0,592.0,180.0,0.0,561.0,181.0,1.0,553.0,184.0,0.0,503.0,202.0,5.0,520.0,201.0,541.0,476.0,130.0,241.0,558.0,6603.0
2017-11-29 22:00:00,2.0,518.0,194.0,0.0,569.0,186.0,0.0,591.0,181.0,0.0,562.0,181.0,1.0,549.0,186.0,0.0,502.0,201.0,6.0,512.0,205.0,544.0,475.0,140.0,226.0,454.0,5819.0
2017-11-29 23:00:00,9.0,517.0,198.0,0.0,558.0,188.0,0.0,588.0,183.0,0.0,561.0,183.0,1.0,538.0,187.0,0.0,495.0,201.0,6.0,500.0,208.0,539.0,471.0,127.0,160.0,1391.0,7055.0
2017-11-30 00:00:00,2.0,489.0,201.0,0.0,549.0,189.0,0.0,590.0,185.0,0.0,559.0,183.0,1.0,525.0,188.0,0.0,486.0,200.0,5.0,490.0,211.0,531.0,469.0,140.0,153.0,1027.0,6607.0
2017-11-30 01:00:00,1.0,487.0,202.0,0.0,530.0,189.0,0.0,594.0,184.0,0.0,562.0,184.0,0.0,530.0,188.0,0.0,495.0,199.0,0.0,466.0,208.0,356.0,358.0,153.0,149.0,360.0,
2017-11-30 02:00:00,1.0,490.0,192.0,0.0,537.0,184.0,0.0,597.0,179.0,0.0,575.0,182.0,0.0,529.0,184.0,0.0,499.0,192.0,0.0,475.0,195.0,220.0,225.0,143.0,139.0,325.0,
2017-11-30 03:00:00,1.0,498.0,183.0,0.0,549.0,179.0,0.0,596.0,175.0,0.0,573.0,180.0,0.0,525.0,180.0,0.0,505.0,185.0,0.0,486.0,187.0,164.0,168.0,133.0,131.0,319.0,
2017-11-30 04:00:00,1.0,503.0,178.0,0.0,552.0,176.0,0.0,592.0,171.0,0.0,575.0,178.0,1.0,521.0,178.0,0.0,508.0,180.0,0.0,491.0,182.0,141.0,145.0,127.0,126.0,326.0,
2017-11-30 05:00:00,1.0,512.0,174.0,0.0,545.0,174.0,0.0,591.0,168.0,0.0,575.0,176.0,1.0,523.0,175.0,0.0,513.0,177.0,0.0,495.0,178.0,297.0,169.0,127.0,124.0,300.0,1344.0
2017-11-30 06:00:00,1.0,510.0,174.0,0.0,531.0,172.0,0.0,588.0,166.0,0.0,577.0,174.0,1.0,522.0,175.0,0.0,509.0,178.0,0.0,498.0,177.0,216.0,201.0,130.0,128.0,315.0,1678.0
2017-11-30 07:00:00,1.0,502.0,174.0,0.0,526.0,172.0,0.0,586.0,166.0,0.0,580.0,173.0,0.0,516.0,175.0,0.0,499.0,180.0,0.0,497.0,177.0,258.0,223.0,130.0,128.0,277.0,2240.0
2017-11-30 08:00:00,51.0,609.0,179.0,0.0,525.0,171.0,3.0,549.0,167.0,0.0,571.0,172.0,3.0,530.0,174.0,2.0,490.0,185.0,0.0,490.0,178.0,393.0,310.0,106.0,257.0,717.0,11199.0
2017-11-30 09:00:00,19.0,880.0,191.0,7.0,551.0,175.0,6.0,553.0,169.0,2.0,582.0,174.0,3.0,583.0,177.0,2.0,509.0,194.0,10.0,500.0,185.0,456.0,396.0,115.0,214.0,1137.0,3247.0
2017-11-30 10:00:00,26.0,742.0,189.0,19.0,551.0,173.0,10.0,554.0,169.0,5.0,562.0,173.0,5.0,555.0,176.0,5.0,515.0,192.0,20.0,503.0,181.0,260.0,261.0,118.0,145.0,816.0,
2017-11-30 11:00:00,28.0,682.0,182.0,18.0,562.0,170.0,14.0,553.0,166.0,6.0,553.0,171.0,5.0,555.0,173.0,6.0,512.0,185.0,18.0,515.0,174.0,179.0,182.0,116.0,129.0,518.0,
2017-11-30 12:00:00,34.0,659.0,176.0,18.0,568.0,167.0,23.0,549.0,163.0,11.0,546.0,169.0,6.0,552.0,171.0,10.0,517.0,179.0,23.0,522.0,169.0,144.0,148.0,120.0,122.0,329.0,
2017-11-30 13:00:00,13.0,590.0,179.0,6.0,557.0,170.0,0.0,550.0,164.0,3.0,563.0,170.0,3.0,553.0,174.0,4.0,511.0,189.0,14.0,525.0,175.0,519.0,426.0,131.0,128.0,447.0,10638.0
2017-11-30 14:00:00,13.0,531.0,189.0,7.0,544.0,180.0,0.0,554.0,170.0,1.0,560.0,172.0,3.0,534.0,181.0,3.0,468.0,205.0,16.0,508.0,189.0,531.0,474.0,141.0,140.0,467.0,6831.0
2017-11-30 15:00:00,20.0,517.0,195.0,1.0,533.0,185.0,1.0,554.0,174.0,0.0,559.0,174.0,3.0,526.0,184.0,3.0,468.0,204.0,7.0,486.0,196.0,535.0,472.0,147.0,144.0,470.0,7056.0
2017-11-30 16:00:00,13.0,511.0,198.0,5.0,531.0,188.0,5.0,552.0,178.0,0.0,556.0,173.0,2.0,526.0,187.0,3.0,476.0,203.0,4.0,479.0,200.0,536.0,474.0,114.0,189.0,604.0,7055.0
2017-11-30 17:00:00,1.0,503.0,202.0,8.0,531.0,190.0,2.0,558.0,180.0,0.0,569.0,173.0,2.0,545.0,188.0,2.0,542.0,204.0,5.0,491.0,203.0,522.0,467.0,123.0,227.0,2507.0,5936.0
2017-11-30 18:00:00,23.0,533.0,207.0,7.0,538.0,190.0,2.0,569.0,183.0,0.0,600.0,178.0,3.0,604.0,190.0,5.0,558.0,210.0,4.0,497.0,207.0,525.0,459.0,114.0,243.0,1153.0,8286.0
2017-11-30 19:00:00,13.0,608.0,210.0,8.0,541.0,191.0,5.0,590.0,186.0,0.0,597.0,181.0,2.0,575.0,192.0,5.0,540.0,212.0,5.0,497.0,210.0,523.0,464.0,120.0,206.0,586.0,6494.0
2017-11-30 20:00:00,10.0,575.0,207.0,6.0,567.0,193.0,0.0,604.0,187.0,0.0,645.0,184.0,2.0,683.0,193.0,2.0,708.0,219.0,6.0,514.0,215.0,514.0,457.0,119.0,213.0,1234.0,6384.0
2017-11-30 21:00:00,1.0,561.0,207.0,5.0,559.0,193.0,0.0,601.0,188.0,0.0,614.0,184.0,1.0,583.0,193.0,0.0,580.0,209.0,7.0,507.0,220.0,518.0,458.0,131.0,157.0,1296.0,5375.0
2017-11-30 22:00:00,24.0,574.0,207.0,6.0,552.0,193.0,0.0,598.0,189.0,0.0,598.0,184.0,2.0,572.0,193.0,1.0,550.0,205.0,6.0,485.0,222.0,518.0,438.0,117.0,274.0,570.0,4367.0
2017-11-30 23:00:00,0.0,537.0,203.0,6.0,555.0,191.0,0.0,596.0,185.0,0.0,594.0,183.0,1.0,555.0,192.0,0.0,527.0,203.0,1.0,474.0,214.0,365.0,306.0,137.0,178.0,310.0,
2017-12-01 00:00:00,0.0,515.0,195.0,0.0,561.0,187.0,0.0,595.0,180.0,0.0,592.0,180.0,0.0,553.0,188.0,0.0,523.0,196.0,0.0,481.0,200.0,220.0,208.0,140.0,143.0,406.0,
2017-12-01 01:00:00,0.0,516.0,188.0,0.0,565.0,183.0,0.0,596.0,176.0,0.0,595.0,178.0,1.0,537.0,186.0,0.0,522.0,190.0,0.0,484.0,191.0,165.0,164.0,133.0,131.0,313.0,
2017-12-01 02:00:00,1.0,519.0,182.0,0.0,568.0,180.0,0.0,593.0,172.0,0.0,595.0,177.0,1.0,530.0,183.0,0.0,521.0,185.0,0.0,485.0,186.0,141.0,142.0,128.0,126.0,322.0,
2017-12-01 03:00:00,1.0,521.0,178.0,0.0,574.0,177.0,0.0,590.0,169.0,0.0,597.0,175.0,1.0,528.0,180.0,0.0,523.0,181.0,0.0,491.0,181.0,128.0,129.0,123.0,121.0,346.0,
2017-12-01 04:00:00,1.0,521.0,174.0,0.0,579.0,174.0,0.0,587.0,167.0,0.0,603.0,174.0,1.0,524.0,178.0,0.0,521.0,178.0,0.0,495.0,177.0,121.0,122.0,120.0,119.0,358.0,
2017-12-01 05:00:00,1.0,521.0,171.0,0.0,586.0,172.0,0.0,583.0,165.0,0.0,601.0,172.0,1.0,522.0,176.0,0.0,521.0,175.0,0.0,497.0,174.0,117.0,118.0,117.0,117.0,349.0,
2017-12-01 06:00:00,0.0,520.0,171.0,0.0,593.0,170.0,0.0,585.0,163.0,0.0,605.0,171.0,1.0,521.0,175.0,0.0,518.0,175.0,0.0,498.0,173.0,194.0,171.0,119.0,118.0,418.0,2128.0
2017-12-01 07:00:00,1.0,511.0,173.0,0.0,599.0,169.0,0.0,583.0,162.0,0.0,606.0,171.0,1.0,518.0,174.0,0.0,509.0,178.0,0.0,497.0,173.0,261.0,206.0,121.0,120.0,370.0,5376.0
2017-12-01 08:00:00,44.0,742.0,189.0,1.0,603.0,177.0,17.0,599.0,169.0,0.0,611.0,172.0,3.0,599.0,180.0,2.0,547.0,202.0,7.0,511.0,190.0,547.0,444.0,97.0,299.0,1516.0,14442.0
2017-12-01 09:00:00,39.0,715.0,200.0,7.0,581.0,183.0,8.0,600.0,174.0,3.0,609.0,174.0,4.0,625.0,183.0,4.0,563.0,203.0,10.0,516.0,198.0,484.0,437.0,107.0,297.0,730.0,4703.0
2017-12-01 10:00:00,24.0,681.0,193.0,8.0,561.0,180.0,11.0,573.0,173.0,5.0,595.0,173.0,5.0,584.0,181.0,6.0,537.0,198.0,18.0,513.0,192.0,293.0,294.0,119.0,177.0,1085.0,
2017-12-01 11:00:00,46.0,629.0,184.0,15.0,562.0,175.0,21.0,567.0,169.0,10.0,582.0,171.0,7.0,567.0,176.0,15.0,542.0,189.0,27.0,519.0,181.0,188.0,192.0,113.0,133.0,994.0,
2017-12-01 12:00:00,30.0,609.0,179.0,13.0,564.0,172.0,16.0,571.0,166.0,8.0,583.0,169.0,5.0,569.0,174.0,9.0,548.0,184.0,17.0,523.0,175.0,150.0,154.0,106.0,126.0,729.0,
2017-12-01 13:00:00,23.0,625.0,176.0,10.0,572.0,170.0,0.0,592.0,164.0,9.0,586.0,168.0,7.0,577.0,173.0,16.0,583.0,184.0,14.0,536.0,173.0,408.0,261.0,102.0,220.0,824.0,8951.0
2017-12-01 14:00:00,7.0,647.0,183.0,2.0,564.0,180.0,6.0,587.0,169.0,1.0,603.0,171.0,4.0,595.0,181.0,10.0,558.0,202.0,7.0,522.0,191.0,537.0,477.0,116.0,185.0,3479.0,5936.0
2017-12-01 15:00:00,11.0,608.0,189.0,0.0,553.0,187.0,3.0,581.0,176.0,0.0,610.0,173.0,1.0,586.0,186.0,0.0,506.0,213.0,3.0,499.0,201.0,470.0,439.0,111.0,228.0,1211.0,2800.0
2017-12-01 16:00:00,1.0,555.0,187.0,0.0,549.0,181.0,2.0,571.0,173.0,0.0,593.0,173.0,1.0,564.0,182.0,0.0,503.0,202.0,0.0,502.0,190.0,259.0,261.0,134.0,158.0,324.0,
2017-12-01 17:00:00,5.0,562.0,184.0,0.0,592.0,180.0,18.0,634.0,174.0,0.0,615.0,172.0,2.0,605.0,182.0,4.0,563.0,209.0,3.0,518.0,188.0,402.0,332.0,125.0,172.0,444.0,9176.0
2017-12-01 18:00:00,18.0,609.0,191.0,0.0,597.0,184.0,3.0,641.0,177.0,0.0,660.0,176.0,2.0,650.0,187.0,2.0,596.0,223.0,5.0,538.0,200.0,498.0,425.0,108.0,313.0,968.0,6607.0
2017-12-01 19:00:00,3.0,589.0,190.0,0.0,590.0,184.0,6.0,606.0,176.0,0.0,632.0,175.0,1.0,597.0,186.0,1.0,567.0,208.0,5.0,525.0,201.0,472.0,417.0,120.0,214.0,2217.0,1343.0
2017-12-02 09:00:00,20.0,574.0,183.0,1.0,616.0,179.0,25.0,619.0,171.0,0.0,620.0,171.0,3.0,575.0,181.0,5.0,544.0,196.0,8.0,530.0,192.0,507.0,438.0,112.0,194.0,1307.0,5711.0
2017-12-02 10:00:00,40.0,665.0,189.0,5.0,595.0,183.0,13.0,627.0,174.0,5.0,626.0,172.0,4.0,606.0,183.0,7.0,552.0,200.0,18.0,544.0,199.0,427.0,386.0,105.0,310.0,664.0,6496.0
2017-12-02 11:00:00,36.0,682.0,194.0,12.0,601.0,184.0,12.0,640.0,175.0,6.0,642.0,171.0,5.0,644.0,184.0,6.0,580.0,202.0,27.0,552.0,200.0,483.0,370.0,107.0,256.0,1333.0,6607.0
2017-12-02 12:00:00,26.0,651.0,194.0,15.0,603.0,184.0,16.0,635.0,176.0,8.0,656.0,173.0,6.0,628.0,185.0,11.0,595.0,203.0,27.0,555.0,202.0,399.0,366.0,113.0,220.0,1071.0,3023.0
2017-12-02 13:00:00,20.0,640.0,195.0,11.0,620.0,184.0,9.0,663.0,177.0,7.0,679.0,175.0,7.0,661.0,187.0,12.0,597.0,213.0,24.0,565.0,201.0,423.0,337.0,103.0,272.0,936.0,5152.0
2017-12-02 14:00:00,18.0,627.0,197.0,8.0,607.0,186.0,0.0,632.0,176.0,6.0,661.0,177.0,4.0,624.0,188.0,6.0,567.0,209.0,18.0,562.0,204.0,436.0,376.0,117.0,199.0,1465.0,5935.0
2017-12-02 15:00:00,9.0,594.0,202.0,2.0,589.0,191.0,1.0,618.0,180.0,1.0,643.0,177.0,1.0,601.0,192.0,0.0,557.0,207.0,10.0,552.0,210.0,508.0,454.0,114.0,206.0,1757.0,5712.0
2017-12-02 16:00:00,9.0,572.0,204.0,0.0,593.0,190.0,8.0,612.0,184.0,0.0,651.0,178.0,1.0,600.0,193.0,1.0,570.0,206.0,3.0,540.0,211.0,464.0,435.0,110.0,248.0,472.0,2912.0
2017-12-02 17:00:00,1.0,564.0,198.0,0.0,583.0,187.0,0.0,600.0,181.0,0.0,628.0,179.0,1.0,598.0,189.0,0.0,567.0,199.0,0.0,541.0,203.0,279.0,283.0,142.0,172.0,266.0,
2017-12-02 18:00:00,1.0,570.0,190.0,0.0,584.0,184.0,0.0,599.0,177.0,0.0,615.0,178.0,1.0,593.0,185.0,0.0,568.0,193.0,0.0,549.0,194.0,194.0,198.0,142.0,143.0,306.0,
2017-12-02 19:00:00,25.0,605.0,186.0,0.0,590.0,181.0,3.0,605.0,175.0,0.0,610.0,177.0,2.0,598.0,183.0,1.0,588.0,189.0,0.0,558.0,188.0,211.0,179.0,119.0,202.0,1815.0,8960.0
2017-12-02 20:00:00,22.0,690.0,198.0,1.0,633.0,188.0,1.0,626.0,186.0,0.0,660.0,186.0,2.0,668.0,191.0,2.0,592.0,215.0,4.0,579.0,201.0,525.0,469.0,122.0,207.0,1995.0,6832.0
2017-12-02 21:00:00,2.0,581.0,210.0,0.0,631.0,192.0,0.0,603.0,193.0,0.0,641.0,189.0,1.0,621.0,195.0,0.0,534.0,219.0,6.0,576.0,212.0,422.0,401.0,127.0,205.0,619.0,2688.0
2017-12-02 22:00:00,12.0,553.0,212.0,0.0,615.0,190.0,0.0,598.0,194.0,0.0,629.0,187.0,1.0,602.0,193.0,1.0,533.0,214.0,6.0,563.0,212.0,410.0,355.0,138.0,209.0,563.0,4591.0
2017-12-02 23:00:00,4.0,573.0,209.0,3.0,647.0,189.0,0.0,602.0,190.0,0.0,637.0,186.0,1.0,613.0,195.0,0.0,551.0,213.0,4.0,595.0,210.0,302.0,298.0,125.0,196.0,562.0,112.0
2017-12-03 00:00:00,12.0,570.0,203.0,0.0,659.0,187.0,0.0,613.0,184.0,0.0,641.0,183.0,1.0,608.0,193.0,0.0,557.0,208.0,0.0,606.0,203.0,221.0,220.0,114.0,168.0,1164.0,
2017-12-03 01:00:00,0.0,570.0,196.0,0.0,674.0,184.0,0.0,617.0,179.0,0.0,646.0,181.0,1.0,600.0,190.0,0.0,562.0,201.0,0.0,608.0,195.0,171.0,172.0,114.0,143.0,1077.0,
2017-12-03 02:00:00,1.0,581.0,191.0,0.0,681.0,182.0,0.0,617.0,176.0,0.0,654.0,181.0,1.0,598.0,189.0,0.0,570.0,197.0,0.0,605.0,191.0,147.0,149.0,128.0,133.0,326.0,
2017-12-03 03:00:00,0.0,589.0,187.0,0.0,691.0,180.0,0.0,617.0,174.0,0.0,657.0,180.0,1.0,593.0,188.0,0.0,570.0,193.0,0.0,606.0,188.0,137.0,138.0,130.0,130.0,322.0,
2017-12-03 04:00:00,1.0,591.0,184.0,0.0,695.0,179.0,0.0,618.0,172.0,0.0,660.0,179.0,1.0,589.0,186.0,0.0,573.0,190.0,0.0,604.0,185.0,130.0,131.0,130.0,128.0,301.0,
2017-12-03 05:00:00,1.0,589.0,181.0,0.0,695.0,177.0,0.0,618.0,170.0,0.0,663.0,178.0,1.0,584.0,184.0,0.0,573.0,187.0,0.0,600.0,183.0,126.0,127.0,125.0,127.0,272.0,
2017-12-03 06:00:00,0.0,586.0,179.0,0.0,697.0,176.0,0.0,618.0,169.0,0.0,666.0,178.0,1.0,579.0,182.0,0.0,573.0,184.0,0.0,595.0,180.0,125.0,124.0,125.0,125.0,319.0,
2017-12-03 07:00:00,1.0,585.0,177.0,0.0,696.0,175.0,0.0,618.0,167.0,0.0,665.0,177.0,0.0,577.0,181.0,0.0,572.0,182.0,0.0,592.0,178.0,123.0,123.0,125.0,124.0,239.0,
2017-12-03 08:00:00,3.0,584.0,175.0,0.0,694.0,174.0,0.0,619.0,166.0,0.0,671.0,175.0,1.0,574.0,178.0,0.0,570.0,180.0,2.0,589.0,176.0,190.0,146.0,119.0,122.0,232.0,6381.0
2017-12-03 09:00:00,18.0,618.0,185.0,0.0,671.0,179.0,3.0,630.0,172.0,0.0,681.0,177.0,3.0,588.0,184.0,8.0,570.0,196.0,5.0,580.0,194.0,475.0,430.0,123.0,214.0,328.0,3918.0
2017-12-03 10:00:00,54.0,846.0,198.0,0.0,669.0,182.0,12.0,638.0,176.0,0.0,680.0,178.0,6.0,612.0,187.0,12.0,578.0,203.0,9.0,565.0,201.0,463.0,378.0,111.0,291.0,434.0,10298.0
2017-12-03 11:00:00,42.0,723.0,199.0,10.0,670.0,184.0,15.0,655.0,178.0,2.0,681.0,180.0,7.0,662.0,188.0,13.0,606.0,204.0,28.0,570.0,205.0,464.0,376.0,115.0,302.0,322.0,4816.0
2017-12-03 12:00:00,54.0,632.0,198.0,30.0,651.0,185.0,25.0,631.0,179.0,6.0,649.0,181.0,9.0,616.0,188.0,16.0,570.0,204.0,41.0,548.0,207.0,413.0,368.0,128.0,183.0,599.0,3580.0
2017-12-03 13:00:00,31.0,599.0,198.0,23.0,642.0,185.0,17.0,634.0,180.0,5.0,647.0,182.0,8.0,619.0,189.0,16.0,569.0,207.0,24.0,543.0,208.0,389.0,346.0,113.0,208.0,781.0,3693.0
2017-12-03 14:00:00,14.0,610.0,200.0,8.0,637.0,184.0,0.0,633.0,179.0,0.0,644.0,183.0,5.0,614.0,190.0,11.0,565.0,209.0,12.0,552.0,206.0,346.0,310.0,119.0,217.0,807.0,3470.0
2017-12-03 15:00:00,34.0,696.0,204.0,3.0,640.0,187.0,0.0,628.0,180.0,0.0,649.0,185.0,3.0,633.0,192.0,5.0,579.0,213.0,7.0,560.0,207.0,524.0,442.0,105.0,252.0,1562.0,7838.0
2017-12-03 16:00:00,5.0,641.0,207.0,1.0,633.0,192.0,20.0,633.0,187.0,0.0,648.0,188.0,1.0,620.0,195.0,0.0,565.0,212.0,6.0,552.0,213.0,513.0,460.0,127.0,263.0,1107.0,4589.0
2017-12-03 17:00:00,0.0,646.0,209.0,0.0,628.0,193.0,2.0,620.0,190.0,0.0,668.0,188.0,1.0,653.0,197.0,2.0,609.0,214.0,5.0,539.0,220.0,512.0,456.0,141.0,201.0,1914.0,5151.0
2017-12-03 18:00:00,32.0,600.0,210.0,0.0,620.0,194.0,1.0,614.0,191.0,0.0,654.0,189.0,2.0,620.0,199.0,0.0,560.0,216.0,7.0,529.0,224.0,507.0,454.0,156.0,166.0,560.0,4368.0
2017-12-03 19:00:00,38.0,576.0,211.0,0.0,606.0,195.0,0.0,621.0,193.0,0.0,641.0,190.0,3.0,603.0,199.0,1.0,557.0,211.0,8.0,526.0,222.0,506.0,454.0,131.0,224.0,441.0,5040.0
2017-12-03 20:00:00,8.0,571.0,212.0,0.0,603.0,195.0,0.0,623.0,194.0,0.0,640.0,191.0,2.0,608.0,199.0,3.0,589.0,209.0,4.0,523.0,223.0,481.0,439.0,129.0,221.0,1681.0,4368.0
2017-12-03 21:00:00,0.0,561.0,212.0,0.0,617.0,198.0,0.0,619.0,195.0,0.0,672.0,192.0,1.0,657.0,200.0,0.0,607.0,221.0,6.0,546.0,222.0,494.0,440.0,150.0,169.0,398.0,4702.0
2017-12-03 22:00:00,32.0,562.0,211.0,2.0,611.0,196.0,0.0,615.0,193.0,0.0,644.0,193.0,3.0,611.0,199.0,1.0,568.0,214.0,5.0,574.0,218.0,331.0,330.0,123.0,169.0,1064.0,
2017-12-03 23:00:00,2.0,563.0,206.0,0.0,640.0,192.0,0.0,615.0,189.0,0.0,633.0,192.0,1.0,600.0,198.0,0.0,563.0,209.0,6.0,580.0,210.0,250.0,238.0,121.0,168.0,933.0,1232.0
2017-12-04 00:00:00,1.0,556.0,202.0,0.0,658.0,189.0,0.0,616.0,186.0,0.0,616.0,191.0,1.0,588.0,196.0,0.0,556.0,206.0,4.0,571.0,206.0,194.0,193.0,135.0,164.0,321.0,
2017-12-04 01:00:00,1.0,555.0,196.0,0.0,673.0,187.0,0.0,611.0,183.0,0.0,610.0,188.0,1.0,580.0,194.0,0.0,558.0,201.0,0.0,566.0,199.0,161.0,162.0,138.0,149.0,316.0,
2017-12-04 02:00:00,1.0,565.0,192.0,0.0,679.0,185.0,0.0,611.0,180.0,0.0,618.0,186.0,1.0,577.0,192.0,0.0,560.0,197.0,0.0,565.0,195.0,145.0,146.0,136.0,137.0,273.0,
2017-12-04 03:00:00,1.0,570.0,188.0,0.0,683.0,184.0,0.0,611.0,178.0,0.0,620.0,184.0,1.0,573.0,190.0,0.0,562.0,193.0,0.0,564.0,191.0,137.0,138.0,135.0,133.0,290.0,
2017-12-04 04:00:00,1.0,576.0,186.0,0.0,689.0,182.0,0.0,612.0,176.0,0.0,622.0,183.0,1.0,574.0,188.0,0.0,567.0,191.0,0.0,563.0,188.0,133.0,133.0,130.0,130.0,313.0,
2017-12-04 05:00:00,1.0,580.0,184.0,0.0,692.0,181.0,0.0,614.0,174.0,0.0,625.0,181.0,0.0,575.0,187.0,0.0,569.0,188.0,0.0,566.0,186.0,130.0,129.0,130.0,129.0,282.0,
2017-12-04 06:00:00,1.0,581.0,181.0,2.0,693.0,179.0,0.0,614.0,172.0,0.0,625.0,180.0,0.0,574.0,185.0,0.0,571.0,186.0,0.0,569.0,183.0,126.0,127.0,129.0,128.0,364.0,
2017-12-04 07:00:00,35.0,876.0,190.0,8.0,691.0,179.0,6.0,634.0,171.0,0.0,626.0,179.0,1.0,591.0,183.0,0.0,589.0,184.0,0.0,575.0,181.0,258.0,140.0,104.0,284.0,491.0,6160.0
2017-12-04 08:00:00,8.0,720.0,184.0,3.0,683.0,177.0,8.0,657.0,173.0,0.0,637.0,179.0,2.0,628.0,181.0,1.0,626.0,183.0,3.0,606.0,179.0,257.0,163.0,112.0,247.0,306.0,672.0
2017-12-04 09:00:00,12.0,648.0,179.0,8.0,679.0,175.0,,,,1.0,632.0,177.0,4.0,621.0,179.0,2.0,612.0,181.0,9.0,615.0,176.0,171.0,152.0,133.0,166.0,260.0,
2017-12-04 10:00:00,18.0,641.0,175.0,12.0,673.0,173.0,,,,3.0,625.0,175.0,6.0,610.0,177.0,6.0,605.0,179.0,19.0,612.0,174.0,,,133.0,137.0,208.0,
2017-12-04 11:00:00,32.0,634.0,172.0,15.0,667.0,172.0,,,,6.0,619.0,173.0,8.0,604.0,175.0,10.0,600.0,177.0,25.0,610.0,172.0,170.0,165.0,130.0,130.0,228.0,896.0
2017-12-04 12:00:00,28.0,631.0,173.0,15.0,657.0,171.0,,,,8.0,619.0,172.0,8.0,607.0,175.0,11.0,600.0,177.0,27.0,609.0,172.0,,,130.0,130.0,324.0,1904.0
2017-12-04 13:00:00,32.0,625.0,175.0,16.0,647.0,170.0,,,,15.0,621.0,172.0,10.0,606.0,175.0,16.0,596.0,179.0,33.0,605.0,174.0,,,130.0,130.0,356.0,1008.0
2017-12-04 14:00:00,13.0,616.0,175.0,7.0,643.0,170.0,,,,4.0,620.0,171.0,5.0,603.0,175.0,5.0,589.0,180.0,10.0,598.0,174.0,,,135.0,132.0,299.0,895.0
2017-12-04 15:00:00,3.0,611.0,175.0,0.0,641.0,169.0,,,,0.0,618.0,171.0,1.0,601.0,175.0,0.0,584.0,181.0,1.0,595.0,175.0,215.0,215.0,135.0,133.0,303.0,2016.0
2017-12-04 16:00:00,1.0,607.0,176.0,0.0,640.0,169.0,,,,0.0,618.0,171.0,1.0,601.0,175.0,0.0,580.0,182.0,0.0,591.0,175.0,,,135.0,135.0,303.0,224.0
2017-12-04 17:00:00,1.0,603.0,176.0,0.0,639.0,168.0,,,,0.0,618.0,170.0,1.0,601.0,174.0,0.0,577.0,183.0,0.0,589.0,176.0,,,136.0,135.0,278.0,2016.0
2017-12-04 18:00:00,16.0,593.0,183.0,0.0,641.0,171.0,9.0,628.0,168.0,0.0,621.0,171.0,2.0,601.0,176.0,1.0,561.0,189.0,2.0,595.0,183.0,544.0,456.0,120.0,260.0,1389.0,8734.0
2017-12-04 19:00:00,1.0,596.0,196.0,0.0,641.0,180.0,4.0,643.0,177.0,0.0,639.0,177.0,2.0,630.0,183.0,5.0,571.0,206.0,4.0,559.0,203.0,503.0,459.0,114.0,233.0,2562.0,4367.0
2017-12-04 20:00:00,3.0,594.0,199.0,0.0,643.0,182.0,0.0,629.0,185.0,0.0,648.0,181.0,1.0,635.0,186.0,1.0,541.0,215.0,5.0,554.0,210.0,480.0,432.0,140.0,214.0,542.0,5151.0
2017-12-04 21:00:00,41.0,600.0,201.0,0.0,642.0,183.0,0.0,620.0,189.0,0.0,644.0,182.0,3.0,641.0,186.0,1.0,561.0,208.0,5.0,540.0,211.0,457.0,397.0,110.0,301.0,681.0,6720.0
2017-12-04 22:00:00,50.0,683.0,205.0,0.0,688.0,184.0,0.0,611.0,190.0,0.0,694.0,183.0,2.0,717.0,187.0,0.0,610.0,206.0,5.0,556.0,209.0,428.0,340.0,100.0,326.0,831.0,13434.0
2017-12-04 23:00:00,36.0,858.0,205.0,0.0,709.0,183.0,0.0,605.0,189.0,0.0,689.0,182.0,1.0,697.0,185.0,0.0,611.0,202.0,5.0,578.0,200.0,399.0,249.0,118.0,266.0,446.0,335.0
2017-12-05 00:00:00,1.0,663.0,196.0,0.0,709.0,181.0,0.0,613.0,184.0,0.0,667.0,178.0,0.0,671.0,184.0,0.0,625.0,196.0,6.0,605.0,193.0,245.0,206.0,145.0,212.0,309.0,
2017-12-05 01:00:00,0.0,654.0,187.0,0.0,672.0,179.0,0.0,620.0,177.0,0.0,662.0,177.0,0.0,649.0,182.0,0.0,617.0,191.0,0.0,607.0,187.0,186.0,175.0,139.0,170.0,327.0,
2017-12-05 02:00:00,0.0,647.0,180.0,0.0,658.0,177.0,0.0,619.0,173.0,0.0,660.0,176.0,0.0,632.0,181.0,0.0,608.0,186.0,0.0,605.0,183.0,157.0,154.0,139.0,142.0,313.0,
2017-12-05 03:00:00,0.0,645.0,177.0,0.0,653.0,175.0,0.0,617.0,171.0,0.0,662.0,176.0,1.0,625.0,179.0,0.0,606.0,183.0,0.0,605.0,180.0,143.0,142.0,135.0,134.0,310.0,
2017-12-05 04:00:00,0.0,646.0,175.0,0.0,650.0,174.0,0.0,618.0,168.0,0.0,665.0,175.0,1.0,620.0,178.0,0.0,607.0,180.0,0.0,606.0,177.0,135.0,135.0,131.0,131.0,326.0,
2017-12-05 05:00:00,1.0,642.0,173.0,0.0,649.0,172.0,0.0,617.0,167.0,0.0,666.0,174.0,1.0,618.0,176.0,0.0,607.0,178.0,0.0,608.0,175.0,130.0,131.0,130.0,129.0,310.0,
2017-12-05 06:00:00,0.0,639.0,172.0,0.0,646.0,171.0,0.0,617.0,165.0,0.0,669.0,173.0,1.0,616.0,175.0,0.0,606.0,176.0,0.0,606.0,173.0,128.0,127.0,127.0,128.0,407.0,
2017-12-05 07:00:00,32.0,662.0,172.0,0.0,645.0,170.0,1.0,629.0,164.0,0.0,662.0,172.0,2.0,619.0,174.0,1.0,613.0,176.0,1.0,613.0,172.0,218.0,171.0,103.0,218.0,458.0,6720.0
2017-12-05 08:00:00,15.0,678.0,180.0,0.0,641.0,176.0,0.0,631.0,170.0,0.0,647.0,175.0,2.0,626.0,179.0,0.0,599.0,191.0,2.0,580.0,191.0,488.0,444.0,133.0,271.0,252.0,4927.0
2017-12-05 09:00:00,6.0,634.0,182.0,2.0,631.0,177.0,1.0,629.0,172.0,0.0,642.0,176.0,2.0,613.0,180.0,0.0,572.0,195.0,4.0,556.0,194.0,297.0,298.0,148.0,164.0,239.0,
2017-12-05 10:00:00,13.0,613.0,177.0,6.0,632.0,173.0,7.0,625.0,169.0,2.0,638.0,173.0,3.0,606.0,177.0,2.0,569.0,189.0,9.0,574.0,184.0,197.0,200.0,141.0,141.0,237.0,
2017-12-05 11:00:00,18.0,613.0,173.0,10.0,638.0,171.0,10.0,622.0,167.0,3.0,632.0,172.0,4.0,603.0,175.0,4.0,575.0,183.0,14.0,586.0,178.0,160.0,163.0,135.0,134.0,253.0,
2017-12-05 12:00:00,17.0,617.0,170.0,9.0,638.0,169.0,11.0,621.0,165.0,3.0,625.0,170.0,4.0,602.0,173.0,4.0,581.0,178.0,13.0,593.0,173.0,141.0,143.0,130.0,130.0,389.0,
2017-12-05 13:00:00,11.0,620.0,168.0,5.0,637.0,168.0,4.0,619.0,164.0,1.0,621.0,168.0,3.0,600.0,171.0,1.0,586.0,175.0,7.0,597.0,170.0,131.0,133.0,127.0,128.0,333.0,
2017-12-05 14:00:00,7.0,621.0,167.0,2.0,635.0,167.0,4.0,618.0,163.0,1.0,619.0,167.0,2.0,601.0,171.0,1.0,590.0,173.0,4.0,599.0,168.0,127.0,128.0,125.0,125.0,326.0,
2017-12-05 15:00:00,3.0,621.0,166.0,0.0,635.0,165.0,0.0,617.0,162.0,0.0,618.0,166.0,1.0,602.0,169.0,0.0,592.0,171.0,1.0,601.0,166.0,125.0,124.0,125.0,125.0,290.0,
2017-12-05 16:00:00,1.0,620.0,164.0,0.0,634.0,164.0,0.0,615.0,160.0,0.0,616.0,164.0,1.0,602.0,167.0,0.0,594.0,169.0,0.0,603.0,164.0,120.0,122.0,123.0,123.0,288.0,
2017-12-05 17:00:00,1.0,621.0,163.0,0.0,633.0,163.0,0.0,615.0,159.0,0.0,615.0,163.0,1.0,603.0,166.0,0.0,597.0,167.0,0.0,605.0,162.0,120.0,120.0,120.0,123.0,297.0,
2017-12-05 18:00:00,43.0,698.0,171.0,0.0,636.0,167.0,15.0,655.0,162.0,0.0,650.0,166.0,4.0,676.0,170.0,5.0,636.0,180.0,4.0,601.0,175.0,503.0,396.0,99.0,279.0,1094.0,16800.0
2017-12-05 19:00:00,20.0,636.0,185.0,0.0,634.0,177.0,0.0,656.0,168.0,0.0,657.0,173.0,2.0,670.0,177.0,1.0,622.0,196.0,6.0,569.0,197.0,519.0,460.0,121.0,216.0,3933.0,5933.0
2017-12-05 20:00:00,9.0,616.0,193.0,0.0,655.0,180.0,0.0,636.0,171.0,0.0,680.0,177.0,1.0,680.0,182.0,2.0,619.0,209.0,5.0,567.0,202.0,429.0,399.0,118.0,187.0,1205.0,2800.0
2017-12-05 21:00:00,38.0,602.0,194.0,0.0,662.0,180.0,0.0,631.0,172.0,0.0,653.0,178.0,4.0,640.0,183.0,4.0,567.0,206.0,5.0,568.0,200.0,460.0,377.0,110.0,220.0,477.0,4254.0
2017-12-05 22:00:00,29.0,756.0,199.0,0.0,675.0,180.0,0.0,626.0,172.0,0.0,675.0,178.0,2.0,676.0,183.0,1.0,586.0,201.0,5.0,580.0,195.0,510.0,331.0,102.0,338.0,1312.0,8503.0
2017-12-05 23:00:00,10.0,670.0,198.0,0.0,683.0,181.0,0.0,621.0,172.0,0.0,677.0,175.0,1.0,675.0,183.0,0.0,602.0,200.0,5.0,603.0,195.0,365.0,329.0,111.0,195.0,1401.0,3693.0
2017-12-06 00:00:00,1.0,616.0,197.0,0.0,669.0,180.0,0.0,619.0,171.0,0.0,664.0,174.0,0.0,647.0,184.0,0.0,578.0,200.0,1.0,594.0,195.0,300.0,289.0,118.0,158.0,1185.0,896.0
2017-12-06 01:00:00,0.0,602.0,191.0,0.0,658.0,179.0,0.0,620.0,169.0,0.0,662.0,173.0,0.0,628.0,183.0,0.0,573.0,197.0,0.0,610.0,189.0,297.0,227.0,138.0,145.0,312.0,1904.0
2017-12-06 02:00:00,0.0,593.0,190.0,0.0,654.0,178.0,0.0,617.0,168.0,0.0,666.0,173.0,0.0,612.0,183.0,0.0,562.0,196.0,0.0,611.0,188.0,280.0,243.0,145.0,145.0,322.0,2352.0
2017-12-06 03:00:00,0.0,585.0,189.0,0.0,650.0,178.0,0.0,610.0,168.0,0.0,666.0,173.0,0.0,603.0,184.0,0.0,556.0,196.0,0.0,606.0,188.0,286.0,255.0,145.0,145.0,330.0,2912.0
2017-12-06 04:00:00,1.0,580.0,190.0,0.0,648.0,178.0,0.0,606.0,167.0,0.0,665.0,174.0,0.0,599.0,184.0,0.0,556.0,197.0,0.0,604.0,188.0,318.0,254.0,145.0,144.0,307.0,1344.0
2017-12-06 05:00:00,1.0,577.0,190.0,0.0,647.0,178.0,0.0,605.0,167.0,0.0,665.0,174.0,0.0,597.0,184.0,0.0,557.0,196.0,0.0,602.0,187.0,382.0,259.0,150.0,146.0,284.0,2240.0
2017-12-06 06:00:00,1.0,573.0,190.0,0.0,647.0,178.0,0.0,603.0,167.0,0.0,663.0,174.0,0.0,595.0,185.0,0.0,557.0,197.0,0.0,597.0,188.0,372.0,263.0,150.0,148.0,336.0,2576.0
2017-12-06 07:00:00,32.0,661.0,192.0,0.0,664.0,178.0,15.0,667.0,169.0,0.0,679.0,174.0,2.0,621.0,185.0,2.0,580.0,198.0,1.0,600.0,187.0,304.0,259.0,113.0,252.0,476.0,5151.0
2017-12-06 08:00:00,1.0,618.0,193.0,0.0,667.0,178.0,1.0,669.0,172.0,0.0,671.0,176.0,1.0,631.0,185.0,0.0,588.0,199.0,2.0,599.0,190.0,324.0,296.0,128.0,205.0,284.0,2688.0
2017-12-06 09:00:00,5.0,597.0,191.0,2.0,662.0,178.0,0.0,651.0,173.0,0.0,653.0,177.0,1.0,611.0,185.0,0.0,565.0,200.0,2.0,584.0,191.0,315.0,285.0,149.0,157.0,246.0,3472.0
2017-12-06 10:00:00,11.0,584.0,191.0,6.0,655.0,178.0,4.0,644.0,173.0,1.0,645.0,177.0,2.0,601.0,185.0,2.0,554.0,200.0,7.0,578.0,191.0,452.0,283.0,153.0,151.0,215.0,2576.0
2017-12-06 11:00:00,19.0,578.0,191.0,10.0,650.0,178.0,10.0,640.0,174.0,4.0,640.0,177.0,5.0,597.0,185.0,5.0,548.0,200.0,13.0,574.0,191.0,502.0,284.0,157.0,153.0,236.0,3696.0
2017-12-06 12:00:00,27.0,573.0,190.0,14.0,643.0,178.0,14.0,637.0,174.0,6.0,635.0,177.0,6.0,591.0,185.0,8.0,542.0,200.0,19.0,572.0,190.0,476.0,277.0,160.0,155.0,378.0,2688.0
2017-12-06 13:00:00,22.0,596.0,190.0,14.0,647.0,178.0,13.0,642.0,174.0,5.0,636.0,177.0,5.0,607.0,185.0,6.0,560.0,200.0,15.0,579.0,190.0,495.0,276.0,124.0,255.0,361.0,2576.0
2017-12-06 14:00:00,12.0,617.0,191.0,6.0,653.0,178.0,4.0,654.0,174.0,2.0,641.0,178.0,2.0,624.0,185.0,1.0,580.0,199.0,6.0,591.0,191.0,322.0,274.0,143.0,212.0,271.0,2688.0
2017-12-06 15:00:00,3.0,595.0,193.0,0.0,649.0,178.0,0.0,649.0,174.0,0.0,640.0,178.0,1.0,614.0,185.0,0.0,566.0,199.0,0.0,583.0,192.0,294.0,272.0,154.0,159.0,326.0,2575.0
2017-12-06 16:00:00,1.0,585.0,194.0,0.0,655.0,179.0,5.0,647.0,174.0,0.0,637.0,178.0,1.0,610.0,185.0,1.0,561.0,201.0,1.0,579.0,193.0,380.0,318.0,149.0,176.0,346.0,7728.0
2017-12-06 17:00:00,0.0,598.0,199.0,0.0,677.0,186.0,19.0,681.0,180.0,0.0,722.0,184.0,2.0,729.0,193.0,4.0,633.0,227.0,3.0,595.0,203.0,494.0,445.0,141.0,186.0,856.0,5934.0
2017-12-06 18:00:00,7.0,610.0,205.0,1.0,673.0,188.0,17.0,658.0,184.0,0.0,693.0,185.0,2.0,680.0,194.0,2.0,622.0,219.0,4.0,596.0,208.0,545.0,444.0,131.0,273.0,408.0,4256.0
2017-12-06 19:00:00,15.0,600.0,209.0,0.0,665.0,189.0,10.0,663.0,186.0,0.0,682.0,185.0,2.0,658.0,194.0,2.0,625.0,212.0,4.0,589.0,210.0,487.0,402.0,134.0,269.0,342.0,3694.0
2017-12-06 20:00:00,1.0,594.0,207.0,0.0,662.0,189.0,0.0,672.0,186.0,0.0,679.0,185.0,1.0,651.0,194.0,0.0,623.0,209.0,6.0,591.0,209.0,479.0,366.0,141.0,198.0,332.0,5038.0
2017-12-06 21:00:00,45.0,680.0,208.0,0.0,660.0,189.0,0.0,661.0,185.0,0.0,681.0,186.0,3.0,662.0,194.0,4.0,608.0,208.0,4.0,583.0,210.0,546.0,365.0,117.0,314.0,907.0,8400.0
2017-12-06 22:00:00,43.0,807.0,214.0,0.0,698.0,190.0,0.0,660.0,185.0,0.0,697.0,187.0,2.0,692.0,195.0,1.0,643.0,210.0,4.0,614.0,210.0,477.0,336.0,114.0,293.0,1793.0,4256.0
2017-12-06 23:00:00,56.0,912.0,222.0,0.0,710.0,190.0,0.0,658.0,184.0,0.0,688.0,184.0,1.0,715.0,195.0,1.0,651.0,207.0,4.0,624.0,212.0,413.0,312.0,118.0,229.0,1295.0,2464.0
2017-12-07 00:00:00,57.0,911.0,228.0,0.0,703.0,189.0,0.0,659.0,183.0,0.0,680.0,183.0,2.0,701.0,195.0,2.0,630.0,207.0,4.0,615.0,212.0,312.0,290.0,145.0,170.0,332.0,1904.0
2017-12-07 01:00:00,19.0,776.0,225.0,0.0,744.0,189.0,0.0,667.0,182.0,0.0,680.0,183.0,1.0,700.0,195.0,0.0,640.0,207.0,3.0,615.0,211.0,451.0,274.0,139.0,253.0,314.0,1792.0
2017-12-07 02:00:00,1.0,660.0,210.0,0.0,719.0,188.0,0.0,676.0,180.0,0.0,684.0,183.0,0.0,661.0,195.0,0.0,627.0,204.0,0.0,631.0,202.0,275.0,217.0,155.0,174.0,368.0,
2017-12-07 03:00:00,0.0,638.0,201.0,0.0,699.0,187.0,0.0,678.0,179.0,0.0,688.0,183.0,0.0,640.0,194.0,0.0,618.0,200.0,0.0,633.0,197.0,198.0,181.0,144.0,152.0,302.0,
2017-12-07 04:00:00,0.0,624.0,194.0,0.0,690.0,185.0,0.0,659.0,177.0,0.0,683.0,182.0,0.0,619.0,192.0,0.0,606.0,196.0,0.0,628.0,192.0,166.0,161.0,145.0,145.0,305.0,
2017-12-07 05:00:00,1.0,611.0,190.0,0.0,684.0,184.0,0.0,638.0,175.0,0.0,672.0,181.0,0.0,603.0,191.0,0.0,594.0,194.0,0.0,620.0,189.0,152.0,150.0,142.0,141.0,313.0,
2017-12-07 06:00:00,1.0,598.0,187.0,0.0,678.0,182.0,0.0,613.0,173.0,0.0,653.0,180.0,0.0,592.0,189.0,0.0,586.0,190.0,0.0,610.0,186.0,143.0,142.0,140.0,138.0,301.0,
2017-12-07 07:00:00,0.0,591.0,184.0,0.0,669.0,180.0,0.0,599.0,171.0,0.0,648.0,179.0,0.0,585.0,187.0,0.0,582.0,188.0,0.0,606.0,184.0,139.0,138.0,135.0,136.0,230.0,
2017-12-07 08:00:00,16.0,597.0,182.0,0.0,670.0,179.0,0.0,601.0,169.0,0.0,645.0,178.0,2.0,585.0,185.0,1.0,585.0,186.0,0.0,603.0,182.0,135.0,134.0,126.0,132.0,377.0,112.0
2017-12-07 09:00:00,35.0,627.0,180.0,6.0,675.0,177.0,12.0,638.0,171.0,1.0,638.0,177.0,3.0,599.0,183.0,1.0,594.0,185.0,8.0,608.0,179.0,134.0,132.0,106.0,127.0,276.0,
2017-12-07 10:00:00,18.0,642.0,179.0,13.0,677.0,175.0,6.0,635.0,170.0,2.0,628.0,175.0,3.0,590.0,181.0,3.0,582.0,182.0,19.0,608.0,176.0,130.0,130.0,123.0,132.0,243.0,
2017-12-07 11:00:00,20.0,633.0,178.0,10.0,673.0,174.0,7.0,630.0,169.0,2.0,621.0,174.0,3.0,584.0,179.0,4.0,575.0,181.0,17.0,607.0,173.0,130.0,129.0,128.0,130.0,283.0,
2017-12-07 12:00:00,29.0,664.0,184.0,12.0,664.0,178.0,12.0,644.0,170.0,4.0,630.0,176.0,4.0,610.0,181.0,8.0,604.0,186.0,22.0,583.0,187.0,441.0,383.0,125.0,197.0,335.0,7835.0
2017-12-07 13:00:00,33.0,617.0,190.0,13.0,662.0,181.0,0.0,612.0,173.0,5.0,626.0,179.0,6.0,612.0,184.0,12.0,582.0,194.0,19.0,545.0,200.0,420.0,382.0,149.0,176.0,316.0,3919.0
2017-12-07 14:00:00,12.0,576.0,193.0,4.0,661.0,182.0,3.0,604.0,174.0,0.0,617.0,180.0,3.0,599.0,186.0,4.0,562.0,198.0,6.0,530.0,204.0,390.0,356.0,152.0,156.0,525.0,3805.0
2017-12-07 15:00:00,11.0,579.0,195.0,0.0,647.0,181.0,8.0,628.0,176.0,0.0,619.0,180.0,2.0,604.0,186.0,3.0,558.0,204.0,1.0,532.0,203.0,346.0,326.0,125.0,197.0,1833.0,1344.0
2017-12-07 16:00:00,6.0,571.0,191.0,0.0,630.0,180.0,21.0,626.0,175.0,0.0,619.0,178.0,1.0,595.0,187.0,0.0,527.0,210.0,2.0,558.0,193.0,220.0,219.0,102.0,126.0,1067.0,
2017-12-07 17:00:00,0.0,577.0,187.0,0.0,694.0,182.0,22.0,625.0,170.0,0.0,633.0,178.0,2.0,627.0,188.0,7.0,632.0,218.0,4.0,592.0,187.0,172.0,173.0,104.0,154.0,2228.0,1008.0
2017-12-07 18:00:00,28.0,633.0,185.0,0.0,672.0,182.0,21.0,631.0,168.0,0.0,648.0,178.0,3.0,628.0,188.0,8.0,559.0,230.0,4.0,617.0,183.0,242.0,183.0,96.0,256.0,2152.0,8623.0
2017-12-07 19:00:00,30.0,745.0,197.0,1.0,687.0,186.0,11.0,665.0,177.0,0.0,689.0,183.0,3.0,684.0,193.0,6.0,559.0,236.0,4.0,591.0,199.0,429.0,402.0,123.0,239.0,801.0,3808.0
2017-12-07 20:00:00,20.0,686.0,202.0,0.0,803.0,191.0,0.0,640.0,180.0,0.0,741.0,184.0,3.0,733.0,198.0,5.0,713.0,248.0,4.0,592.0,206.0,346.0,333.0,119.0,244.0,624.0,3919.0
2017-12-07 21:00:00,17.0,684.0,201.0,0.0,754.0,190.0,0.0,624.0,181.0,0.0,734.0,185.0,1.0,695.0,197.0,1.0,588.0,242.0,4.0,606.0,204.0,349.0,310.0,111.0,205.0,1140.0,8509.0
2017-12-07 22:00:00,9.0,758.0,207.0,0.0,744.0,189.0,0.0,614.0,182.0,0.0,730.0,185.0,1.0,701.0,196.0,0.0,581.0,231.0,2.0,604.0,205.0,304.0,286.0,107.0,247.0,1174.0,2128.0
2017-12-07 23:00:00,1.0,619.0,199.0,0.0,677.0,187.0,0.0,606.0,182.0,0.0,683.0,183.0,1.0,641.0,193.0,0.0,543.0,219.0,0.0,600.0,198.0,222.0,220.0,135.0,169.0,477.0,
2017-12-08 00:00:00,0.0,588.0,191.0,0.0,655.0,184.0,0.0,592.0,180.0,0.0,662.0,180.0,0.0,597.0,190.0,0.0,534.0,208.0,0.0,595.0,190.0,170.0,170.0,140.0,142.0,520.0,
2017-12-08 01:00:00,0.0,578.0,185.0,0.0,649.0,181.0,0.0,586.0,178.0,0.0,651.0,179.0,0.0,575.0,187.0,0.0,527.0,200.0,0.0,591.0,185.0,149.0,150.0,135.0,136.0,396.0,
2017-12-08 02:00:00,0.0,577.0,181.0,0.0,643.0,179.0,0.0,586.0,177.0,0.0,655.0,178.0,0.0,569.0,184.0,0.0,530.0,195.0,0.0,586.0,181.0,137.0,139.0,132.0,132.0,523.0,
2017-12-08 03:00:00,1.0,574.0,177.0,0.0,639.0,177.0,0.0,580.0,176.0,0.0,646.0,177.0,1.0,563.0,182.0,0.0,531.0,190.0,0.0,581.0,178.0,132.0,132.0,130.0,129.0,540.0,
2017-12-08 04:00:00,1.0,573.0,174.0,0.0,633.0,175.0,0.0,577.0,175.0,0.0,646.0,175.0,1.0,561.0,180.0,0.0,536.0,186.0,0.0,579.0,175.0,126.0,127.0,126.0,127.0,513.0,
2017-12-08 05:00:00,1.0,568.0,172.0,0.0,630.0,173.0,0.0,573.0,174.0,0.0,642.0,173.0,0.0,557.0,178.0,0.0,536.0,184.0,0.0,577.0,173.0,125.0,124.0,125.0,125.0,519.0,
2017-12-08 06:00:00,1.0,564.0,170.0,0.0,628.0,170.0,0.0,566.0,172.0,0.0,636.0,171.0,0.0,554.0,175.0,0.0,536.0,180.0,0.0,575.0,170.0,120.0,121.0,124.0,123.0,491.0,
2017-12-08 07:00:00,5.0,557.0,167.0,0.0,624.0,169.0,1.0,560.0,171.0,0.0,628.0,170.0,0.0,549.0,174.0,0.0,534.0,177.0,0.0,573.0,168.0,133.0,120.0,119.0,126.0,471.0,1344.0
2017-12-08 08:00:00,25.0,674.0,176.0,0.0,636.0,170.0,19.0,589.0,171.0,0.0,632.0,171.0,2.0,601.0,175.0,3.0,569.0,185.0,2.0,566.0,178.0,525.0,396.0,101.0,274.0,417.0,10304.0
2017-12-08 09:00:00,13.0,573.0,188.0,0.0,638.0,181.0,25.0,575.0,176.0,0.0,603.0,179.0,4.0,578.0,184.0,7.0,520.0,205.0,7.0,512.0,204.0,549.0,482.0,121.0,244.0,510.0,9178.0
2017-12-08 10:00:00,21.0,565.0,193.0,0.0,628.0,185.0,20.0,568.0,178.0,1.0,592.0,182.0,5.0,573.0,187.0,9.0,515.0,211.0,12.0,490.0,212.0,536.0,472.0,118.0,194.0,1293.0,6830.0
2017-12-08 11:00:00,40.0,563.0,194.0,10.0,624.0,184.0,13.0,561.0,178.0,5.0,596.0,181.0,5.0,573.0,186.0,8.0,516.0,206.0,20.0,493.0,207.0,346.0,339.0,119.0,184.0,604.0,448.0
2017-12-08 12:00:00,47.0,549.0,189.0,12.0,634.0,180.0,24.0,560.0,173.0,9.0,598.0,179.0,6.0,565.0,181.0,11.0,513.0,198.0,25.0,514.0,193.0,229.0,231.0,134.0,146.0,317.0,
2017-12-08 13:00:00,38.0,537.0,182.0,10.0,646.0,175.0,31.0,556.0,168.0,15.0,590.0,176.0,8.0,552.0,178.0,16.0,509.0,191.0,20.0,534.0,183.0,313.0,251.0,126.0,155.0,400.0,7391.0
2017-12-08 14:00:00,16.0,511.0,188.0,6.0,627.0,180.0,0.0,553.0,171.0,3.0,574.0,180.0,5.0,546.0,183.0,4.0,492.0,202.0,11.0,492.0,200.0,506.0,413.0,129.0,189.0,506.0,4480.0
2017-12-08 15:00:00,4.0,490.0,192.0,1.0,594.0,180.0,0.0,549.0,172.0,0.0,562.0,180.0,2.0,531.0,184.0,0.0,449.0,205.0,3.0,457.0,203.0,399.0,359.0,139.0,198.0,355.0,1904.0
2017-12-08 16:00:00,0.0,496.0,189.0,0.0,601.0,176.0,0.0,547.0,170.0,0.0,559.0,177.0,1.0,530.0,179.0,0.0,473.0,197.0,0.0,478.0,190.0,230.0,231.0,142.0,147.0,307.0,
2017-12-08 17:00:00,0.0,507.0,184.0,0.0,614.0,172.0,0.0,548.0,167.0,0.0,552.0,174.0,1.0,534.0,176.0,1.0,495.0,189.0,0.0,503.0,180.0,263.0,212.0,130.0,133.0,931.0,7392.0
2017-12-08 18:00:00,9.0,512.0,191.0,0.0,623.0,179.0,11.0,612.0,173.0,0.0,587.0,181.0,3.0,604.0,184.0,5.0,511.0,221.0,2.0,495.0,201.0,562.0,487.0,115.0,211.0,924.0,8622.0
2017-12-08 19:00:00,13.0,516.0,196.0,1.0,608.0,185.0,2.0,585.0,177.0,0.0,564.0,184.0,1.0,551.0,188.0,1.0,473.0,217.0,5.0,471.0,211.0,523.0,459.0,129.0,256.0,718.0,4815.0
2017-12-08 20:00:00,9.0,536.0,200.0,0.0,624.0,188.0,0.0,574.0,182.0,0.0,660.0,187.0,3.0,680.0,192.0,7.0,651.0,231.0,5.0,496.0,217.0,491.0,430.0,118.0,238.0,905.0,11532.0
2017-12-08 21:00:00,58.0,574.0,204.0,0.0,642.0,189.0,0.0,558.0,184.0,0.0,641.0,188.0,5.0,659.0,192.0,1.0,545.0,224.0,5.0,510.0,218.0,538.0,427.0,105.0,338.0,1572.0,11312.0
2017-12-08 22:00:00,3.0,580.0,207.0,0.0,615.0,188.0,0.0,550.0,185.0,0.0,627.0,187.0,1.0,609.0,191.0,0.0,540.0,213.0,0.0,498.0,216.0,399.0,376.0,112.0,167.0,1769.0,2016.0
2017-12-08 23:00:00,0.0,557.0,199.0,0.0,598.0,185.0,0.0,544.0,184.0,0.0,608.0,181.0,1.0,579.0,188.0,0.0,524.0,205.0,0.0,505.0,203.0,245.0,247.0,111.0,143.0,786.0,
2017-12-09 00:00:00,0.0,532.0,189.0,0.0,606.0,181.0,0.0,538.0,180.0,0.0,597.0,177.0,0.0,565.0,184.0,0.0,528.0,196.0,0.0,521.0,190.0,169.0,173.0,111.0,132.0,996.0,
2017-12-09 01:00:00,10.0,534.0,183.0,0.0,602.0,179.0,0.0,539.0,178.0,0.0,592.0,175.0,1.0,559.0,182.0,0.0,527.0,192.0,1.0,528.0,184.0,145.0,148.0,102.0,129.0,848.0,
2017-12-09 02:00:00,1.0,537.0,178.0,6.0,600.0,177.0,0.0,540.0,176.0,0.0,591.0,172.0,0.0,552.0,180.0,0.0,523.0,187.0,5.0,535.0,180.0,129.0,132.0,111.0,124.0,693.0,
2017-12-09 03:00:00,1.0,537.0,175.0,2.0,618.0,175.0,0.0,538.0,174.0,0.0,589.0,171.0,1.0,542.0,178.0,0.0,521.0,183.0,0.0,529.0,175.0,122.0,124.0,114.0,120.0,600.0,
2017-12-09 04:00:00,1.0,534.0,171.0,0.0,624.0,173.0,0.0,538.0,173.0,0.0,590.0,169.0,0.0,535.0,176.0,0.0,519.0,180.0,0.0,527.0,171.0,118.0,119.0,115.0,118.0,569.0,
2017-12-09 05:00:00,1.0,531.0,169.0,0.0,633.0,171.0,0.0,538.0,171.0,0.0,590.0,167.0,0.0,531.0,174.0,0.0,519.0,177.0,0.0,525.0,168.0,115.0,116.0,115.0,117.0,547.0,
2017-12-09 06:00:00,1.0,528.0,166.0,0.0,640.0,169.0,0.0,539.0,170.0,0.0,589.0,165.0,0.0,527.0,171.0,0.0,519.0,174.0,0.0,524.0,165.0,113.0,113.0,115.0,115.0,598.0,
2017-12-09 07:00:00,8.0,529.0,164.0,0.0,648.0,168.0,0.0,538.0,168.0,0.0,587.0,162.0,1.0,526.0,169.0,1.0,521.0,171.0,0.0,526.0,162.0,110.0,111.0,113.0,116.0,463.0,112.0
2017-12-09 08:00:00,11.0,534.0,172.0,0.0,664.0,171.0,3.0,528.0,168.0,0.0,567.0,167.0,1.0,530.0,171.0,7.0,523.0,181.0,0.0,514.0,177.0,505.0,408.0,114.0,134.0,440.0,12095.0
2017-12-09 09:00:00,15.0,503.0,184.0,0.0,654.0,178.0,7.0,533.0,171.0,1.0,554.0,174.0,2.0,530.0,177.0,1.0,483.0,195.0,5.0,473.0,195.0,445.0,416.0,109.0,235.0,487.0,3248.0
2017-12-09 10:00:00,15.0,500.0,180.0,0.0,584.0,174.0,12.0,538.0,169.0,3.0,562.0,172.0,4.0,534.0,174.0,5.0,491.0,191.0,10.0,489.0,184.0,252.0,254.0,106.0,158.0,467.0,
2017-12-09 11:00:00,22.0,512.0,172.0,0.0,547.0,169.0,19.0,533.0,165.0,6.0,567.0,169.0,6.0,534.0,170.0,9.0,498.0,183.0,15.0,502.0,173.0,176.0,180.0,119.0,129.0,310.0,
2017-12-09 12:00:00,40.0,520.0,166.0,0.0,535.0,165.0,28.0,530.0,162.0,12.0,564.0,166.0,9.0,533.0,167.0,16.0,505.0,176.0,25.0,517.0,166.0,139.0,144.0,120.0,120.0,288.0,
2017-12-09 13:00:00,40.0,538.0,162.0,0.0,533.0,162.0,37.0,527.0,160.0,17.0,556.0,164.0,8.0,530.0,164.0,17.0,511.0,171.0,26.0,527.0,162.0,123.0,127.0,108.0,136.0,388.0,2128.0
2017-12-09 14:00:00,23.0,686.0,165.0,1.0,560.0,160.0,14.0,554.0,158.0,4.0,562.0,162.0,5.0,557.0,163.0,5.0,549.0,168.0,9.0,545.0,159.0,408.0,157.0,114.0,265.0,387.0,784.0
2017-12-09 15:00:00,3.0,566.0,159.0,0.0,567.0,158.0,5.0,546.0,156.0,0.0,563.0,160.0,1.0,555.0,161.0,0.0,548.0,164.0,2.0,550.0,156.0,220.0,154.0,123.0,141.0,402.0,
2017-12-09 16:00:00,1.0,553.0,156.0,0.0,568.0,156.0,2.0,542.0,153.0,0.0,563.0,157.0,0.0,548.0,158.0,0.0,541.0,161.0,0.0,546.0,153.0,152.0,134.0,118.0,120.0,384.0,
2017-12-09 17:00:00,1.0,549.0,154.0,0.0,568.0,155.0,2.0,541.0,152.0,0.0,562.0,155.0,0.0,544.0,157.0,0.0,538.0,160.0,0.0,545.0,151.0,130.0,123.0,114.0,115.0,358.0,
2017-12-09 18:00:00,1.0,546.0,151.0,0.0,568.0,153.0,2.0,539.0,149.0,0.0,559.0,153.0,0.0,542.0,155.0,0.0,537.0,157.0,0.0,545.0,148.0,116.0,114.0,110.0,111.0,372.0,
2017-12-09 19:00:00,1.0,544.0,149.0,0.0,567.0,151.0,2.0,538.0,148.0,0.0,559.0,151.0,0.0,541.0,153.0,0.0,537.0,155.0,0.0,546.0,146.0,110.0,109.0,109.0,109.0,234.0,
2017-12-09 20:00:00,20.0,545.0,157.0,0.0,571.0,154.0,0.0,546.0,151.0,0.0,565.0,154.0,1.0,542.0,156.0,1.0,526.0,165.0,3.0,548.0,153.0,461.0,378.0,103.0,200.0,798.0,12092.0
2017-12-09 21:00:00,21.0,541.0,175.0,0.0,575.0,164.0,0.0,552.0,160.0,0.0,563.0,166.0,1.0,553.0,166.0,1.0,517.0,185.0,4.0,540.0,169.0,562.0,485.0,97.0,297.0,2111.0,10639.0
2017-12-09 22:00:00,6.0,570.0,185.0,0.0,607.0,171.0,0.0,558.0,167.0,0.0,581.0,167.0,1.0,601.0,169.0,0.0,554.0,188.0,5.0,546.0,178.0,551.0,482.0,112.0,202.0,1295.0,8400.0
2017-12-09 23:00:00,4.0,513.0,189.0,0.0,617.0,175.0,0.0,568.0,171.0,0.0,592.0,167.0,1.0,599.0,171.0,0.0,560.0,186.0,6.0,551.0,183.0,545.0,479.0,137.0,150.0,553.0,7948.0
2017-12-10 00:00:00,2.0,488.0,194.0,0.0,616.0,178.0,0.0,574.0,175.0,0.0,591.0,167.0,1.0,577.0,174.0,0.0,548.0,188.0,2.0,524.0,190.0,481.0,446.0,141.0,143.0,563.0,4144.0
2017-12-10 01:00:00,0.0,475.0,195.0,0.0,618.0,176.0,0.0,571.0,175.0,0.0,599.0,167.0,1.0,553.0,174.0,0.0,516.0,190.0,0.0,500.0,188.0,479.0,393.0,145.0,140.0,635.0,6832.0
2017-12-10 02:00:00,1.0,465.0,195.0,0.0,611.0,175.0,0.0,571.0,176.0,0.0,602.0,169.0,1.0,539.0,175.0,0.0,499.0,191.0,0.0,489.0,188.0,444.0,379.0,145.0,141.0,606.0,5376.0
2017-12-10 03:00:00,1.0,463.0,193.0,0.0,593.0,174.0,0.0,571.0,177.0,0.0,608.0,170.0,1.0,530.0,175.0,0.0,491.0,192.0,0.0,480.0,188.0,424.0,364.0,145.0,140.0,590.0,3919.0
2017-12-10 04:00:00,1.0,461.0,192.0,0.0,575.0,174.0,0.0,571.0,177.0,0.0,604.0,171.0,1.0,524.0,176.0,0.0,485.0,192.0,0.0,474.0,188.0,441.0,352.0,145.0,140.0,616.0,4479.0
2017-12-10 05:00:00,1.0,460.0,190.0,0.0,559.0,174.0,0.0,570.0,178.0,0.0,602.0,171.0,1.0,519.0,176.0,0.0,480.0,192.0,0.0,467.0,188.0,439.0,347.0,145.0,140.0,573.0,4032.0
2017-12-10 06:00:00,1.0,455.0,190.0,0.0,548.0,174.0,0.0,571.0,178.0,0.0,603.0,171.0,1.0,512.0,176.0,0.0,473.0,192.0,0.0,461.0,188.0,453.0,350.0,145.0,140.0,570.0,4480.0
2017-12-10 07:00:00,1.0,449.0,189.0,0.0,538.0,174.0,0.0,571.0,179.0,0.0,607.0,171.0,1.0,505.0,177.0,0.0,466.0,192.0,0.0,455.0,188.0,487.0,353.0,145.0,140.0,534.0,5151.0
2017-12-10 08:00:00,34.0,444.0,191.0,0.0,534.0,174.0,9.0,559.0,179.0,0.0,604.0,172.0,3.0,507.0,177.0,2.0,469.0,193.0,1.0,457.0,189.0,522.0,338.0,139.0,191.0,639.0,4480.0
2017-12-10 09:00:00,16.0,453.0,194.0,1.0,544.0,176.0,24.0,528.0,177.0,0.0,589.0,172.0,4.0,521.0,180.0,8.0,473.0,202.0,2.0,458.0,193.0,548.0,433.0,126.0,267.0,2164.0,7168.0
2017-12-10 10:00:00,29.0,658.0,198.0,2.0,572.0,180.0,30.0,573.0,178.0,2.0,592.0,176.0,5.0,600.0,183.0,7.0,477.0,215.0,11.0,479.0,197.0,565.0,416.0,105.0,290.0,1032.0,8176.0
2017-12-10 11:00:00,60.0,589.0,198.0,13.0,570.0,182.0,13.0,567.0,179.0,6.0,593.0,180.0,8.0,593.0,185.0,10.0,483.0,218.0,23.0,483.0,200.0,488.0,402.0,109.0,249.0,530.0,5600.0
2017-12-10 12:00:00,44.0,500.0,193.0,16.0,555.0,179.0,21.0,541.0,177.0,12.0,565.0,178.0,7.0,541.0,183.0,11.0,467.0,206.0,23.0,469.0,196.0,398.0,331.0,138.0,151.0,325.0,5264.0
2017-12-10 13:00:00,34.0,475.0,190.0,11.0,555.0,178.0,24.0,532.0,176.0,15.0,554.0,178.0,8.0,525.0,182.0,15.0,462.0,203.0,18.0,459.0,194.0,411.0,336.0,145.0,141.0,346.0,4144.0
2017-12-10 14:00:00,15.0,469.0,191.0,7.0,552.0,180.0,1.0,529.0,176.0,3.0,543.0,179.0,4.0,515.0,184.0,4.0,461.0,206.0,12.0,462.0,198.0,554.0,448.0,129.0,140.0,1992.0,9519.0
2017-12-10 15:00:00,4.0,458.0,195.0,1.0,541.0,186.0,6.0,535.0,180.0,0.0,536.0,184.0,2.0,516.0,188.0,0.0,467.0,206.0,9.0,467.0,204.0,544.0,480.0,111.0,141.0,2120.0,7280.0
2017-12-10 16:00:00,2.0,454.0,201.0,0.0,532.0,189.0,19.0,542.0,181.0,0.0,533.0,185.0,1.0,520.0,189.0,0.0,477.0,203.0,6.0,468.0,210.0,537.0,475.0,111.0,172.0,768.0,7279.0
2017-12-10 17:00:00,9.0,447.0,206.0,0.0,528.0,191.0,19.0,539.0,182.0,0.0,534.0,187.0,1.0,528.0,190.0,2.0,533.0,206.0,5.0,464.0,215.0,538.0,473.0,126.0,191.0,814.0,10640.0
2017-12-10 18:00:00,42.0,700.0,210.0,0.0,547.0,193.0,17.0,598.0,185.0,0.0,603.0,189.0,4.0,681.0,193.0,8.0,707.0,228.0,4.0,473.0,218.0,536.0,464.0,100.0,328.0,787.0,11536.0
2017-12-10 19:00:00,6.0,581.0,209.0,1.0,537.0,195.0,1.0,564.0,187.0,0.0,586.0,189.0,3.0,576.0,195.0,6.0,567.0,216.0,4.0,474.0,221.0,532.0,472.0,105.0,225.0,1465.0,6383.0
2017-12-10 20:00:00,3.0,564.0,204.0,0.0,533.0,195.0,0.0,564.0,188.0,0.0,558.0,190.0,1.0,556.0,194.0,0.0,532.0,207.0,5.0,469.0,219.0,529.0,470.0,108.0,156.0,1495.0,6607.0
2017-12-10 21:00:00,9.0,523.0,203.0,0.0,528.0,196.0,0.0,556.0,189.0,0.0,548.0,190.0,2.0,542.0,194.0,4.0,539.0,203.0,5.0,452.0,220.0,513.0,456.0,101.0,229.0,767.0,8960.0
2017-12-10 22:00:00,8.0,537.0,202.0,1.0,538.0,195.0,0.0,558.0,189.0,0.0,554.0,191.0,1.0,565.0,192.0,0.0,545.0,202.0,6.0,468.0,218.0,502.0,440.0,105.0,208.0,2127.0,6160.0
2017-12-10 23:00:00,13.0,510.0,202.0,0.0,533.0,194.0,0.0,550.0,188.0,0.0,546.0,190.0,1.0,541.0,193.0,0.0,510.0,205.0,1.0,445.0,219.0,414.0,395.0,117.0,154.0,607.0,2016.0
2017-12-11 00:00:00,1.0,476.0,198.0,0.0,545.0,190.0,,,,0.0,551.0,185.0,1.0,530.0,190.0,0.0,504.0,200.0,0.0,443.0,206.0,241.0,243.0,133.0,136.0,463.0,
2017-12-11 01:00:00,1.0,471.0,192.0,0.0,541.0,185.0,,,,0.0,558.0,182.0,1.0,519.0,186.0,0.0,499.0,194.0,0.0,450.0,198.0,327.0,230.0,134.0,131.0,482.0,3246.0
2017-12-11 02:00:00,1.0,470.0,190.0,0.0,522.0,183.0,,,,0.0,568.0,181.0,1.0,511.0,185.0,0.0,489.0,194.0,0.0,446.0,197.0,310.0,277.0,135.0,131.0,520.0,3582.0
2017-12-11 03:00:00,0.0,464.0,190.0,0.0,519.0,182.0,,,,0.0,571.0,180.0,1.0,506.0,185.0,0.0,476.0,196.0,0.0,443.0,197.0,329.0,296.0,135.0,133.0,542.0,2688.0
2017-12-11 06:00:00,1.0,448.0,191.0,0.0,508.0,180.0,,,,0.0,579.0,179.0,1.0,496.0,185.0,0.0,453.0,200.0,0.0,441.0,196.0,372.0,333.0,140.0,135.0,606.0,896.0
2017-12-11 09:00:00,15.0,482.0,184.0,10.0,556.0,175.0,,,,3.0,558.0,176.0,4.0,527.0,179.0,3.0,485.0,192.0,10.0,474.0,184.0,199.0,191.0,129.0,131.0,345.0,560.0
2017-12-11 10:00:00,22.0,482.0,180.0,16.0,545.0,173.0,,,,5.0,556.0,174.0,5.0,520.0,176.0,5.0,487.0,188.0,15.0,478.0,181.0,347.0,212.0,129.0,128.0,282.0,1904.0
2017-12-11 11:00:00,24.0,480.0,179.0,16.0,537.0,171.0,,,,5.0,557.0,173.0,5.0,518.0,175.0,5.0,488.0,186.0,15.0,478.0,180.0,317.0,235.0,130.0,127.0,262.0,2912.0
2017-12-11 12:00:00,20.0,475.0,180.0,12.0,536.0,170.0,,,,5.0,556.0,172.0,4.0,519.0,175.0,5.0,487.0,186.0,12.0,479.0,180.0,331.0,251.0,130.0,128.0,283.0,3584.0
2017-12-11 13:00:00,12.0,479.0,179.0,8.0,533.0,170.0,,,,3.0,553.0,172.0,3.0,518.0,175.0,3.0,484.0,187.0,7.0,479.0,180.0,324.0,266.0,131.0,128.0,359.0,2016.0
2017-12-11 14:00:00,9.0,485.0,179.0,5.0,530.0,169.0,,,,2.0,550.0,171.0,3.0,518.0,175.0,2.0,482.0,187.0,5.0,478.0,180.0,301.0,272.0,133.0,128.0,323.0,3136.0
2017-12-11 15:00:00,2.0,483.0,179.0,0.0,528.0,169.0,,,,0.0,548.0,171.0,1.0,517.0,175.0,0.0,479.0,188.0,0.0,478.0,180.0,356.0,283.0,134.0,129.0,372.0,4479.0
2017-12-11 16:00:00,0.0,482.0,179.0,0.0,529.0,169.0,,,,0.0,547.0,171.0,0.0,517.0,175.0,0.0,475.0,189.0,0.0,477.0,180.0,332.0,303.0,135.0,130.0,328.0,2909.0
2017-12-11 17:00:00,1.0,480.0,180.0,0.0,529.0,169.0,,,,0.0,544.0,171.0,0.0,516.0,175.0,0.0,472.0,190.0,0.0,477.0,180.0,405.0,303.0,135.0,131.0,313.0,3584.0
2017-12-11 18:00:00,1.0,476.0,180.0,0.0,528.0,169.0,0.0,522.0,167.0,0.0,541.0,171.0,1.0,514.0,175.0,0.0,469.0,190.0,0.0,473.0,180.0,345.0,311.0,135.0,132.0,331.0,3919.0
2017-12-11 19:00:00,2.0,482.0,184.0,0.0,531.0,171.0,0.0,537.0,168.0,0.0,535.0,172.0,1.0,520.0,176.0,1.0,479.0,196.0,3.0,477.0,186.0,480.0,420.0,124.0,159.0,1543.0,5375.0
2017-12-11 20:00:00,4.0,478.0,192.0,0.0,533.0,179.0,0.0,540.0,174.0,0.0,535.0,176.0,1.0,526.0,181.0,0.0,466.0,205.0,5.0,476.0,198.0,535.0,475.0,133.0,167.0,383.0,5823.0
2017-12-11 21:00:00,1.0,472.0,193.0,0.0,542.0,183.0,0.0,545.0,176.0,0.0,533.0,179.0,1.0,521.0,183.0,0.0,463.0,202.0,6.0,463.0,205.0,547.0,470.0,119.0,186.0,1228.0,6269.0
2017-12-11 22:00:00,8.0,473.0,193.0,0.0,549.0,185.0,0.0,547.0,178.0,0.0,534.0,181.0,1.0,529.0,184.0,0.0,470.0,203.0,7.0,450.0,207.0,528.0,446.0,115.0,170.0,538.0,10415.0
2017-12-11 23:00:00,47.0,723.0,199.0,0.0,557.0,185.0,0.0,549.0,178.0,0.0,539.0,181.0,1.0,529.0,186.0,0.0,469.0,206.0,1.0,446.0,207.0,476.0,411.0,104.0,282.0,278.0,6154.0
2017-12-12 00:00:00,1.0,590.0,198.0,0.0,566.0,182.0,0.0,555.0,176.0,0.0,551.0,178.0,1.0,591.0,184.0,0.0,525.0,202.0,5.0,484.0,199.0,440.0,291.0,129.0,243.0,278.0,
2017-12-12 01:00:00,1.0,532.0,188.0,0.0,573.0,178.0,0.0,558.0,171.0,0.0,554.0,174.0,1.0,561.0,180.0,0.0,517.0,193.0,3.0,500.0,188.0,227.0,200.0,135.0,144.0,420.0,
2017-12-12 02:00:00,1.0,521.0,180.0,0.0,589.0,174.0,0.0,557.0,167.0,0.0,560.0,172.0,1.0,539.0,177.0,0.0,510.0,186.0,0.0,500.0,181.0,163.0,157.0,127.0,126.0,329.0,
2017-12-12 03:00:00,0.0,520.0,174.0,0.0,587.0,171.0,0.0,555.0,164.0,0.0,570.0,171.0,0.0,526.0,175.0,0.0,506.0,181.0,0.0,501.0,176.0,193.0,142.0,120.0,119.0,340.0,1008.0
2017-12-12 04:00:00,1.0,521.0,172.0,0.0,574.0,169.0,0.0,558.0,162.0,0.0,582.0,171.0,0.0,525.0,173.0,0.0,508.0,179.0,0.0,505.0,174.0,291.0,180.0,121.0,120.0,362.0,1904.0
2017-12-12 05:00:00,1.0,517.0,172.0,0.0,553.0,168.0,0.0,560.0,161.0,0.0,593.0,171.0,0.0,524.0,173.0,0.0,505.0,179.0,0.0,504.0,174.0,290.0,220.0,125.0,123.0,326.0,3135.0
2017-12-12 06:00:00,0.0,508.0,174.0,0.0,541.0,168.0,0.0,562.0,160.0,0.0,602.0,171.0,0.0,519.0,173.0,0.0,498.0,180.0,0.0,500.0,174.0,272.0,241.0,125.0,124.0,358.0,2464.0
2017-12-12 07:00:00,19.0,603.0,178.0,0.0,559.0,167.0,0.0,580.0,160.0,0.0,600.0,171.0,2.0,540.0,173.0,3.0,513.0,182.0,0.0,503.0,174.0,276.0,251.0,105.0,197.0,461.0,5599.0
2017-12-12 08:00:00,16.0,555.0,180.0,1.0,574.0,167.0,1.0,598.0,163.0,0.0,578.0,171.0,2.0,570.0,172.0,0.0,540.0,184.0,2.0,517.0,175.0,358.0,261.0,100.0,213.0,305.0,3807.0
2017-12-12 09:00:00,10.0,519.0,178.0,6.0,556.0,166.0,5.0,555.0,162.0,1.0,564.0,170.0,3.0,546.0,171.0,3.0,510.0,184.0,9.0,502.0,175.0,305.0,278.0,111.0,182.0,372.0,4589.0
2017-12-12 10:00:00,23.0,516.0,175.0,11.0,572.0,164.0,9.0,,,4.0,551.0,168.0,5.0,543.0,170.0,6.0,505.0,183.0,17.0,529.0,171.0,364.0,215.0,104.0,227.0,327.0,1344.0
2017-12-12 11:00:00,32.0,522.0,168.0,15.0,602.0,162.0,,,,6.0,545.0,166.0,6.0,541.0,168.0,8.0,507.0,178.0,27.0,537.0,165.0,223.0,174.0,124.0,142.0,267.0,
2017-12-12 12:00:00,22.0,525.0,164.0,12.0,620.0,160.0,,,,5.0,542.0,164.0,5.0,538.0,164.0,6.0,510.0,173.0,19.0,541.0,161.0,163.0,146.0,119.0,122.0,345.0,
2017-12-12 13:00:00,15.0,532.0,159.0,8.0,631.0,157.0,,,,4.0,541.0,161.0,4.0,537.0,162.0,4.0,517.0,168.0,13.0,544.0,158.0,128.0,124.0,114.0,113.0,338.0,
2017-12-12 14:00:00,6.0,534.0,157.0,2.0,634.0,155.0,,,,0.0,539.0,159.0,1.0,536.0,161.0,0.0,519.0,165.0,4.0,546.0,155.0,117.0,116.0,110.0,109.0,327.0,
2017-12-12 15:00:00,1.0,535.0,155.0,0.0,638.0,153.0,,,,0.0,538.0,157.0,1.0,535.0,159.0,0.0,522.0,162.0,0.0,549.0,153.0,110.0,110.0,107.0,107.0,339.0,
2017-12-12 16:00:00,1.0,537.0,154.0,0.0,638.0,152.0,,,,0.0,538.0,155.0,0.0,536.0,157.0,0.0,526.0,160.0,0.0,550.0,150.0,105.0,106.0,105.0,105.0,337.0,
2017-12-12 17:00:00,0.0,542.0,152.0,0.0,638.0,150.0,,,,0.0,541.0,153.0,0.0,540.0,155.0,0.0,531.0,158.0,0.0,554.0,148.0,102.0,103.0,105.0,104.0,337.0,
2017-12-12 18:00:00,12.0,552.0,159.0,0.0,625.0,155.0,9.0,564.0,152.0,0.0,557.0,155.0,2.0,552.0,159.0,2.0,530.0,169.0,5.0,584.0,155.0,538.0,431.0,99.0,235.0,1208.0,15677.0
2017-12-12 19:00:00,1.0,521.0,175.0,0.0,611.0,167.0,1.0,563.0,161.0,0.0,561.0,164.0,1.0,547.0,169.0,0.0,496.0,188.0,3.0,540.0,172.0,554.0,488.0,111.0,208.0,1063.0,8064.0
2017-12-12 20:00:00,4.0,494.0,187.0,0.0,600.0,175.0,1.0,557.0,166.0,0.0,553.0,171.0,1.0,553.0,174.0,0.0,498.0,198.0,3.0,514.0,181.0,548.0,483.0,107.0,178.0,550.0,7277.0
2017-12-12 21:00:00,6.0,533.0,190.0,0.0,598.0,179.0,0.0,561.0,171.0,0.0,564.0,174.0,1.0,569.0,176.0,1.0,517.0,201.0,9.0,526.0,187.0,546.0,476.0,99.0,257.0,2539.0,8063.0
2017-12-12 22:00:00,35.0,533.0,191.0,0.0,603.0,181.0,0.0,564.0,174.0,0.0,575.0,177.0,3.0,576.0,178.0,1.0,530.0,196.0,8.0,521.0,193.0,527.0,472.0,101.0,219.0,1903.0,5599.0
2017-12-12 23:00:00,2.0,550.0,189.0,0.0,597.0,179.0,0.0,567.0,174.0,0.0,588.0,175.0,1.0,585.0,177.0,0.0,546.0,193.0,0.0,519.0,189.0,408.0,314.0,122.0,234.0,366.0,
2017-12-13 00:00:00,1.0,536.0,181.0,0.0,592.0,173.0,0.0,569.0,170.0,0.0,588.0,170.0,0.0,585.0,173.0,0.0,548.0,186.0,0.0,531.0,178.0,231.0,208.0,132.0,144.0,422.0,
2017-12-13 01:00:00,0.0,541.0,175.0,0.0,599.0,170.0,0.0,566.0,167.0,0.0,588.0,168.0,0.0,578.0,171.0,0.0,548.0,180.0,0.0,536.0,171.0,169.0,163.0,126.0,126.0,452.0,
2017-12-13 02:00:00,1.0,551.0,170.0,0.0,605.0,167.0,0.0,564.0,165.0,0.0,594.0,167.0,0.0,568.0,170.0,0.0,549.0,175.0,0.0,540.0,166.0,135.0,135.0,120.0,118.0,562.0,
2017-12-13 03:00:00,1.0,558.0,167.0,0.0,606.0,166.0,0.0,565.0,164.0,0.0,596.0,165.0,0.0,566.0,168.0,0.0,550.0,173.0,0.0,542.0,162.0,123.0,125.0,116.0,115.0,457.0,
2017-12-13 04:00:00,1.0,570.0,169.0,0.0,601.0,167.0,0.0,573.0,165.0,0.0,611.0,168.0,0.0,568.0,170.0,0.0,545.0,178.0,0.0,549.0,166.0,417.0,351.0,119.0,119.0,570.0,7951.0
2017-12-13 05:00:00,1.0,549.0,176.0,0.0,593.0,169.0,0.0,572.0,168.0,0.0,611.0,172.0,1.0,560.0,173.0,0.0,522.0,187.0,0.0,534.0,175.0,370.0,338.0,132.0,129.0,548.0,2688.0
2017-12-13 06:00:00,1.0,534.0,178.0,0.0,581.0,170.0,0.0,571.0,169.0,0.0,612.0,171.0,1.0,554.0,174.0,0.0,511.0,189.0,0.0,528.0,176.0,348.0,307.0,135.0,133.0,603.0,4032.0
2017-12-13 07:00:00,1.0,528.0,179.0,0.0,575.0,170.0,0.0,573.0,170.0,0.0,617.0,171.0,0.0,551.0,175.0,0.0,506.0,190.0,0.0,525.0,177.0,329.0,303.0,135.0,133.0,472.0,2352.0
2017-12-13 08:00:00,5.0,532.0,180.0,0.0,571.0,170.0,0.0,573.0,170.0,0.0,622.0,171.0,1.0,552.0,175.0,0.0,505.0,191.0,0.0,524.0,177.0,324.0,289.0,132.0,142.0,409.0,4927.0
2017-12-13 09:00:00,8.0,621.0,182.0,2.0,608.0,170.0,0.0,592.0,169.0,0.0,618.0,171.0,3.0,613.0,174.0,7.0,564.0,191.0,1.0,546.0,177.0,314.0,271.0,103.0,218.0,1107.0,2464.0
2017-12-13 10:00:00,46.0,951.0,195.0,6.0,620.0,169.0,3.0,609.0,168.0,0.0,614.0,171.0,2.0,595.0,174.0,1.0,549.0,190.0,6.0,548.0,176.0,371.0,248.0,95.0,288.0,655.0,10304.0
2017-12-13 11:00:00,10.0,767.0,185.0,5.0,621.0,169.0,3.0,627.0,167.0,1.0,613.0,171.0,3.0,607.0,173.0,4.0,554.0,188.0,7.0,557.0,177.0,295.0,271.0,120.0,164.0,703.0,1792.0
2017-12-13 12:00:00,19.0,592.0,177.0,0.0,601.0,167.0,10.0,592.0,164.0,4.0,589.0,170.0,5.0,579.0,172.0,6.0,541.0,184.0,13.0,546.0,173.0,191.0,190.0,121.0,148.0,406.0,
2017-12-13 13:00:00,19.0,593.0,171.0,0.0,605.0,165.0,14.0,591.0,162.0,5.0,583.0,167.0,5.0,589.0,170.0,6.0,574.0,178.0,13.0,554.0,167.0,335.0,163.0,110.0,271.0,417.0,560.0
2017-12-13 14:00:00,9.0,595.0,168.0,0.0,607.0,163.0,5.0,597.0,160.0,2.0,585.0,166.0,3.0,588.0,168.0,2.0,571.0,173.0,6.0,579.0,164.0,244.0,158.0,123.0,145.0,373.0,
2017-12-13 15:00:00,2.0,578.0,164.0,0.0,605.0,161.0,0.0,585.0,158.0,0.0,576.0,164.0,1.0,569.0,166.0,0.0,558.0,169.0,0.0,568.0,161.0,167.0,140.0,120.0,123.0,375.0,
2017-12-13 16:00:00,4.0,571.0,161.0,0.0,602.0,159.0,0.0,574.0,156.0,0.0,569.0,162.0,0.0,561.0,164.0,0.0,552.0,166.0,0.0,563.0,158.0,155.0,130.0,117.0,118.0,357.0,2463.0
2017-12-13 17:00:00,4.0,581.0,167.0,0.0,596.0,162.0,0.0,574.0,158.0,0.0,576.0,164.0,1.0,563.0,168.0,0.0,536.0,176.0,4.0,556.0,166.0,540.0,432.0,111.0,170.0,490.0,6943.0
2017-12-13 18:00:00,0.0,588.0,171.0,0.0,615.0,164.0,2.0,627.0,160.0,0.0,576.0,167.0,2.0,570.0,171.0,4.0,577.0,189.0,4.0,545.0,169.0,366.0,296.0,110.0,178.0,541.0,7167.0
2017-12-13 19:00:00,8.0,608.0,178.0,0.0,610.0,170.0,1.0,621.0,164.0,0.0,594.0,171.0,1.0,589.0,175.0,2.0,515.0,214.0,5.0,557.0,180.0,565.0,493.0,108.0,263.0,1781.0,11307.0
2017-12-13 20:00:00,1.0,645.0,188.0,0.0,615.0,178.0,0.0,592.0,173.0,0.0,634.0,178.0,1.0,648.0,183.0,0.0,476.0,244.0,5.0,562.0,192.0,546.0,482.0,120.0,169.0,923.0,7950.0
2017-12-13 21:00:00,12.0,603.0,192.0,0.0,590.0,183.0,0.0,584.0,175.0,0.0,592.0,178.0,1.0,582.0,184.0,0.0,459.0,227.0,5.0,547.0,199.0,525.0,471.0,111.0,247.0,1239.0,5821.0
2017-12-13 22:00:00,14.0,595.0,194.0,0.0,580.0,184.0,0.0,584.0,178.0,0.0,599.0,177.0,1.0,591.0,184.0,0.0,494.0,212.0,4.0,531.0,201.0,467.0,433.0,113.0,284.0,1440.0,4031.0
2017-12-13 23:00:00,0.0,564.0,189.0,0.0,582.0,180.0,0.0,580.0,176.0,0.0,598.0,176.0,1.0,577.0,182.0,0.0,504.0,204.0,6.0,531.0,193.0,266.0,269.0,140.0,165.0,568.0,
2017-12-14 00:00:00,2.0,556.0,184.0,0.0,579.0,176.0,0.0,572.0,173.0,0.0,588.0,173.0,1.0,567.0,179.0,0.0,505.0,197.0,5.0,533.0,187.0,277.0,244.0,135.0,137.0,652.0,3248.0
2017-12-14 01:00:00,1.0,542.0,183.0,0.0,571.0,175.0,,567.0,172.0,0.0,592.0,173.0,1.0,557.0,179.0,0.0,502.0,195.0,0.0,524.0,186.0,235.0,233.0,135.0,132.0,492.0,
2017-12-14 04:00:00,1.0,522.0,177.0,0.0,552.0,170.0,,,,0.0,605.0,173.0,1.0,535.0,175.0,0.0,495.0,188.0,0.0,515.0,180.0,288.0,255.0,130.0,128.0,449.0,1008.0
2017-12-14 07:00:00,7.0,508.0,180.0,0.0,544.0,169.0,18.0,564.0,169.0,0.0,613.0,172.0,1.0,530.0,175.0,0.0,485.0,190.0,0.0,507.0,181.0,305.0,270.0,129.0,138.0,409.0,448.0
2017-12-14 08:00:00,1.0,560.0,181.0,0.0,571.0,170.0,,,,0.0,588.0,172.0,2.0,592.0,176.0,5.0,569.0,194.0,4.0,520.0,182.0,299.0,293.0,110.0,173.0,400.0,
2017-12-14 09:00:00,25.0,714.0,185.0,0.0,580.0,171.0,18.0,583.0,168.0,1.0,591.0,172.0,2.0,578.0,176.0,2.0,544.0,195.0,6.0,532.0,183.0,411.0,328.0,105.0,242.0,521.0,11087.0
2017-12-14 10:00:00,10.0,694.0,191.0,0.0,567.0,179.0,18.0,580.0,172.0,1.0,580.0,177.0,2.0,557.0,182.0,1.0,505.0,204.0,6.0,520.0,193.0,559.0,480.0,135.0,186.0,370.0,7389.0
2017-12-14 11:00:00,11.0,640.0,195.0,0.0,553.0,184.0,11.0,569.0,176.0,1.0,566.0,180.0,2.0,547.0,186.0,0.0,485.0,208.0,7.0,501.0,200.0,523.0,477.0,138.0,209.0,377.0,6716.0
2017-12-14 12:00:00,12.0,610.0,198.0,6.0,548.0,188.0,24.0,575.0,178.0,1.0,580.0,183.0,4.0,600.0,188.0,6.0,545.0,214.0,12.0,507.0,204.0,534.0,470.0,130.0,209.0,687.0,6943.0
2017-12-14 13:00:00,11.0,579.0,200.0,4.0,555.0,190.0,23.0,582.0,181.0,1.0,583.0,186.0,2.0,570.0,191.0,2.0,542.0,213.0,8.0,517.0,206.0,517.0,457.0,111.0,240.0,1145.0,6719.0
2017-12-14 14:00:00,3.0,539.0,199.0,0.0,550.0,188.0,21.0,571.0,181.0,0.0,570.0,185.0,1.0,558.0,190.0,0.0,515.0,207.0,5.0,501.0,203.0,360.0,357.0,120.0,180.0,1169.0,
2017-12-14 15:00:00,2.0,534.0,190.0,0.0,549.0,183.0,,,,0.0,563.0,181.0,1.0,555.0,185.0,0.0,517.0,198.0,5.0,502.0,192.0,220.0,223.0,135.0,141.0,344.0,
2017-12-14 16:00:00,1.0,537.0,183.0,0.0,550.0,179.0,,548.0,172.0,0.0,558.0,178.0,1.0,550.0,181.0,0.0,517.0,190.0,4.0,506.0,185.0,164.0,169.0,130.0,129.0,382.0,
2017-12-14 17:00:00,23.0,553.0,178.0,0.0,553.0,176.0,0.0,567.0,170.0,0.0,553.0,176.0,3.0,556.0,179.0,4.0,541.0,185.0,4.0,512.0,180.0,196.0,159.0,107.0,226.0,520.0,10079.0
2017-12-14 18:00:00,45.0,698.0,192.0,0.0,559.0,180.0,2.0,577.0,173.0,0.0,575.0,180.0,3.0,580.0,184.0,1.0,539.0,198.0,4.0,520.0,188.0,552.0,467.0,108.0,300.0,467.0,12767.0
2017-12-14 19:00:00,7.0,579.0,196.0,0.0,549.0,187.0,0.0,595.0,179.0,0.0,566.0,185.0,1.0,557.0,190.0,1.0,506.0,209.0,4.0,513.0,197.0,535.0,474.0,116.0,280.0,461.0,7951.0
2017-12-14 20:00:00,1.0,540.0,199.0,0.0,546.0,191.0,0.0,584.0,182.0,0.0,562.0,188.0,1.0,547.0,192.0,0.0,487.0,213.0,11.0,507.0,205.0,555.0,489.0,145.0,172.0,477.0,8176.0
2017-12-14 21:00:00,7.0,532.0,201.0,0.0,544.0,192.0,0.0,579.0,185.0,0.0,558.0,190.0,1.0,541.0,194.0,0.0,478.0,215.0,10.0,495.0,211.0,536.0,481.0,118.0,191.0,1328.0,7168.0
2017-12-14 22:00:00,3.0,528.0,201.0,0.0,541.0,192.0,0.0,579.0,186.0,0.0,564.0,189.0,1.0,539.0,193.0,0.0,480.0,212.0,9.0,490.0,212.0,462.0,434.0,106.0,187.0,704.0,3136.0
2017-12-14 23:00:00,2.0,517.0,198.0,0.0,537.0,188.0,0.0,582.0,182.0,0.0,565.0,186.0,0.0,541.0,190.0,0.0,492.0,206.0,5.0,495.0,205.0,313.0,293.0,107.0,174.0,1753.0,2687.0
2017-12-15 00:00:00,1.0,513.0,196.0,0.0,532.0,187.0,0.0,582.0,180.0,0.0,569.0,184.0,0.0,540.0,190.0,0.0,493.0,205.0,6.0,494.0,200.0,317.0,290.0,128.0,163.0,486.0,3024.0
2017-12-15 01:00:00,1.0,505.0,195.0,0.0,528.0,186.0,0.0,579.0,177.0,0.0,569.0,184.0,0.0,532.0,190.0,0.0,477.0,206.0,4.0,491.0,198.0,324.0,297.0,140.0,142.0,313.0,3135.0
2017-12-15 02:00:00,1.0,498.0,192.0,0.0,527.0,184.0,0.0,577.0,176.0,0.0,579.0,183.0,0.0,524.0,188.0,0.0,475.0,203.0,0.0,488.0,194.0,227.0,226.0,138.0,135.0,332.0,
2017-12-15 03:00:00,1.0,499.0,187.0,0.0,532.0,181.0,0.0,574.0,172.0,0.0,582.0,181.0,1.0,518.0,185.0,0.0,481.0,195.0,0.0,493.0,188.0,167.0,168.0,130.0,127.0,369.0,
2017-12-15 04:00:00,0.0,505.0,181.0,0.0,538.0,179.0,0.0,571.0,170.0,0.0,589.0,179.0,0.0,518.0,182.0,0.0,491.0,188.0,0.0,497.0,183.0,140.0,142.0,124.0,122.0,325.0,
2017-12-15 05:00:00,1.0,509.0,178.0,0.0,538.0,176.0,0.0,567.0,166.0,0.0,595.0,178.0,1.0,519.0,180.0,0.0,499.0,185.0,0.0,502.0,180.0,260.0,171.0,121.0,120.0,362.0,2016.0
2017-12-15 06:00:00,1.0,513.0,178.0,0.0,532.0,175.0,0.0,568.0,165.0,0.0,602.0,178.0,1.0,523.0,179.0,0.0,501.0,185.0,0.0,504.0,180.0,239.0,213.0,125.0,124.0,354.0,2688.0
2017-12-15 07:00:00,1.0,509.0,179.0,0.0,529.0,175.0,0.0,570.0,165.0,0.0,618.0,178.0,1.0,522.0,179.0,0.0,494.0,188.0,0.0,503.0,180.0,273.0,244.0,129.0,126.0,271.0,2912.0
2017-12-15 08:00:00,16.0,585.0,183.0,0.0,548.0,174.0,2.0,612.0,166.0,0.0,604.0,177.0,2.0,545.0,178.0,3.0,508.0,190.0,2.0,509.0,180.0,396.0,248.0,107.0,228.0,326.0,3472.0
2017-12-15 09:00:00,32.0,760.0,189.0,3.0,643.0,174.0,6.0,612.0,166.0,1.0,597.0,176.0,3.0,601.0,178.0,2.0,573.0,189.0,8.0,534.0,179.0,442.0,240.0,101.0,313.0,632.0,8736.0
2017-12-15 10:00:00,31.0,725.0,189.0,9.0,587.0,174.0,11.0,600.0,167.0,2.0,596.0,177.0,5.0,591.0,178.0,5.0,550.0,190.0,16.0,540.0,180.0,295.0,268.0,120.0,210.0,273.0,3023.0
2017-12-15 11:00:00,39.0,651.0,189.0,12.0,562.0,175.0,17.0,580.0,169.0,4.0,582.0,177.0,6.0,565.0,179.0,12.0,525.0,194.0,23.0,534.0,183.0,470.0,390.0,102.0,206.0,613.0,10080.0
2017-12-15 12:00:00,47.0,632.0,196.0,13.0,549.0,184.0,23.0,580.0,176.0,14.0,586.0,180.0,6.0,562.0,187.0,14.0,516.0,206.0,24.0,513.0,196.0,524.0,470.0,123.0,182.0,412.0,6830.0
2017-12-15 13:00:00,37.0,626.0,200.0,11.0,544.0,187.0,22.0,577.0,179.0,18.0,587.0,180.0,6.0,560.0,189.0,15.0,520.0,208.0,19.0,502.0,201.0,419.0,403.0,114.0,225.0,424.0,2127.0
2017-12-15 14:00:00,14.0,575.0,195.0,4.0,545.0,182.0,11.0,565.0,176.0,6.0,581.0,178.0,4.0,553.0,184.0,8.0,511.0,198.0,11.0,497.0,191.0,240.0,243.0,118.0,152.0,500.0,
2017-12-15 15:00:00,4.0,541.0,185.0,0.0,559.0,176.0,0.0,572.0,170.0,0.0,574.0,177.0,2.0,553.0,180.0,1.0,525.0,190.0,6.0,513.0,183.0,169.0,173.0,107.0,129.0,394.0,
2017-12-15 16:00:00,2.0,549.0,185.0,0.0,553.0,179.0,0.0,571.0,171.0,0.0,590.0,180.0,1.0,561.0,182.0,2.0,535.0,197.0,6.0,517.0,187.0,502.0,405.0,105.0,130.0,3094.0,11648.0
2017-12-15 17:00:00,28.0,639.0,195.0,0.0,613.0,184.0,15.0,643.0,179.0,0.0,623.0,185.0,3.0,646.0,189.0,4.0,545.0,223.0,10.0,529.0,196.0,420.0,388.0,105.0,219.0,1991.0,8399.0
2017-12-15 18:00:00,3.0,651.0,203.0,0.0,617.0,185.0,23.0,638.0,179.0,0.0,624.0,188.0,1.0,620.0,190.0,0.0,517.0,218.0,7.0,548.0,198.0,419.0,387.0,121.0,168.0,731.0,4928.0
2017-12-15 19:00:00,3.0,618.0,206.0,0.0,580.0,185.0,15.0,612.0,180.0,0.0,593.0,188.0,1.0,585.0,190.0,1.0,526.0,208.0,5.0,534.0,202.0,408.0,372.0,125.0,167.0,1647.0,4704.0
2017-12-15 20:00:00,2.0,553.0,205.0,0.0,575.0,187.0,0.0,608.0,181.0,0.0,592.0,188.0,2.0,601.0,191.0,2.0,537.0,213.0,5.0,521.0,201.0,370.0,346.0,122.0,195.0,1917.0,1904.0
2017-12-15 21:00:00,1.0,522.0,205.0,0.0,552.0,187.0,,,,0.0,575.0,189.0,1.0,564.0,193.0,0.0,474.0,221.0,7.0,531.0,201.0,373.0,347.0,143.0,160.0,591.0,1456.0
2017-12-15 22:00:00,13.0,532.0,203.0,0.0,553.0,187.0,0.0,592.0,182.0,0.0,564.0,188.0,1.0,550.0,193.0,0.0,475.0,216.0,6.0,514.0,202.0,368.0,341.0,117.0,233.0,1436.0,3248.0
2017-12-15 23:00:00,0.0,529.0,199.0,0.0,559.0,185.0,0.0,587.0,182.0,0.0,569.0,186.0,0.0,544.0,190.0,0.0,475.0,210.0,7.0,516.0,199.0,261.0,260.0,111.0,199.0,684.0,
2017-12-16 00:00:00,2.0,516.0,192.0,0.0,567.0,182.0,0.0,583.0,181.0,0.0,567.0,183.0,0.0,539.0,187.0,0.0,486.0,202.0,3.0,514.0,193.0,186.0,187.0,126.0,140.0,544.0,
2017-12-16 01:00:00,1.0,506.0,186.0,0.0,580.0,179.0,,,,0.0,576.0,180.0,0.0,530.0,184.0,0.0,491.0,194.0,0.0,509.0,186.0,148.0,150.0,125.0,126.0,557.0,
2017-12-16 02:00:00,1.0,508.0,180.0,0.0,589.0,176.0,,,,0.0,577.0,179.0,0.0,523.0,181.0,0.0,494.0,188.0,0.0,510.0,181.0,130.0,132.0,121.0,120.0,571.0,
2017-12-16 03:00:00,1.0,512.0,176.0,0.0,589.0,174.0,,,,0.0,580.0,177.0,0.0,520.0,179.0,0.0,498.0,184.0,0.0,511.0,178.0,121.0,123.0,118.0,117.0,614.0,
2017-12-16 04:00:00,0.0,515.0,173.0,0.0,588.0,171.0,,,,0.0,586.0,176.0,0.0,520.0,177.0,0.0,501.0,180.0,0.0,512.0,174.0,115.0,116.0,115.0,114.0,608.0,
2017-12-16 05:00:00,1.0,518.0,170.0,0.0,588.0,169.0,,,,0.0,588.0,173.0,0.0,520.0,174.0,0.0,504.0,177.0,0.0,514.0,171.0,111.0,112.0,113.0,113.0,551.0,
2017-12-16 06:00:00,0.0,520.0,168.0,0.0,587.0,167.0,,,,0.0,597.0,172.0,0.0,520.0,172.0,0.0,506.0,175.0,0.0,516.0,169.0,142.0,132.0,111.0,112.0,564.0,1008.0
2017-12-16 07:00:00,6.0,538.0,171.0,0.0,577.0,167.0,2.0,559.0,172.0,0.0,597.0,173.0,2.0,534.0,173.0,2.0,513.0,179.0,3.0,526.0,171.0,433.0,339.0,102.0,175.0,874.0,9516.0
2017-12-16 08:00:00,23.0,614.0,184.0,0.0,573.0,176.0,2.0,536.0,178.0,0.0,571.0,179.0,1.0,536.0,181.0,1.0,482.0,198.0,8.0,515.0,187.0,551.0,475.0,108.0,236.0,645.0,11421.0
2017-12-16 09:00:00,34.0,683.0,195.0,3.0,578.0,181.0,5.0,544.0,181.0,2.0,609.0,182.0,4.0,626.0,184.0,3.0,544.0,206.0,10.0,524.0,193.0,498.0,442.0,103.0,203.0,597.0,6048.0
2017-12-16 10:00:00,18.0,539.0,192.0,2.0,556.0,179.0,,,,5.0,580.0,180.0,5.0,567.0,182.0,7.0,508.0,202.0,17.0,507.0,189.0,290.0,292.0,127.0,138.0,427.0,
2017-12-16 11:00:00,23.0,529.0,183.0,1.0,575.0,175.0,9.0,553.0,170.0,6.0,575.0,176.0,5.0,556.0,177.0,7.0,505.0,192.0,21.0,513.0,180.0,190.0,195.0,127.0,126.0,333.0,
2017-12-16 12:00:00,15.0,554.0,181.0,10.0,562.0,175.0,10.0,556.0,172.0,3.0,568.0,176.0,3.0,543.0,177.0,4.0,498.0,192.0,13.0,514.0,181.0,478.0,402.0,128.0,125.0,540.0,8283.0
2017-12-16 13:00:00,19.0,536.0,190.0,13.0,551.0,185.0,12.0,550.0,178.0,4.0,550.0,184.0,7.0,539.0,186.0,13.0,478.0,213.0,19.0,495.0,194.0,522.0,473.0,108.0,259.0,837.0,6384.0
2017-12-16 14:00:00,13.0,511.0,195.0,10.0,549.0,189.0,12.0,545.0,181.0,3.0,547.0,188.0,5.0,537.0,189.0,5.0,471.0,212.0,15.0,490.0,201.0,526.0,462.0,113.0,172.0,1983.0,6608.0
2017-12-16 15:00:00,3.0,505.0,198.0,4.0,552.0,190.0,,,,0.0,555.0,190.0,1.0,553.0,189.0,0.0,488.0,208.0,10.0,511.0,204.0,454.0,408.0,120.0,146.0,2124.0,3584.0
2017-12-16 16:00:00,3.0,504.0,198.0,1.0,561.0,188.0,0.0,,,0.0,559.0,189.0,1.0,550.0,189.0,0.0,491.0,207.0,8.0,499.0,209.0,425.0,386.0,119.0,141.0,997.0,3920.0
2017-12-16 17:00:00,1.0,499.0,198.0,0.0,558.0,187.0,,,,0.0,563.0,187.0,0.0,536.0,190.0,0.0,477.0,209.0,4.0,460.0,210.0,429.0,382.0,132.0,140.0,460.0,4032.0
2017-12-16 18:00:00,2.0,495.0,198.0,1.0,568.0,187.0,4.0,558.0,184.0,0.0,560.0,187.0,1.0,529.0,190.0,0.0,470.0,210.0,6.0,466.0,212.0,501.0,427.0,147.0,143.0,549.0,6943.0
2017-12-16 19:00:00,1.0,493.0,201.0,1.0,589.0,192.0,2.0,556.0,185.0,0.0,554.0,188.0,1.0,528.0,192.0,0.0,467.0,213.0,11.0,461.0,221.0,526.0,472.0,140.0,196.0,554.0,5040.0
2017-12-16 20:00:00,7.0,502.0,202.0,0.0,586.0,192.0,0.0,555.0,187.0,0.0,553.0,189.0,1.0,541.0,193.0,1.0,510.0,213.0,10.0,449.0,224.0,507.0,461.0,126.0,242.0,616.0,4256.0
2017-12-16 21:00:00,0.0,490.0,202.0,0.0,582.0,193.0,,,,0.0,546.0,192.0,1.0,530.0,193.0,0.0,481.0,210.0,7.0,445.0,227.0,522.0,469.0,151.0,167.0,417.0,5151.0
2017-12-16 22:00:00,6.0,493.0,202.0,0.0,575.0,193.0,0.0,563.0,190.0,0.0,541.0,193.0,1.0,529.0,193.0,0.0,474.0,211.0,6.0,439.0,228.0,493.0,454.0,137.0,184.0,410.0,4032.0
2017-12-16 23:00:00,1.0,486.0,199.0,0.0,561.0,190.0,0.0,568.0,186.0,0.0,548.0,191.0,1.0,527.0,191.0,0.0,478.0,207.0,6.0,443.0,218.0,290.0,295.0,136.0,162.0,478.0,
2017-12-17 00:00:00,1.0,490.0,192.0,0.0,585.0,186.0,0.0,570.0,182.0,0.0,554.0,187.0,1.0,526.0,188.0,0.0,486.0,199.0,6.0,462.0,204.0,195.0,199.0,135.0,136.0,513.0,
2017-12-17 01:00:00,1.0,499.0,186.0,0.0,595.0,182.0,0.0,573.0,177.0,0.0,558.0,184.0,1.0,524.0,185.0,0.0,492.0,193.0,6.0,475.0,196.0,154.0,158.0,127.0,126.0,623.0,
2017-12-17 02:00:00,1.0,510.0,181.0,0.0,597.0,180.0,0.0,576.0,174.0,0.0,563.0,181.0,0.0,523.0,183.0,0.0,500.0,188.0,5.0,484.0,190.0,133.0,136.0,122.0,121.0,578.0,
2017-12-17 03:00:00,1.0,515.0,177.0,0.0,601.0,177.0,0.0,576.0,171.0,0.0,570.0,180.0,0.0,523.0,181.0,,508.0,184.0,0.0,491.0,185.0,122.0,125.0,118.0,117.0,388.0,
2017-12-17 04:00:00,1.0,518.0,175.0,0.0,604.0,175.0,0.0,572.0,168.0,0.0,574.0,179.0,1.0,523.0,178.0,0.0,511.0,181.0,0.0,501.0,181.0,165.0,147.0,115.0,115.0,375.0,1904.0
2017-12-17 05:00:00,1.0,520.0,175.0,0.0,593.0,173.0,0.0,571.0,167.0,0.0,588.0,178.0,1.0,526.0,178.0,0.0,511.0,181.0,0.0,508.0,180.0,221.0,198.0,120.0,118.0,416.0,2128.0
2017-12-17 06:00:00,1.0,520.0,176.0,0.0,581.0,173.0,0.0,572.0,166.0,0.0,599.0,178.0,1.0,529.0,177.0,0.0,510.0,184.0,0.0,508.0,182.0,262.0,235.0,123.0,121.0,379.0,1456.0
2017-12-17 07:00:00,1.0,519.0,177.0,0.0,578.0,173.0,0.0,573.0,166.0,0.0,605.0,178.0,1.0,530.0,177.0,0.0,508.0,185.0,0.0,507.0,183.0,270.0,251.0,125.0,124.0,268.0,1455.0
2017-12-17 08:00:00,25.0,700.0,183.0,0.0,593.0,172.0,1.0,587.0,166.0,0.0,604.0,178.0,1.0,549.0,177.0,1.0,525.0,187.0,0.0,508.0,184.0,292.0,267.0,104.0,230.0,328.0,7168.0
2017-12-17 09:00:00,24.0,626.0,188.0,0.0,620.0,174.0,3.0,630.0,168.0,0.0,618.0,178.0,2.0,623.0,178.0,1.0,578.0,193.0,3.0,525.0,191.0,471.0,391.0,103.0,220.0,529.0,7500.0
2017-12-17 10:00:00,17.0,578.0,192.0,0.0,620.0,178.0,10.0,616.0,172.0,2.0,608.0,180.0,3.0,597.0,182.0,5.0,533.0,201.0,10.0,508.0,202.0,456.0,411.0,119.0,247.0,368.0,5040.0
2017-12-17 11:00:00,16.0,548.0,193.0,0.0,612.0,180.0,9.0,605.0,172.0,2.0,593.0,180.0,3.0,576.0,183.0,4.0,511.0,203.0,10.0,491.0,206.0,437.0,395.0,143.0,160.0,261.0,5264.0
2017-12-17 12:00:00,21.0,530.0,194.0,0.0,609.0,180.0,15.0,599.0,173.0,4.0,585.0,180.0,4.0,565.0,183.0,6.0,503.0,204.0,12.0,483.0,207.0,424.0,383.0,146.0,145.0,330.0,4144.0
2017-12-17 13:00:00,11.0,522.0,196.0,0.0,607.0,181.0,7.0,596.0,173.0,1.0,581.0,181.0,2.0,561.0,184.0,2.0,500.0,205.0,6.0,481.0,208.0,406.0,368.0,149.0,143.0,400.0,3472.0
2017-12-17 14:00:00,18.0,518.0,196.0,3.0,602.0,180.0,2.0,592.0,174.0,1.0,577.0,181.0,2.0,558.0,185.0,2.0,498.0,205.0,9.0,488.0,204.0,373.0,337.0,134.0,174.0,545.0,3472.0
2017-12-17 15:00:00,2.0,521.0,196.0,0.0,606.0,180.0,0.0,583.0,173.0,0.0,585.0,182.0,1.0,562.0,185.0,0.0,503.0,204.0,8.0,514.0,199.0,357.0,324.0,135.0,183.0,557.0,3247.0
2017-12-17 16:00:00,1.0,520.0,198.0,0.0,603.0,185.0,22.0,,,0.0,591.0,183.0,1.0,561.0,188.0,0.0,501.0,209.0,11.0,522.0,203.0,518.0,454.0,148.0,154.0,619.0,5822.0
2017-12-17 17:00:00,2.0,530.0,201.0,0.0,609.0,187.0,19.0,630.0,180.0,0.0,585.0,184.0,2.0,622.0,191.0,3.0,571.0,216.0,7.0,523.0,208.0,458.0,418.0,126.0,207.0,2779.0,3360.0
2017-12-17 18:00:00,27.0,631.0,203.0,1.0,647.0,189.0,19.0,688.0,183.0,0.0,580.0,183.0,2.0,679.0,194.0,2.0,577.0,224.0,4.0,552.0,207.0,432.0,340.0,105.0,271.0,1174.0,7168.0
2017-12-17 19:00:00,1.0,577.0,204.0,1.0,634.0,190.0,0.0,661.0,183.0,0.0,617.0,187.0,1.0,637.0,195.0,1.0,534.0,229.0,4.0,550.0,206.0,376.0,340.0,126.0,178.0,2614.0,3360.0
2017-12-17 20:00:00,1.0,559.0,204.0,0.0,606.0,189.0,,,,0.0,604.0,190.0,1.0,596.0,195.0,0.0,499.0,226.0,6.0,543.0,206.0,419.0,376.0,147.0,152.0,670.0,4592.0
2017-12-17 21:00:00,7.0,552.0,203.0,0.0,596.0,189.0,0.0,621.0,187.0,0.0,590.0,190.0,1.0,581.0,194.0,0.0,514.0,215.0,5.0,531.0,208.0,426.0,387.0,120.0,194.0,1200.0,4255.0
2017-12-17 22:00:00,10.0,555.0,202.0,0.0,593.0,189.0,0.0,616.0,187.0,0.0,586.0,190.0,1.0,577.0,194.0,0.0,524.0,211.0,5.0,524.0,210.0,423.0,387.0,108.0,201.0,1493.0,3248.0
2017-12-17 23:00:00,0.0,534.0,201.0,0.0,579.0,189.0,,,,0.0,579.0,188.0,1.0,566.0,194.0,0.0,521.0,209.0,5.0,517.0,210.0,381.0,345.0,144.0,155.0,413.0,2912.0
2017-12-18 00:00:00,2.0,527.0,200.0,0.0,571.0,189.0,,606.0,184.0,0.0,584.0,188.0,1.0,558.0,195.0,0.0,510.0,210.0,2.0,508.0,209.0,335.0,322.0,150.0,148.0,324.0,1008.0
2017-12-18 01:00:00,1.0,516.0,197.0,0.0,564.0,187.0,,,,0.0,593.0,186.0,1.0,550.0,192.0,0.0,506.0,206.0,0.0,503.0,201.0,220.0,219.0,143.0,139.0,341.0,
2017-12-18 02:00:00,1.0,520.0,193.0,0.0,562.0,185.0,,,,0.0,599.0,185.0,1.0,545.0,190.0,0.0,508.0,200.0,0.0,508.0,195.0,218.0,203.0,136.0,134.0,363.0,1904.0
2017-12-18 03:00:00,0.0,523.0,191.0,0.0,557.0,183.0,,,,0.0,606.0,185.0,0.0,542.0,189.0,0.0,509.0,199.0,0.0,509.0,193.0,252.0,238.0,138.0,134.0,340.0,1456.0
2017-12-18 04:00:00,1.0,522.0,191.0,0.0,553.0,183.0,,,,0.0,615.0,185.0,0.0,539.0,189.0,0.0,505.0,199.0,0.0,508.0,193.0,289.0,261.0,140.0,135.0,371.0,2800.0
2017-12-18 05:00:00,1.0,520.0,192.0,0.0,549.0,183.0,,,,0.0,615.0,185.0,1.0,537.0,189.0,0.0,501.0,200.0,0.0,507.0,193.0,303.0,276.0,140.0,138.0,322.0,2462.0
2017-12-18 06:00:00,14.0,556.0,192.0,0.0,547.0,182.0,0.0,605.0,174.0,0.0,618.0,185.0,1.0,534.0,189.0,0.0,495.0,201.0,0.0,506.0,193.0,322.0,288.0,134.0,173.0,436.0,6489.0
2017-12-18 07:00:00,8.0,675.0,198.0,1.0,600.0,182.0,1.0,637.0,175.0,0.0,620.0,185.0,1.0,583.0,189.0,0.0,533.0,202.0,1.0,520.0,191.0,310.0,275.0,105.0,225.0,547.0,3472.0
2017-12-18 08:00:00,2.0,564.0,194.0,1.0,581.0,182.0,,,,0.0,608.0,184.0,1.0,584.0,188.0,0.0,540.0,200.0,3.0,525.0,191.0,244.0,241.0,129.0,159.0,405.0,
2017-12-18 09:00:00,9.0,548.0,187.0,0.0,579.0,179.0,,,,0.0,591.0,182.0,2.0,563.0,184.0,1.0,526.0,194.0,6.0,526.0,185.0,175.0,175.0,131.0,133.0,317.0,
2017-12-18 10:00:00,16.0,547.0,183.0,0.0,582.0,177.0,,,,2.0,584.0,179.0,4.0,561.0,182.0,5.0,529.0,189.0,12.0,530.0,181.0,147.0,149.0,127.0,126.0,270.0,
2017-12-18 11:00:00,24.0,545.0,178.0,0.0,583.0,174.0,,,,4.0,578.0,177.0,6.0,555.0,179.0,9.0,532.0,184.0,17.0,534.0,177.0,131.0,132.0,123.0,122.0,280.0,
2017-12-18 12:00:00,33.0,548.0,175.0,0.0,583.0,172.0,,,,8.0,574.0,175.0,8.0,553.0,177.0,14.0,534.0,181.0,22.0,537.0,175.0,123.0,124.0,120.0,119.0,385.0,
2017-12-18 13:00:00,31.0,553.0,173.0,0.0,584.0,171.0,,,,9.0,574.0,173.0,9.0,552.0,175.0,15.0,537.0,178.0,21.0,540.0,172.0,119.0,119.0,119.0,118.0,347.0,
2017-12-18 14:00:00,14.0,557.0,171.0,0.0,584.0,169.0,,,,3.0,573.0,171.0,4.0,554.0,174.0,6.0,542.0,176.0,10.0,544.0,170.0,115.0,116.0,115.0,117.0,381.0,
2017-12-18 15:00:00,3.0,561.0,169.0,0.0,585.0,167.0,,,,0.0,574.0,169.0,1.0,556.0,172.0,0.0,547.0,174.0,1.0,547.0,168.0,115.0,114.0,115.0,115.0,385.0,
2017-12-18 16:00:00,1.0,563.0,167.0,0.0,585.0,166.0,,,,0.0,574.0,167.0,0.0,558.0,170.0,0.0,550.0,172.0,0.0,550.0,165.0,111.0,113.0,115.0,115.0,308.0,
2017-12-18 17:00:00,8.0,559.0,166.0,0.0,583.0,164.0,19.0,573.0,161.0,0.0,574.0,166.0,1.0,556.0,169.0,1.0,543.0,171.0,0.0,553.0,164.0,264.0,203.0,109.0,135.0,942.0,7840.0
2017-12-18 18:00:00,1.0,569.0,177.0,0.0,580.0,174.0,,,,0.0,590.0,172.0,2.0,572.0,175.0,1.0,547.0,193.0,6.0,552.0,180.0,542.0,485.0,95.0,253.0,3614.0,7950.0
2017-12-18 19:00:00,7.0,560.0,189.0,0.0,575.0,182.0,0.0,572.0,173.0,0.0,606.0,179.0,1.0,646.0,182.0,1.0,553.0,208.0,10.0,547.0,192.0,547.0,481.0,107.0,202.0,2853.0,7728.0
2017-12-18 20:00:00,3.0,535.0,203.0,0.0,587.0,186.0,0.0,572.0,175.0,0.0,626.0,185.0,1.0,650.0,186.0,0.0,559.0,213.0,11.0,555.0,200.0,515.0,463.0,133.0,194.0,452.0,6160.0
2017-12-18 21:00:00,5.0,499.0,212.0,0.0,584.0,187.0,0.0,594.0,179.0,0.0,599.0,185.0,1.0,593.0,187.0,0.0,530.0,207.0,10.0,539.0,204.0,515.0,463.0,147.0,175.0,439.0,6272.0
2017-12-18 22:00:00,12.0,490.0,213.0,0.0,580.0,188.0,0.0,588.0,181.0,0.0,586.0,187.0,1.0,579.0,189.0,0.0,528.0,204.0,10.0,522.0,207.0,509.0,456.0,139.0,179.0,459.0,6271.0
2017-12-18 23:00:00,0.0,486.0,215.0,0.0,576.0,188.0,0.0,589.0,182.0,0.0,586.0,186.0,1.0,565.0,189.0,0.0,523.0,202.0,12.0,512.0,213.0,504.0,454.0,141.0,198.0,461.0,5823.0
2017-12-19 00:00:00,1.0,474.0,216.0,0.0,569.0,189.0,0.0,591.0,184.0,0.0,589.0,186.0,1.0,562.0,190.0,0.0,523.0,201.0,10.0,505.0,216.0,459.0,429.0,158.0,160.0,521.0,3471.0
2017-12-19 01:00:00,0.0,478.0,212.0,0.0,566.0,187.0,,,,0.0,593.0,185.0,1.0,565.0,188.0,0.0,527.0,198.0,5.0,517.0,211.0,302.0,304.0,153.0,151.0,562.0,
2017-12-19 04:00:00,1.0,535.0,186.0,0.0,572.0,181.0,,,,0.0,621.0,181.0,1.0,562.0,183.0,0.0,547.0,186.0,0.0,529.0,188.0,141.0,144.0,130.0,128.0,490.0,
2017-12-19 06:00:00,61.0,562.0,179.0,,581.0,177.0,0.0,,,0.0,634.0,179.0,2.0,570.0,179.0,0.0,563.0,180.0,0.0,542.0,180.0,125.0,123.0,120.0,123.0,,
2017-12-19 07:00:00,32.0,835.0,184.0,0.0,636.0,177.0,0.0,599.0,179.0,0.0,642.0,179.0,1.0,594.0,179.0,0.0,604.0,180.0,0.0,550.0,180.0,266.0,131.0,91.0,257.0,682.0,3023.0
2017-12-19 10:00:00,13.0,635.0,175.0,0.0,613.0,172.0,,,,3.0,620.0,174.0,3.0,621.0,175.0,4.0,621.0,175.0,11.0,585.0,174.0,144.0,137.0,128.0,129.0,311.0,
2017-12-19 11:00:00,10.0,631.0,173.0,0.0,611.0,171.0,,,,2.0,618.0,172.0,3.0,614.0,174.0,2.0,615.0,173.0,6.0,585.0,173.0,133.0,130.0,125.0,124.0,272.0,
2017-12-19 12:00:00,20.0,628.0,171.0,0.0,611.0,170.0,,,,6.0,617.0,171.0,5.0,611.0,172.0,8.0,613.0,172.0,15.0,587.0,171.0,126.0,125.0,122.0,123.0,316.0,
2017-12-19 13:00:00,8.0,629.0,169.0,0.0,611.0,168.0,,,,1.0,618.0,170.0,2.0,606.0,172.0,1.0,611.0,171.0,4.0,590.0,169.0,121.0,121.0,120.0,120.0,402.0,
2017-12-19 14:00:00,4.0,628.0,169.0,0.0,613.0,167.0,,,,0.0,618.0,169.0,1.0,605.0,171.0,0.0,610.0,170.0,1.0,592.0,168.0,120.0,119.0,120.0,120.0,314.0,
2017-12-19 15:00:00,1.0,626.0,168.0,0.0,614.0,167.0,,,,0.0,618.0,167.0,1.0,605.0,170.0,0.0,610.0,169.0,0.0,594.0,166.0,136.0,125.0,120.0,120.0,339.0,1232.0
2017-12-19 16:00:00,1.0,624.0,168.0,0.0,615.0,166.0,,,,0.0,621.0,167.0,0.0,605.0,169.0,0.0,609.0,170.0,0.0,596.0,166.0,155.0,152.0,120.0,122.0,328.0,
2017-12-19 17:00:00,2.0,624.0,169.0,0.0,616.0,165.0,0.0,623.0,163.0,0.0,622.0,166.0,1.0,606.0,169.0,0.0,607.0,170.0,0.0,598.0,166.0,239.0,183.0,116.0,125.0,376.0,5488.0
2017-12-19 18:00:00,1.0,642.0,179.0,0.0,618.0,172.0,0.0,627.0,165.0,0.0,632.0,170.0,1.0,616.0,175.0,1.0,603.0,187.0,5.0,602.0,176.0,556.0,472.0,112.0,211.0,458.0,7948.0
2017-12-19 19:00:00,8.0,628.0,188.0,0.0,634.0,180.0,1.0,627.0,175.0,0.0,648.0,176.0,1.0,649.0,182.0,3.0,607.0,209.0,5.0,594.0,190.0,466.0,421.0,116.0,260.0,1394.0,6720.0
2017-12-19 20:00:00,3.0,617.0,193.0,0.0,639.0,182.0,0.0,625.0,180.0,0.0,666.0,178.0,1.0,664.0,184.0,2.0,577.0,212.0,6.0,599.0,194.0,465.0,408.0,117.0,180.0,1137.0,4815.0
2017-12-19 21:00:00,39.0,702.0,197.0,1.0,663.0,183.0,0.0,622.0,183.0,0.0,685.0,181.0,4.0,725.0,184.0,4.0,622.0,204.0,7.0,596.0,197.0,489.0,382.0,93.0,305.0,2557.0,8286.0
2017-12-19 22:00:00,49.0,831.0,203.0,0.0,690.0,184.0,0.0,620.0,185.0,0.0,690.0,183.0,1.0,692.0,185.0,0.0,628.0,200.0,12.0,600.0,200.0,460.0,391.0,96.0,312.0,826.0,9856.0
2017-12-19 23:00:00,6.0,682.0,205.0,0.0,694.0,184.0,0.0,616.0,187.0,0.0,694.0,185.0,1.0,707.0,187.0,1.0,650.0,199.0,8.0,603.0,203.0,470.0,351.0,113.0,241.0,1498.0,1119.0
2017-12-20 00:00:00,0.0,668.0,199.0,0.0,682.0,183.0,,,,0.0,675.0,184.0,1.0,683.0,186.0,0.0,642.0,196.0,6.0,611.0,199.0,311.0,260.0,118.0,179.0,1059.0,
2017-12-20 01:00:00,1.0,655.0,193.0,0.0,676.0,181.0,,627.0,179.0,0.0,665.0,182.0,1.0,669.0,185.0,0.0,640.0,193.0,6.0,615.0,194.0,209.0,197.0,135.0,148.0,411.0,
2017-12-20 02:00:00,1.0,652.0,189.0,0.0,671.0,180.0,,625.0,178.0,0.0,664.0,180.0,1.0,653.0,185.0,0.0,630.0,189.0,2.0,620.0,190.0,166.0,163.0,135.0,138.0,463.0,
2017-12-20 03:00:00,1.0,646.0,185.0,0.0,665.0,179.0,,,,0.0,673.0,180.0,1.0,640.0,184.0,0.0,627.0,186.0,0.0,625.0,186.0,146.0,145.0,135.0,133.0,304.0,
2017-12-20 04:00:00,1.0,647.0,183.0,0.0,663.0,178.0,,,,0.0,678.0,179.0,1.0,634.0,183.0,0.0,628.0,184.0,0.0,625.0,183.0,136.0,137.0,131.0,131.0,349.0,
2017-12-20 05:00:00,1.0,648.0,182.0,0.0,664.0,177.0,,,,0.0,678.0,179.0,0.0,633.0,182.0,0.0,629.0,182.0,0.0,623.0,182.0,133.0,133.0,130.0,130.0,336.0,
2017-12-20 06:00:00,1.0,645.0,180.0,0.0,665.0,175.0,,,,0.0,685.0,179.0,0.0,633.0,181.0,0.0,631.0,180.0,0.0,622.0,179.0,130.0,129.0,130.0,128.0,349.0,
2017-12-20 07:00:00,0.0,651.0,179.0,0.0,666.0,175.0,,,,0.0,693.0,178.0,0.0,636.0,180.0,0.0,635.0,179.0,0.0,624.0,178.0,127.0,127.0,127.0,128.0,277.0,
2017-12-20 08:00:00,10.0,661.0,178.0,1.0,671.0,174.0,7.0,659.0,170.0,0.0,691.0,178.0,1.0,644.0,178.0,1.0,648.0,178.0,4.0,629.0,177.0,125.0,125.0,105.0,120.0,408.0,112.0
2017-12-20 09:00:00,13.0,658.0,177.0,6.0,672.0,173.0,4.0,665.0,170.0,0.0,672.0,177.0,2.0,647.0,177.0,0.0,647.0,177.0,10.0,637.0,177.0,125.0,125.0,116.0,128.0,406.0,
2017-12-20 10:00:00,30.0,656.0,176.0,3.0,672.0,172.0,7.0,664.0,170.0,1.0,664.0,176.0,4.0,644.0,176.0,2.0,644.0,176.0,10.0,641.0,175.0,125.0,125.0,112.0,159.0,291.0,112.0
2017-12-20 11:00:00,28.0,651.0,174.0,0.0,673.0,171.0,,,,3.0,657.0,174.0,5.0,639.0,175.0,6.0,639.0,175.0,21.0,639.0,174.0,125.0,125.0,123.0,139.0,297.0,
2017-12-20 12:00:00,40.0,650.0,173.0,0.0,671.0,170.0,,,,6.0,653.0,173.0,8.0,637.0,175.0,11.0,636.0,175.0,28.0,637.0,172.0,125.0,125.0,125.0,129.0,317.0,
2017-12-20 13:00:00,29.0,656.0,172.0,0.0,668.0,170.0,22.0,661.0,168.0,6.0,654.0,173.0,7.0,639.0,174.0,11.0,640.0,174.0,22.0,639.0,171.0,125.0,124.0,125.0,126.0,425.0,
2017-12-20 14:00:00,40.0,658.0,174.0,3.0,670.0,170.0,12.0,648.0,166.0,1.0,645.0,172.0,5.0,642.0,174.0,5.0,649.0,174.0,7.0,636.0,170.0,318.0,146.0,98.0,222.0,455.0,1008.0
2017-12-20 15:00:00,2.0,629.0,172.0,1.0,659.0,168.0,4.0,628.0,164.0,0.0,631.0,170.0,1.0,635.0,172.0,0.0,657.0,172.0,2.0,623.0,168.0,219.0,157.0,106.0,177.0,460.0,
2017-12-20 16:00:00,2.0,623.0,170.0,1.0,658.0,168.0,2.0,630.0,162.0,0.0,633.0,171.0,1.0,623.0,171.0,0.0,637.0,171.0,0.0,608.0,167.0,166.0,146.0,116.0,140.0,549.0,
2017-12-20 17:00:00,6.0,651.0,171.0,0.0,664.0,167.0,2.0,651.0,163.0,0.0,639.0,171.0,1.0,637.0,171.0,0.0,647.0,173.0,1.0,627.0,167.0,280.0,222.0,114.0,139.0,511.0,4029.0
2017-12-20 18:00:00,38.0,755.0,183.0,0.0,671.0,176.0,2.0,661.0,169.0,0.0,663.0,176.0,2.0,664.0,179.0,2.0,628.0,191.0,4.0,622.0,184.0,533.0,460.0,102.0,328.0,558.0,12201.0
2017-12-20 19:00:00,9.0,739.0,195.0,0.0,671.0,182.0,1.0,674.0,175.0,0.0,691.0,181.0,2.0,718.0,184.0,2.0,676.0,202.0,4.0,623.0,194.0,536.0,477.0,110.0,282.0,3201.0,5706.0
2017-12-20 20:00:00,0.0,687.0,199.0,0.0,723.0,187.0,0.0,649.0,184.0,0.0,740.0,188.0,1.0,770.0,191.0,1.0,666.0,223.0,5.0,641.0,201.0,510.0,464.0,118.0,170.0,1310.0,6042.0
2017-12-20 21:00:00,55.0,787.0,205.0,1.0,685.0,187.0,0.0,653.0,187.0,0.0,690.0,188.0,2.0,681.0,190.0,0.0,591.0,214.0,5.0,625.0,203.0,540.0,416.0,79.0,316.0,1200.0,13097.0
2017-12-20 22:00:00,31.0,789.0,214.0,1.0,679.0,188.0,0.0,651.0,190.0,0.0,687.0,189.0,1.0,692.0,191.0,0.0,608.0,208.0,5.0,610.0,206.0,505.0,440.0,101.0,254.0,1071.0,6492.0
2017-12-20 23:00:00,1.0,672.0,209.0,0.0,677.0,189.0,0.0,640.0,194.0,0.0,707.0,188.0,1.0,686.0,192.0,0.0,625.0,204.0,6.0,604.0,210.0,513.0,451.0,135.0,174.0,693.0,4927.0
2017-12-21 00:00:00,2.0,633.0,207.0,0.0,652.0,190.0,0.0,636.0,197.0,0.0,694.0,186.0,1.0,646.0,193.0,0.0,608.0,203.0,5.0,592.0,213.0,520.0,447.0,154.0,165.0,614.0,4815.0
2017-12-21 01:00:00,1.0,612.0,206.0,0.0,637.0,190.0,0.0,634.0,199.0,0.0,688.0,185.0,1.0,628.0,195.0,0.0,599.0,202.0,4.0,581.0,215.0,501.0,449.0,167.0,165.0,586.0,3584.0
2017-12-21 02:00:00,0.0,600.0,205.0,0.0,633.0,191.0,0.0,638.0,197.0,0.0,686.0,186.0,0.0,622.0,195.0,0.0,598.0,201.0,0.0,564.0,211.0,319.0,321.0,165.0,161.0,390.0,
2017-12-21 03:00:00,0.0,591.0,199.0,0.0,629.0,189.0,0.0,645.0,191.0,0.0,685.0,186.0,0.0,614.0,193.0,0.0,596.0,197.0,0.0,565.0,202.0,217.0,220.0,155.0,151.0,328.0,
2017-12-21 04:00:00,1.0,594.0,194.0,0.0,633.0,186.0,0.0,646.0,187.0,0.0,685.0,185.0,0.0,607.0,191.0,0.0,598.0,193.0,0.0,567.0,197.0,174.0,177.0,147.0,145.0,302.0,
2017-12-21 05:00:00,0.0,597.0,189.0,0.0,632.0,185.0,0.0,643.0,184.0,0.0,684.0,185.0,1.0,601.0,190.0,0.0,598.0,190.0,0.0,570.0,193.0,154.0,156.0,141.0,140.0,304.0,
2017-12-21 06:00:00,1.0,600.0,187.0,0.0,630.0,183.0,0.0,639.0,182.0,0.0,678.0,184.0,1.0,599.0,188.0,0.0,598.0,188.0,0.0,573.0,190.0,143.0,145.0,137.0,136.0,342.0,
2017-12-21 07:00:00,0.0,605.0,184.0,0.0,629.0,182.0,0.0,638.0,180.0,0.0,630.0,182.0,1.0,599.0,186.0,0.0,600.0,186.0,0.0,573.0,188.0,137.0,138.0,135.0,134.0,249.0,
2017-12-21 08:00:00,37.0,702.0,185.0,0.0,638.0,181.0,10.0,651.0,179.0,0.0,593.0,180.0,2.0,600.0,185.0,1.0,608.0,184.0,0.0,570.0,186.0,177.0,150.0,114.0,266.0,393.0,6606.0
2017-12-21 09:00:00,26.0,645.0,190.0,5.0,645.0,181.0,25.0,645.0,180.0,1.0,621.0,181.0,3.0,619.0,185.0,1.0,616.0,189.0,9.0,610.0,187.0,247.0,233.0,96.0,175.0,912.0,896.0
2017-12-21 10:00:00,20.0,678.0,191.0,9.0,644.0,180.0,14.0,636.0,179.0,2.0,627.0,182.0,4.0,612.0,185.0,4.0,598.0,190.0,12.0,603.0,187.0,240.0,226.0,111.0,162.0,350.0,1120.0
2017-12-21 11:00:00,26.0,661.0,191.0,11.0,649.0,179.0,18.0,629.0,178.0,4.0,624.0,181.0,5.0,609.0,184.0,6.0,593.0,190.0,14.0,600.0,185.0,276.0,242.0,123.0,171.0,309.0,3920.0
2017-12-21 12:00:00,27.0,647.0,195.0,12.0,661.0,184.0,18.0,636.0,182.0,6.0,637.0,184.0,5.0,628.0,189.0,8.0,590.0,207.0,17.0,598.0,193.0,528.0,456.0,138.0,199.0,428.0,9519.0
2017-12-21 13:00:00,24.0,620.0,200.0,11.0,652.0,188.0,19.0,612.0,187.0,6.0,628.0,187.0,5.0,613.0,191.0,8.0,563.0,208.0,14.0,578.0,197.0,356.0,355.0,151.0,188.0,419.0,448.0
2017-12-21 14:00:00,13.0,596.0,196.0,4.0,639.0,184.0,11.0,620.0,183.0,3.0,627.0,185.0,3.0,613.0,188.0,4.0,577.0,201.0,6.0,583.0,192.0,381.0,242.0,106.0,242.0,2360.0,
2017-12-21 15:00:00,5.0,598.0,189.0,0.0,642.0,181.0,3.0,630.0,179.0,0.0,626.0,183.0,1.0,613.0,186.0,0.0,591.0,195.0,0.0,594.0,187.0,225.0,190.0,109.0,167.0,1126.0,112.0
2017-12-21 16:00:00,1.0,600.0,185.0,0.0,645.0,179.0,2.0,625.0,178.0,0.0,623.0,181.0,1.0,606.0,185.0,0.0,592.0,191.0,0.0,596.0,183.0,175.0,164.0,125.0,146.0,386.0,
2017-12-21 17:00:00,6.0,635.0,184.0,0.0,680.0,179.0,3.0,659.0,177.0,0.0,628.0,180.0,3.0,631.0,185.0,5.0,658.0,201.0,9.0,611.0,182.0,217.0,171.0,116.0,145.0,2804.0,5935.0
2017-12-21 18:00:00,27.0,780.0,197.0,0.0,687.0,185.0,14.0,701.0,183.0,0.0,680.0,185.0,3.0,670.0,192.0,5.0,544.0,226.0,8.0,629.0,189.0,476.0,379.0,111.0,313.0,487.0,2800.0
2017-12-21 19:00:00,15.0,723.0,204.0,1.0,665.0,186.0,0.0,691.0,184.0,0.0,672.0,187.0,2.0,657.0,193.0,1.0,549.0,220.0,4.0,614.0,193.0,394.0,358.0,113.0,275.0,660.0,5710.0
2017-12-21 20:00:00,3.0,623.0,205.0,1.0,680.0,187.0,0.0,683.0,184.0,0.0,674.0,189.0,1.0,657.0,192.0,1.0,601.0,209.0,5.0,644.0,193.0,415.0,378.0,118.0,210.0,1224.0,4032.0
2017-12-21 21:00:00,1.0,599.0,204.0,0.0,666.0,187.0,,674.0,185.0,0.0,654.0,193.0,1.0,646.0,191.0,0.0,618.0,203.0,3.0,645.0,193.0,418.0,381.0,131.0,161.0,456.0,3920.0
2017-12-21 22:00:00,17.0,597.0,204.0,0.0,664.0,187.0,0.0,660.0,186.0,0.0,641.0,195.0,1.0,640.0,191.0,0.0,618.0,200.0,3.0,624.0,198.0,428.0,390.0,135.0,203.0,1036.0,3471.0
2017-12-21 23:00:00,26.0,622.0,206.0,0.0,657.0,188.0,0.0,658.0,188.0,0.0,635.0,198.0,1.0,640.0,192.0,0.0,622.0,200.0,5.0,555.0,216.0,511.0,431.0,110.0,218.0,620.0,4137.0
2017-12-22 00:00:00,1.0,581.0,204.0,0.0,636.0,188.0,0.0,657.0,189.0,0.0,636.0,198.0,1.0,618.0,191.0,0.0,603.0,199.0,0.0,513.0,217.0,338.0,338.0,141.0,162.0,285.0,
2017-12-22 01:00:00,1.0,565.0,196.0,0.0,629.0,185.0,0.0,655.0,186.0,0.0,641.0,195.0,1.0,596.0,189.0,0.0,583.0,194.0,0.0,529.0,200.0,214.0,215.0,147.0,147.0,284.0,
2017-12-22 02:00:00,1.0,564.0,189.0,0.0,626.0,182.0,0.0,652.0,183.0,0.0,654.0,191.0,1.0,584.0,187.0,0.0,575.0,190.0,0.0,543.0,191.0,169.0,172.0,141.0,139.0,396.0,
2017-12-22 03:00:00,1.0,566.0,185.0,0.0,620.0,181.0,0.0,649.0,181.0,0.0,653.0,189.0,0.0,578.0,185.0,0.0,570.0,187.0,0.0,550.0,186.0,151.0,153.0,137.0,135.0,376.0,
2017-12-22 04:00:00,1.0,564.0,181.0,0.0,616.0,178.0,0.0,644.0,178.0,0.0,651.0,187.0,1.0,569.0,183.0,0.0,563.0,184.0,0.0,551.0,182.0,139.0,140.0,132.0,131.0,328.0,
2017-12-22 05:00:00,1.0,562.0,178.0,0.0,612.0,177.0,0.0,642.0,176.0,0.0,648.0,185.0,1.0,564.0,181.0,0.0,560.0,182.0,0.0,550.0,179.0,132.0,133.0,130.0,128.0,351.0,
2017-12-22 06:00:00,1.0,563.0,176.0,0.0,609.0,175.0,0.0,638.0,174.0,0.0,650.0,184.0,1.0,563.0,179.0,0.0,559.0,180.0,0.0,551.0,176.0,129.0,129.0,127.0,127.0,457.0,
2017-12-22 07:00:00,14.0,642.0,176.0,0.0,609.0,173.0,0.0,639.0,173.0,0.0,653.0,182.0,1.0,569.0,178.0,0.0,565.0,178.0,0.0,557.0,174.0,189.0,143.0,114.0,172.0,425.0,3920.0
2017-12-22 08:00:00,14.0,825.0,189.0,2.0,647.0,179.0,16.0,667.0,178.0,0.0,646.0,186.0,2.0,652.0,181.0,3.0,642.0,187.0,4.0,550.0,198.0,532.0,458.0,103.0,184.0,1412.0,8287.0
2017-12-22 09:00:00,10.0,798.0,194.0,5.0,633.0,186.0,22.0,640.0,183.0,0.0,625.0,192.0,4.0,633.0,186.0,6.0,608.0,195.0,10.0,512.0,216.0,511.0,460.0,127.0,154.0,717.0,5711.0
2017-12-22 10:00:00,18.0,673.0,196.0,8.0,627.0,189.0,19.0,617.0,187.0,3.0,619.0,196.0,4.0,635.0,188.0,6.0,590.0,198.0,14.0,500.0,221.0,516.0,446.0,127.0,202.0,1047.0,6943.0
2017-12-22 11:00:00,16.0,677.0,198.0,9.0,626.0,189.0,7.0,620.0,188.0,4.0,613.0,197.0,3.0,622.0,189.0,6.0,593.0,198.0,14.0,506.0,223.0,462.0,421.0,127.0,156.0,484.0,4592.0
2017-12-22 12:00:00,35.0,659.0,198.0,15.0,637.0,188.0,19.0,626.0,188.0,6.0,610.0,197.0,8.0,640.0,189.0,14.0,621.0,198.0,20.0,518.0,217.0,427.0,334.0,105.0,249.0,1344.0,1343.0
2017-12-22 13:00:00,9.0,606.0,193.0,2.0,628.0,185.0,15.0,619.0,186.0,1.0,597.0,193.0,2.0,629.0,187.0,1.0,612.0,194.0,7.0,540.0,200.0,436.0,252.0,109.0,216.0,307.0,
2017-12-22 14:00:00,7.0,618.0,187.0,0.0,630.0,182.0,,,,0.0,601.0,189.0,2.0,634.0,184.0,1.0,633.0,189.0,13.0,565.0,188.0,204.0,180.0,133.0,147.0,199.0,
2017-12-22 15:00:00,2.0,610.0,184.0,0.0,634.0,180.0,,,,0.0,602.0,187.0,1.0,625.0,182.0,0.0,620.0,186.0,5.0,573.0,184.0,169.0,159.0,135.0,137.0,214.0,
2017-12-22 16:00:00,1.0,604.0,181.0,0.0,636.0,179.0,,,,0.0,600.0,185.0,0.0,612.0,180.0,0.0,607.0,183.0,0.0,580.0,180.0,146.0,143.0,132.0,132.0,222.0,
2017-12-22 17:00:00,1.0,603.0,179.0,0.0,637.0,177.0,,,,0.0,600.0,182.0,0.0,609.0,179.0,0.0,604.0,181.0,0.0,585.0,176.0,134.0,134.0,130.0,129.0,199.0,
2017-12-22 18:00:00,1.0,605.0,177.0,0.0,638.0,175.0,,,,0.0,601.0,180.0,0.0,608.0,177.0,0.0,603.0,179.0,0.0,589.0,174.0,130.0,130.0,127.0,127.0,234.0,
2017-12-22 19:00:00,0.0,608.0,175.0,0.0,639.0,174.0,,,,0.0,602.0,179.0,0.0,609.0,176.0,0.0,604.0,177.0,0.0,594.0,171.0,125.0,125.0,125.0,125.0,236.0,
2017-12-22 20:00:00,1.0,612.0,173.0,0.0,642.0,173.0,,,,0.0,603.0,177.0,1.0,610.0,174.0,0.0,605.0,176.0,0.0,599.0,169.0,125.0,124.0,125.0,125.0,203.0,
2017-12-22 21:00:00,1.0,615.0,172.0,0.0,644.0,172.0,,,,0.0,605.0,176.0,1.0,611.0,173.0,0.0,607.0,175.0,0.0,605.0,167.0,121.0,122.0,125.0,124.0,288.0,
2017-12-22 22:00:00,1.0,620.0,170.0,0.0,646.0,170.0,,,,0.0,607.0,174.0,0.0,615.0,172.0,0.0,610.0,173.0,0.0,610.0,165.0,120.0,120.0,123.0,123.0,246.0,
2017-12-22 23:00:00,1.0,626.0,169.0,0.0,647.0,169.0,,,,0.0,610.0,172.0,0.0,618.0,171.0,0.0,613.0,172.0,2.0,614.0,163.0,120.0,120.0,120.0,123.0,207.0,
2017-12-23 00:00:00,0.0,629.0,168.0,0.0,649.0,168.0,,,,0.0,612.0,171.0,0.0,620.0,170.0,0.0,615.0,171.0,0.0,619.0,162.0,120.0,118.0,120.0,123.0,248.0,
2017-12-23 01:00:00,1.0,632.0,167.0,0.0,650.0,168.0,,,,0.0,613.0,171.0,0.0,621.0,169.0,0.0,617.0,170.0,6.0,622.0,161.0,120.0,118.0,120.0,122.0,230.0,
2017-12-23 03:00:00,1.0,639.0,164.0,0.0,653.0,165.0,,,,0.0,617.0,167.0,0.0,625.0,166.0,0.0,621.0,168.0,0.0,632.0,158.0,118.0,118.0,120.0,120.0,352.0,
2017-12-23 04:00:00,1.0,640.0,163.0,0.0,653.0,165.0,,,,0.0,618.0,167.0,1.0,625.0,166.0,0.0,621.0,167.0,0.0,632.0,157.0,116.0,118.0,120.0,120.0,182.0,
2017-12-23 06:00:00,1.0,651.0,161.0,0.0,657.0,162.0,,,,0.0,625.0,164.0,1.0,633.0,163.0,0.0,629.0,165.0,0.0,643.0,155.0,115.0,118.0,120.0,120.0,259.0,
2017-12-23 07:00:00,0.0,651.0,160.0,0.0,657.0,162.0,,,,0.0,626.0,164.0,0.0,633.0,163.0,0.0,630.0,165.0,0.0,644.0,154.0,115.0,117.0,120.0,120.0,175.0,
2017-12-23 09:00:00,11.0,656.0,158.0,0.0,657.0,160.0,,,,1.0,631.0,161.0,2.0,636.0,161.0,1.0,633.0,162.0,13.0,652.0,152.0,115.0,117.0,120.0,120.0,291.0,
2017-12-23 10:00:00,10.0,657.0,158.0,0.0,658.0,160.0,,,,1.0,631.0,161.0,2.0,637.0,161.0,1.0,634.0,162.0,11.0,653.0,152.0,115.0,116.0,120.0,120.0,230.0,
2017-12-23 12:00:00,36.0,665.0,157.0,0.0,660.0,159.0,,,,9.0,639.0,159.0,8.0,643.0,159.0,12.0,640.0,161.0,45.0,663.0,151.0,115.0,115.0,120.0,120.0,291.0,
2017-12-23 13:00:00,24.0,667.0,156.0,0.0,661.0,158.0,,,,8.0,640.0,159.0,7.0,645.0,159.0,11.0,643.0,160.0,33.0,665.0,151.0,115.0,115.0,120.0,120.0,235.0,
2017-12-23 14:00:00,12.0,668.0,156.0,0.0,663.0,158.0,,,,4.0,642.0,158.0,4.0,646.0,158.0,5.0,642.0,160.0,22.0,667.0,150.0,115.0,115.0,120.0,120.0,243.0,
2017-12-23 15:00:00,3.0,670.0,155.0,0.0,664.0,157.0,,,,0.0,643.0,158.0,1.0,647.0,158.0,0.0,644.0,159.0,8.0,670.0,150.0,115.0,115.0,120.0,120.0,231.0,
2017-12-23 16:00:00,0.0,672.0,155.0,0.0,664.0,157.0,,,,0.0,643.0,157.0,1.0,648.0,157.0,0.0,646.0,159.0,0.0,671.0,149.0,115.0,115.0,120.0,120.0,264.0,
2017-12-23 17:00:00,1.0,676.0,154.0,0.0,664.0,156.0,,,,0.0,645.0,156.0,0.0,651.0,157.0,0.0,649.0,158.0,0.0,673.0,149.0,115.0,115.0,120.0,120.0,224.0,
2017-12-23 18:00:00,1.0,678.0,153.0,0.0,665.0,156.0,,,,0.0,648.0,156.0,0.0,653.0,156.0,0.0,650.0,157.0,0.0,676.0,148.0,115.0,115.0,120.0,120.0,217.0,
2017-12-23 19:00:00,1.0,680.0,153.0,0.0,666.0,155.0,,,,0.0,650.0,155.0,0.0,655.0,156.0,0.0,653.0,157.0,0.0,678.0,148.0,115.0,115.0,120.0,120.0,273.0,
2017-12-23 20:00:00,1.0,683.0,153.0,0.0,666.0,155.0,,,,0.0,652.0,155.0,0.0,658.0,155.0,0.0,656.0,157.0,0.0,680.0,147.0,115.0,115.0,119.0,120.0,213.0,
2017-12-23 21:00:00,1.0,683.0,152.0,0.0,667.0,154.0,,,,0.0,653.0,154.0,0.0,658.0,155.0,0.0,656.0,156.0,0.0,681.0,147.0,115.0,115.0,118.0,119.0,243.0,
2017-12-23 22:00:00,1.0,684.0,152.0,0.0,667.0,154.0,,,,0.0,654.0,154.0,0.0,659.0,154.0,0.0,657.0,155.0,0.0,681.0,147.0,115.0,115.0,117.0,119.0,228.0,
2017-12-23 23:00:00,1.0,687.0,151.0,0.0,667.0,154.0,,,,0.0,655.0,153.0,0.0,660.0,154.0,0.0,659.0,155.0,2.0,682.0,146.0,115.0,115.0,116.0,119.0,243.0,
2017-12-24 00:00:00,1.0,689.0,151.0,0.0,668.0,153.0,,,,0.0,657.0,153.0,0.0,662.0,153.0,0.0,661.0,155.0,0.0,684.0,146.0,115.0,115.0,115.0,119.0,216.0,
2017-12-24 01:00:00,1.0,691.0,151.0,0.0,669.0,153.0,,,,0.0,659.0,152.0,0.0,664.0,153.0,0.0,662.0,154.0,6.0,686.0,146.0,115.0,115.0,116.0,119.0,247.0,
2017-12-24 02:00:00,1.0,693.0,150.0,0.0,670.0,153.0,,,,0.0,662.0,152.0,0.0,666.0,153.0,0.0,665.0,154.0,6.0,688.0,145.0,115.0,115.0,117.0,119.0,267.0,
2017-12-24 03:00:00,1.0,698.0,150.0,0.0,671.0,152.0,,,,0.0,665.0,152.0,0.0,670.0,153.0,0.0,668.0,154.0,0.0,691.0,145.0,115.0,117.0,119.0,120.0,245.0,
2017-12-24 04:00:00,1.0,701.0,150.0,0.0,672.0,152.0,,,,0.0,667.0,151.0,0.0,672.0,152.0,0.0,671.0,153.0,0.0,695.0,145.0,115.0,117.0,119.0,120.0,222.0,
2017-12-24 05:00:00,1.0,702.0,150.0,0.0,673.0,152.0,,,,0.0,670.0,151.0,0.0,674.0,152.0,0.0,672.0,153.0,0.0,698.0,145.0,115.0,116.0,120.0,120.0,240.0,
2017-12-24 06:00:00,1.0,700.0,149.0,0.0,673.0,152.0,,,,0.0,670.0,151.0,0.0,672.0,152.0,0.0,672.0,153.0,0.0,699.0,145.0,115.0,115.0,120.0,120.0,245.0,
2017-12-24 07:00:00,1.0,694.0,149.0,0.0,672.0,151.0,,,,0.0,668.0,150.0,0.0,669.0,151.0,0.0,668.0,152.0,0.0,699.0,144.0,115.0,115.0,120.0,120.0,221.0,
2017-12-24 08:00:00,1.0,688.0,148.0,0.0,671.0,151.0,,,,0.0,664.0,150.0,0.0,664.0,151.0,0.0,663.0,152.0,5.0,698.0,144.0,115.0,115.0,119.0,120.0,299.0,
2017-12-24 09:00:00,5.0,687.0,148.0,0.0,669.0,151.0,,,,0.0,663.0,149.0,1.0,663.0,150.0,0.0,663.0,151.0,6.0,696.0,144.0,115.0,115.0,116.0,119.0,254.0,
2017-12-24 10:00:00,13.0,687.0,148.0,0.0,669.0,150.0,,,,1.0,662.0,149.0,3.0,662.0,150.0,3.0,662.0,151.0,16.0,696.0,144.0,115.0,115.0,115.0,119.0,239.0,
2017-12-24 11:00:00,15.0,688.0,148.0,0.0,668.0,150.0,,,,2.0,662.0,149.0,3.0,662.0,150.0,3.0,662.0,151.0,18.0,696.0,144.0,115.0,115.0,115.0,118.0,224.0,
2017-12-24 12:00:00,14.0,690.0,147.0,0.0,669.0,150.0,,,,2.0,664.0,148.0,3.0,663.0,150.0,3.0,663.0,150.0,17.0,697.0,143.0,115.0,115.0,115.0,118.0,250.0,
2017-12-24 13:00:00,16.0,691.0,147.0,0.0,669.0,150.0,,,,3.0,666.0,148.0,4.0,665.0,149.0,5.0,665.0,150.0,20.0,698.0,143.0,115.0,115.0,115.0,118.0,266.0,
2017-12-24 14:00:00,8.0,692.0,147.0,0.0,669.0,150.0,,,,1.0,667.0,148.0,2.0,666.0,149.0,1.0,667.0,150.0,14.0,699.0,143.0,115.0,115.0,115.0,118.0,254.0,
2017-12-24 15:00:00,2.0,693.0,147.0,0.0,670.0,149.0,,,,0.0,668.0,147.0,0.0,667.0,149.0,0.0,668.0,149.0,4.0,700.0,143.0,115.0,115.0,115.0,118.0,239.0,
2017-12-24 16:00:00,0.0,695.0,146.0,0.0,671.0,149.0,,,,0.0,669.0,147.0,0.0,669.0,149.0,0.0,670.0,149.0,0.0,700.0,142.0,115.0,115.0,115.0,118.0,273.0,
2017-12-24 17:00:00,1.0,697.0,146.0,0.0,671.0,149.0,,,,0.0,670.0,147.0,0.0,670.0,148.0,0.0,672.0,149.0,0.0,701.0,142.0,115.0,115.0,115.0,118.0,236.0,
2017-12-24 18:00:00,1.0,697.0,146.0,0.0,672.0,148.0,,,,0.0,671.0,146.0,0.0,669.0,148.0,0.0,671.0,149.0,0.0,701.0,142.0,115.0,115.0,115.0,118.0,263.0,
2017-12-24 19:00:00,0.0,698.0,146.0,0.0,672.0,148.0,,,,0.0,672.0,146.0,0.0,670.0,148.0,0.0,673.0,148.0,0.0,701.0,141.0,115.0,115.0,115.0,118.0,231.0,
2017-12-24 20:00:00,1.0,698.0,145.0,0.0,673.0,148.0,,,,0.0,673.0,146.0,0.0,670.0,148.0,0.0,674.0,148.0,0.0,702.0,141.0,115.0,115.0,115.0,118.0,278.0,
2017-12-24 21:00:00,1.0,701.0,145.0,0.0,673.0,148.0,,,,0.0,674.0,145.0,1.0,672.0,147.0,0.0,675.0,148.0,0.0,702.0,141.0,115.0,115.0,115.0,118.0,234.0,
2017-12-24 22:00:00,1.0,699.0,145.0,0.0,674.0,148.0,,,,0.0,675.0,145.0,0.0,672.0,147.0,0.0,675.0,147.0,0.0,702.0,141.0,115.0,116.0,115.0,118.0,235.0,
2017-12-24 23:00:00,1.0,698.0,145.0,0.0,674.0,147.0,,,,0.0,675.0,145.0,0.0,672.0,147.0,0.0,675.0,147.0,3.0,702.0,141.0,115.0,116.0,115.0,118.0,284.0,
2017-12-25 00:00:00,1.0,700.0,145.0,0.0,674.0,147.0,,,,0.0,676.0,145.0,0.0,672.0,147.0,0.0,676.0,147.0,0.0,702.0,140.0,115.0,115.0,115.0,118.0,231.0,
2017-12-25 01:00:00,1.0,700.0,144.0,0.0,674.0,147.0,,,,0.0,676.0,145.0,1.0,672.0,147.0,0.0,676.0,147.0,5.0,703.0,140.0,115.0,115.0,115.0,118.0,255.0,
2017-12-25 03:00:00,1.0,700.0,144.0,0.0,675.0,146.0,,,,0.0,678.0,144.0,0.0,673.0,146.0,0.0,676.0,146.0,0.0,704.0,140.0,115.0,115.0,115.0,118.0,285.0,
2017-12-25 04:00:00,1.0,701.0,144.0,0.0,675.0,146.0,,,,0.0,678.0,144.0,1.0,673.0,146.0,0.0,677.0,146.0,0.0,704.0,140.0,115.0,115.0,115.0,118.0,312.0,
2017-12-25 06:00:00,1.0,695.0,143.0,0.0,673.0,146.0,,,,0.0,676.0,143.0,0.0,669.0,145.0,0.0,674.0,145.0,0.0,702.0,139.0,115.0,114.0,115.0,118.0,269.0,
2017-12-25 07:00:00,1.0,695.0,143.0,0.0,673.0,146.0,,,,0.0,676.0,143.0,1.0,669.0,145.0,0.0,674.0,145.0,0.0,702.0,139.0,115.0,114.0,115.0,118.0,246.0,
2017-12-25 09:00:00,2.0,692.0,142.0,0.0,670.0,145.0,,,,0.0,674.0,143.0,1.0,667.0,144.0,0.0,672.0,144.0,1.0,697.0,138.0,115.0,113.0,115.0,118.0,261.0,
2017-12-25 10:00:00,4.0,692.0,142.0,0.0,670.0,145.0,,,,0.0,674.0,143.0,1.0,667.0,144.0,0.0,672.0,144.0,2.0,697.0,138.0,115.0,113.0,115.0,118.0,248.0,
2017-12-25 12:00:00,4.0,686.0,141.0,0.0,666.0,144.0,,,,0.0,670.0,143.0,1.0,661.0,143.0,0.0,667.0,143.0,2.0,692.0,136.0,114.0,113.0,115.0,115.0,217.0,
2017-12-25 13:00:00,5.0,686.0,141.0,0.0,666.0,144.0,,,,0.0,670.0,143.0,1.0,661.0,143.0,0.0,667.0,143.0,3.0,692.0,136.0,115.0,113.0,115.0,115.0,380.0,
2017-12-25 15:00:00,1.0,680.0,139.0,0.0,662.0,142.0,,,,0.0,666.0,141.0,0.0,656.0,142.0,0.0,662.0,142.0,4.0,686.0,135.0,110.0,111.0,115.0,115.0,279.0,
2017-12-25 18:00:00,1.0,667.0,138.0,0.0,655.0,142.0,,,,0.0,660.0,139.0,0.0,643.0,141.0,0.0,650.0,141.0,0.0,674.0,133.0,110.0,113.0,110.0,113.0,288.0,
2017-12-25 20:00:00,1.0,658.0,136.0,0.0,650.0,140.0,,,,0.0,653.0,138.0,1.0,635.0,139.0,0.0,641.0,139.0,0.0,666.0,131.0,110.0,110.0,110.0,113.0,425.0,
2017-12-25 21:00:00,1.0,658.0,136.0,0.0,650.0,140.0,,,,0.0,652.0,138.0,1.0,636.0,139.0,0.0,642.0,139.0,0.0,666.0,131.0,110.0,109.0,110.0,113.0,297.0,
2017-12-25 23:00:00,1.0,652.0,134.0,0.0,648.0,138.0,,,,0.0,647.0,136.0,0.0,630.0,137.0,0.0,636.0,138.0,6.0,663.0,128.0,108.0,108.0,110.0,110.0,277.0,
2017-12-26 00:00:00,1.0,652.0,134.0,0.0,646.0,138.0,,,,0.0,645.0,135.0,0.0,629.0,137.0,0.0,636.0,137.0,0.0,660.0,128.0,105.0,108.0,110.0,110.0,310.0,
2017-12-26 01:00:00,1.0,652.0,133.0,0.0,645.0,137.0,,,,0.0,644.0,135.0,0.0,629.0,136.0,0.0,636.0,137.0,6.0,658.0,127.0,105.0,106.0,110.0,110.0,292.0,
2017-12-26 02:00:00,1.0,650.0,132.0,0.0,644.0,136.0,,,,0.0,642.0,134.0,0.0,627.0,135.0,0.0,633.0,136.0,6.0,657.0,126.0,105.0,105.0,108.0,109.0,260.0,
2017-12-26 03:00:00,1.0,649.0,131.0,0.0,643.0,136.0,,,,0.0,640.0,133.0,0.0,625.0,135.0,0.0,632.0,135.0,0.0,655.0,125.0,105.0,105.0,105.0,108.0,261.0,
2017-12-26 04:00:00,1.0,646.0,131.0,0.0,642.0,135.0,,,,0.0,639.0,133.0,0.0,623.0,134.0,0.0,629.0,134.0,0.0,654.0,124.0,105.0,105.0,105.0,108.0,249.0,
2017-12-26 05:00:00,1.0,643.0,130.0,0.0,641.0,134.0,,,,0.0,637.0,132.0,0.0,620.0,133.0,0.0,626.0,134.0,0.0,653.0,123.0,105.0,104.0,105.0,108.0,235.0,
2017-12-26 06:00:00,1.0,644.0,129.0,0.0,640.0,134.0,,,,0.0,636.0,131.0,0.0,621.0,133.0,0.0,627.0,133.0,0.0,653.0,122.0,105.0,103.0,105.0,108.0,256.0,
2017-12-26 07:00:00,0.0,642.0,129.0,0.0,640.0,133.0,,,,0.0,635.0,130.0,0.0,619.0,132.0,0.0,625.0,132.0,0.0,653.0,121.0,102.0,103.0,105.0,106.0,228.0,
2017-12-26 08:00:00,1.0,643.0,128.0,0.0,639.0,132.0,,,,0.0,634.0,130.0,0.0,620.0,131.0,0.0,627.0,131.0,4.0,653.0,120.0,100.0,103.0,105.0,105.0,303.0,
2017-12-26 09:00:00,9.0,642.0,127.0,0.0,639.0,131.0,,,,1.0,632.0,129.0,2.0,619.0,131.0,1.0,625.0,131.0,11.0,654.0,120.0,100.0,100.0,105.0,105.0,262.0,
2017-12-26 10:00:00,16.0,639.0,126.0,0.0,636.0,131.0,,,,3.0,630.0,128.0,4.0,617.0,130.0,4.0,622.0,130.0,22.0,653.0,119.0,100.0,100.0,103.0,104.0,247.0,
2017-12-26 11:00:00,33.0,638.0,126.0,0.0,634.0,130.0,,,,6.0,629.0,128.0,6.0,617.0,129.0,7.0,622.0,129.0,43.0,653.0,118.0,100.0,100.0,100.0,103.0,282.0,
2017-12-26 12:00:00,43.0,638.0,125.0,0.0,633.0,130.0,,,,9.0,629.0,127.0,7.0,616.0,129.0,11.0,621.0,129.0,50.0,653.0,118.0,99.0,99.0,100.0,103.0,244.0,
2017-12-26 13:00:00,36.0,637.0,125.0,0.0,635.0,129.0,,,,10.0,631.0,127.0,7.0,615.0,128.0,13.0,621.0,128.0,45.0,653.0,117.0,95.0,102.0,100.0,103.0,259.0,
2017-12-26 14:00:00,16.0,638.0,124.0,0.0,636.0,128.0,,,,2.0,630.0,126.0,4.0,616.0,128.0,4.0,622.0,128.0,22.0,653.0,116.0,95.0,99.0,100.0,103.0,287.0,
2017-12-26 15:00:00,4.0,637.0,123.0,0.0,635.0,128.0,,,,0.0,629.0,125.0,1.0,615.0,127.0,0.0,621.0,127.0,9.0,652.0,115.0,95.0,98.0,100.0,102.0,279.0,
2017-12-26 16:00:00,1.0,638.0,122.0,0.0,635.0,127.0,,,,0.0,627.0,125.0,0.0,616.0,126.0,0.0,622.0,126.0,0.0,651.0,114.0,95.0,98.0,100.0,100.0,259.0,
2017-12-26 17:00:00,1.0,635.0,122.0,0.0,634.0,126.0,,,,0.0,626.0,124.0,0.0,612.0,125.0,0.0,617.0,125.0,0.0,650.0,113.0,95.0,95.0,100.0,100.0,238.0,
2017-12-26 18:00:00,1.0,634.0,121.0,0.0,634.0,126.0,,,,0.0,624.0,123.0,0.0,611.0,124.0,0.0,617.0,125.0,0.0,648.0,112.0,95.0,95.0,99.0,100.0,269.0,
2017-12-26 19:00:00,1.0,634.0,120.0,0.0,632.0,125.0,,,,0.0,624.0,122.0,0.0,611.0,124.0,0.0,616.0,124.0,0.0,647.0,111.0,95.0,95.0,95.0,99.0,255.0,
2017-12-26 20:00:00,0.0,631.0,119.0,0.0,631.0,124.0,,,,0.0,622.0,122.0,0.0,608.0,123.0,0.0,613.0,123.0,0.0,646.0,110.0,95.0,94.0,95.0,98.0,330.0,
2017-12-26 21:00:00,1.0,629.0,119.0,0.0,631.0,123.0,,,,0.0,620.0,121.0,0.0,606.0,123.0,0.0,611.0,123.0,0.0,645.0,109.0,94.0,93.0,95.0,98.0,316.0,
2017-12-26 22:00:00,1.0,627.0,119.0,0.0,630.0,123.0,,,,0.0,620.0,120.0,0.0,605.0,122.0,0.0,610.0,122.0,0.0,644.0,108.0,90.0,93.0,95.0,98.0,310.0,
2017-12-26 23:00:00,1.0,625.0,118.0,0.0,630.0,122.0,,,,0.0,619.0,119.0,0.0,604.0,121.0,0.0,609.0,121.0,3.0,644.0,107.0,90.0,93.0,95.0,96.0,307.0,
2017-12-27 00:00:00,1.0,624.0,118.0,0.0,629.0,121.0,,,,0.0,618.0,119.0,0.0,603.0,121.0,0.0,608.0,121.0,0.0,643.0,106.0,90.0,92.0,95.0,95.0,353.0,
2017-12-27 01:00:00,1.0,625.0,118.0,0.0,629.0,121.0,,,,0.0,618.0,118.0,0.0,605.0,120.0,0.0,611.0,120.0,6.0,642.0,106.0,90.0,90.0,95.0,95.0,423.0,
2017-12-27 04:00:00,1.0,616.0,117.0,0.0,629.0,119.0,,,,0.0,615.0,116.0,0.0,602.0,119.0,0.0,606.0,118.0,0.0,640.0,103.0,90.0,90.0,90.0,93.0,357.0,
2017-12-27 06:00:00,1.0,611.0,116.0,0.0,628.0,117.0,,,,0.0,611.0,114.0,0.0,600.0,117.0,0.0,606.0,117.0,0.0,641.0,101.0,85.0,88.0,90.0,93.0,349.0,
2017-12-27 07:00:00,1.0,609.0,116.0,0.0,627.0,117.0,,,,0.0,611.0,114.0,0.0,598.0,116.0,0.0,604.0,116.0,0.0,640.0,100.0,85.0,88.0,90.0,93.0,373.0,
2017-12-27 09:00:00,12.0,609.0,112.0,0.0,623.0,115.0,,,,1.0,606.0,112.0,3.0,595.0,114.0,2.0,600.0,114.0,13.0,639.0,98.0,85.0,88.0,90.0,90.0,298.0,
2017-12-27 10:00:00,14.0,609.0,112.0,0.0,622.0,115.0,,,,2.0,606.0,112.0,4.0,594.0,114.0,3.0,599.0,114.0,16.0,639.0,98.0,85.0,88.0,90.0,90.0,305.0,
2017-12-27 12:00:00,40.0,611.0,111.0,0.0,624.0,114.0,,,,10.0,608.0,110.0,8.0,596.0,113.0,11.0,602.0,112.0,47.0,646.0,97.0,85.0,85.0,85.0,88.0,359.0,
2017-12-27 13:00:00,39.0,611.0,111.0,0.0,625.0,114.0,,,,12.0,608.0,110.0,8.0,596.0,113.0,12.0,602.0,112.0,49.0,646.0,97.0,85.0,85.0,85.0,88.0,382.0,
2017-12-27 15:00:00,2.0,611.0,111.0,0.0,629.0,112.0,,,,0.0,608.0,109.0,1.0,598.0,112.0,0.0,606.0,111.0,1.0,651.0,95.0,80.0,83.0,85.0,88.0,362.0,
2017-12-27 18:00:00,1.0,608.0,111.0,0.0,626.0,111.0,,,,0.0,608.0,108.0,1.0,598.0,110.0,0.0,605.0,111.0,0.0,649.0,94.0,90.0,90.0,85.0,88.0,363.0,
2017-12-27 20:00:00,1.0,605.0,111.0,0.0,623.0,110.0,,,,0.0,608.0,108.0,1.0,597.0,110.0,0.0,599.0,112.0,0.0,647.0,96.0,130.0,128.0,90.0,90.0,188.0,
2017-12-27 21:00:00,1.0,603.0,111.0,0.0,622.0,110.0,,,,0.0,607.0,108.0,1.0,597.0,110.0,0.0,597.0,112.0,0.0,646.0,95.0,162.0,134.0,89.0,89.0,320.0,896.0
2017-12-27 23:00:00,1.0,601.0,112.0,0.0,625.0,110.0,,,,0.0,604.0,108.0,1.0,597.0,110.0,0.0,592.0,113.0,5.0,647.0,96.0,148.0,131.0,90.0,90.0,362.0,
2017-12-28 01:00:00,1.0,599.0,112.0,0.0,626.0,109.0,,,,0.0,603.0,107.0,1.0,599.0,110.0,0.0,593.0,113.0,6.0,647.0,96.0,116.0,116.0,90.0,90.0,378.0,
2017-12-28 02:00:00,1.0,598.0,112.0,0.0,625.0,109.0,,,,0.0,601.0,107.0,1.0,598.0,109.0,0.0,593.0,112.0,5.0,647.0,95.0,102.0,104.0,85.0,88.0,416.0,
2017-12-28 03:00:00,1.0,598.0,111.0,0.0,626.0,109.0,,,,0.0,601.0,107.0,1.0,598.0,109.0,0.0,594.0,111.0,0.0,649.0,94.0,110.0,104.0,85.0,88.0,380.0,896.0
2017-12-28 04:00:00,1.0,598.0,112.0,0.0,626.0,108.0,,,,0.0,604.0,107.0,1.0,599.0,109.0,0.0,596.0,111.0,0.0,648.0,95.0,152.0,132.0,86.0,88.0,379.0,1680.0
2017-12-28 05:00:00,1.0,597.0,113.0,0.0,627.0,108.0,,,,0.0,605.0,107.0,1.0,600.0,109.0,0.0,594.0,112.0,0.0,647.0,96.0,140.0,132.0,90.0,89.0,393.0,1008.0
2017-12-28 06:00:00,1.0,595.0,113.0,0.0,627.0,108.0,,,,0.0,604.0,107.0,1.0,600.0,109.0,0.0,594.0,112.0,0.0,647.0,96.0,135.0,127.0,90.0,89.0,366.0,560.0
2017-12-28 07:00:00,1.0,592.0,113.0,0.0,626.0,108.0,,,,0.0,604.0,107.0,1.0,598.0,109.0,0.0,592.0,112.0,0.0,646.0,96.0,209.0,132.0,90.0,90.0,324.0,1232.0
2017-12-28 08:00:00,2.0,592.0,113.0,0.0,624.0,108.0,,,,0.0,604.0,107.0,1.0,596.0,109.0,0.0,589.0,113.0,5.0,644.0,97.0,165.0,151.0,90.0,93.0,344.0,1008.0
2017-12-28 09:00:00,11.0,592.0,113.0,0.0,624.0,108.0,,,,1.0,602.0,108.0,3.0,596.0,110.0,2.0,586.0,114.0,12.0,643.0,98.0,158.0,150.0,90.0,93.0,313.0,336.0
2017-12-28 10:00:00,16.0,592.0,113.0,0.0,623.0,108.0,,,,2.0,602.0,108.0,4.0,595.0,110.0,3.0,586.0,113.0,20.0,644.0,97.0,203.0,131.0,90.0,91.0,315.0,784.0
2017-12-28 11:00:00,30.0,596.0,112.0,0.0,625.0,108.0,,,,4.0,603.0,107.0,6.0,598.0,109.0,6.0,590.0,113.0,36.0,647.0,97.0,202.0,134.0,90.0,93.0,387.0,896.0
2017-12-28 12:00:00,43.0,599.0,113.0,0.0,628.0,108.0,,,,8.0,604.0,107.0,8.0,602.0,109.0,11.0,594.0,112.0,49.0,648.0,97.0,114.0,114.0,90.0,91.0,360.0,
2017-12-28 13:00:00,34.0,600.0,112.0,0.0,629.0,108.0,,,,11.0,604.0,107.0,8.0,603.0,109.0,13.0,598.0,111.0,42.0,650.0,95.0,97.0,99.0,86.0,88.0,366.0,
2017-12-28 14:00:00,17.0,602.0,111.0,0.0,629.0,108.0,,,,3.0,605.0,106.0,5.0,602.0,109.0,4.0,601.0,110.0,23.0,651.0,94.0,88.0,90.0,85.0,86.0,408.0,
2017-12-28 15:00:00,4.0,603.0,111.0,0.0,629.0,107.0,,,,0.0,606.0,106.0,2.0,603.0,108.0,0.0,602.0,110.0,8.0,651.0,94.0,241.0,106.0,85.0,87.0,369.0,895.0
2017-12-28 16:00:00,1.0,602.0,111.0,0.0,628.0,107.0,,,,0.0,607.0,106.0,1.0,603.0,108.0,0.0,602.0,110.0,0.0,649.0,94.0,266.0,126.0,89.0,90.0,374.0,1904.0
2017-12-28 17:00:00,1.0,600.0,112.0,0.0,628.0,107.0,,,,0.0,609.0,106.0,1.0,604.0,108.0,0.0,601.0,110.0,0.0,648.0,95.0,139.0,130.0,90.0,91.0,385.0,784.0
2017-12-28 18:00:00,1.0,598.0,113.0,0.0,628.0,107.0,,,,0.0,609.0,106.0,1.0,603.0,109.0,0.0,599.0,111.0,0.0,647.0,95.0,138.0,129.0,90.0,90.0,363.0,1008.0
2017-12-28 19:00:00,1.0,596.0,113.0,0.0,627.0,107.0,,,,0.0,609.0,107.0,1.0,603.0,108.0,0.0,597.0,112.0,0.0,646.0,96.0,225.0,132.0,90.0,90.0,248.0,336.0
2017-12-28 20:00:00,1.0,596.0,113.0,0.0,624.0,107.0,,,,0.0,608.0,107.0,1.0,601.0,108.0,0.0,593.0,112.0,0.0,644.0,96.0,161.0,149.0,91.0,93.0,348.0,1008.0
2017-12-28 21:00:00,1.0,596.0,113.0,0.0,623.0,107.0,,,,0.0,606.0,107.0,1.0,601.0,109.0,0.0,590.0,113.0,0.0,642.0,97.0,177.0,149.0,90.0,93.0,321.0,1344.0
2017-12-28 22:00:00,1.0,596.0,113.0,0.0,623.0,107.0,,,,0.0,605.0,108.0,1.0,600.0,109.0,0.0,589.0,114.0,0.0,641.0,97.0,327.0,154.0,95.0,94.0,311.0,224.0
2017-12-28 23:00:00,1.0,596.0,113.0,0.0,623.0,107.0,,,,0.0,605.0,107.0,1.0,600.0,109.0,0.0,589.0,114.0,2.0,640.0,97.0,314.0,148.0,95.0,96.0,353.0,1680.0
2017-12-29 00:00:00,1.0,596.0,113.0,0.0,622.0,107.0,,,,0.0,605.0,107.0,1.0,599.0,109.0,0.0,589.0,114.0,0.0,637.0,97.0,316.0,147.0,99.0,98.0,368.0,112.0
2017-12-29 01:00:00,1.0,593.0,113.0,0.0,621.0,107.0,,,,0.0,605.0,107.0,1.0,596.0,109.0,0.0,587.0,114.0,6.0,635.0,97.0,325.0,149.0,99.0,98.0,392.0,1231.0
2017-12-29 03:00:00,1.0,586.0,114.0,0.0,617.0,107.0,,,,0.0,602.0,107.0,1.0,592.0,109.0,0.0,582.0,114.0,0.0,628.0,97.0,136.0,134.0,95.0,95.0,408.0,
2017-12-29 04:00:00,1.0,585.0,113.0,0.0,617.0,107.0,,,,0.0,602.0,107.0,1.0,590.0,109.0,0.0,582.0,114.0,0.0,627.0,97.0,130.0,129.0,95.0,95.0,403.0,
2017-12-29 06:00:00,1.0,586.0,113.0,0.0,612.0,107.0,,,,0.0,599.0,107.0,1.0,589.0,109.0,0.0,583.0,113.0,0.0,625.0,96.0,332.0,156.0,99.0,97.0,354.0,671.0
2017-12-29 07:00:00,1.0,585.0,114.0,0.0,615.0,107.0,,,,0.0,599.0,107.0,1.0,590.0,109.0,0.0,583.0,113.0,0.0,624.0,97.0,300.0,155.0,100.0,98.0,397.0,
2017-12-29 09:00:00,3.0,591.0,113.0,0.0,608.0,107.0,,,,0.0,600.0,107.0,1.0,593.0,109.0,0.0,583.0,114.0,2.0,624.0,97.0,184.0,161.0,100.0,98.0,289.0,336.0
2017-12-29 10:00:00,3.0,592.0,113.0,0.0,605.0,107.0,,,,0.0,599.0,108.0,1.0,592.0,109.0,0.0,583.0,115.0,3.0,624.0,98.0,155.0,153.0,100.0,98.0,328.0,
2017-12-29 12:00:00,31.0,590.0,112.0,0.0,613.0,106.0,,,,10.0,602.0,107.0,8.0,593.0,108.0,13.0,587.0,112.0,50.0,628.0,95.0,158.0,123.0,95.0,93.0,371.0,
2017-12-29 15:00:00,3.0,612.0,116.0,0.0,617.0,111.0,0.0,617.0,116.0,0.0,616.0,113.0,2.0,606.0,112.0,1.0,584.0,123.0,5.0,640.0,105.0,589.0,469.0,98.0,132.0,1010.0,4928.0
2017-12-29 16:00:00,1.0,599.0,129.0,0.0,601.0,125.0,0.0,622.0,123.0,0.0,597.0,128.0,4.0,595.0,124.0,8.0,537.0,148.0,0.0,609.0,124.0,,,113.0,150.0,977.0,8624.0
2017-12-29 17:00:00,2.0,579.0,138.0,0.0,592.0,134.0,5.0,610.0,132.0,0.0,598.0,136.0,4.0,606.0,131.0,8.0,527.0,164.0,4.0,589.0,136.0,559.0,489.0,107.0,124.0,3636.0,6159.0
2017-12-29 18:00:00,19.0,1008.0,165.0,0.0,592.0,139.0,19.0,625.0,136.0,0.0,607.0,143.0,2.0,656.0,138.0,3.0,520.0,179.0,4.0,594.0,144.0,542.0,450.0,88.0,321.0,914.0,12988.0
2017-12-29 19:00:00,1.0,839.0,160.0,1.0,589.0,148.0,4.0,637.0,141.0,0.0,628.0,153.0,1.0,665.0,142.0,0.0,518.0,177.0,4.0,595.0,154.0,537.0,495.0,118.0,209.0,673.0,9177.0
2017-12-29 20:00:00,1.0,663.0,162.0,0.0,584.0,154.0,0.0,628.0,146.0,0.0,606.0,158.0,1.0,630.0,148.0,1.0,544.0,176.0,5.0,590.0,160.0,557.0,493.0,117.0,142.0,2425.0,7502.0
2017-12-29 21:00:00,1.0,614.0,165.0,0.0,582.0,158.0,0.0,630.0,149.0,0.0,592.0,162.0,1.0,616.0,152.0,1.0,537.0,178.0,6.0,585.0,166.0,555.0,492.0,113.0,131.0,930.0,6828.0
2017-12-29 22:00:00,13.0,608.0,166.0,0.0,584.0,157.0,0.0,628.0,151.0,0.0,579.0,162.0,1.0,608.0,152.0,0.0,544.0,172.0,6.0,578.0,167.0,452.0,374.0,109.0,185.0,933.0,6271.0
2017-12-29 23:00:00,1.0,608.0,167.0,0.0,610.0,160.0,0.0,633.0,150.0,0.0,595.0,167.0,1.0,614.0,156.0,0.0,536.0,182.0,6.0,575.0,172.0,563.0,491.0,109.0,186.0,1115.0,8064.0
2017-12-30 00:00:00,0.0,584.0,170.0,0.0,604.0,165.0,0.0,624.0,157.0,0.0,589.0,172.0,1.0,596.0,160.0,0.0,521.0,185.0,6.0,564.0,179.0,556.0,490.0,114.0,189.0,623.0,7614.0
2017-12-30 01:00:00,0.0,570.0,172.0,0.0,595.0,169.0,0.0,623.0,161.0,0.0,584.0,177.0,1.0,585.0,163.0,0.0,514.0,187.0,6.0,551.0,185.0,566.0,496.0,136.0,154.0,602.0,9179.0
2017-12-30 02:00:00,0.0,560.0,175.0,0.0,595.0,172.0,0.0,627.0,164.0,0.0,586.0,180.0,1.0,584.0,167.0,0.0,511.0,190.0,2.0,532.0,189.0,541.0,480.0,140.0,138.0,450.0,7163.0
2017-12-30 03:00:00,1.0,545.0,178.0,0.0,624.0,175.0,0.0,627.0,167.0,0.0,587.0,183.0,1.0,568.0,170.0,0.0,501.0,193.0,0.0,511.0,190.0,529.0,466.0,140.0,135.0,418.0,7951.0
2017-12-30 04:00:00,1.0,533.0,180.0,0.0,632.0,179.0,0.0,625.0,169.0,0.0,589.0,186.0,1.0,557.0,172.0,0.0,498.0,192.0,0.0,502.0,191.0,530.0,472.0,140.0,135.0,432.0,6046.0
2017-12-30 05:00:00,1.0,525.0,182.0,0.0,638.0,181.0,0.0,624.0,170.0,0.0,588.0,189.0,1.0,552.0,173.0,0.0,500.0,191.0,0.0,496.0,193.0,495.0,444.0,140.0,135.0,379.0,5598.0
2017-12-30 06:00:00,1.0,521.0,183.0,0.0,642.0,182.0,0.0,623.0,171.0,0.0,587.0,190.0,0.0,549.0,175.0,0.0,498.0,191.0,0.0,494.0,193.0,481.0,427.0,140.0,135.0,406.0,5823.0
2017-12-30 07:00:00,1.0,517.0,184.0,0.0,644.0,183.0,0.0,623.0,173.0,0.0,585.0,191.0,1.0,545.0,176.0,0.0,494.0,192.0,0.0,491.0,193.0,473.0,413.0,140.0,135.0,271.0,5712.0
2017-12-30 08:00:00,1.0,513.0,185.0,0.0,643.0,183.0,0.0,623.0,173.0,0.0,585.0,192.0,0.0,543.0,177.0,0.0,488.0,195.0,0.0,491.0,193.0,459.0,397.0,140.0,135.0,261.0,5152.0
2017-12-30 09:00:00,26.0,601.0,187.0,1.0,626.0,182.0,3.0,599.0,174.0,0.0,558.0,192.0,2.0,575.0,178.0,2.0,509.0,198.0,1.0,504.0,193.0,426.0,377.0,114.0,174.0,560.0,4704.0
2017-12-30 10:00:00,14.0,639.0,189.0,15.0,607.0,182.0,7.0,607.0,175.0,2.0,574.0,192.0,3.0,618.0,178.0,2.0,555.0,196.0,16.0,532.0,194.0,388.0,352.0,106.0,182.0,1519.0,4256.0
2017-12-30 11:00:00,26.0,577.0,188.0,25.0,609.0,182.0,17.0,594.0,176.0,6.0,559.0,191.0,6.0,590.0,179.0,6.0,525.0,196.0,19.0,526.0,195.0,381.0,351.0,107.0,138.0,1942.0,3360.0
2017-12-30 12:00:00,24.0,545.0,188.0,23.0,624.0,181.0,17.0,585.0,176.0,6.0,541.0,191.0,6.0,578.0,180.0,7.0,524.0,195.0,14.0,510.0,195.0,387.0,346.0,111.0,132.0,688.0,5488.0
2017-12-30 13:00:00,26.0,532.0,188.0,25.0,624.0,180.0,20.0,580.0,177.0,8.0,534.0,191.0,7.0,569.0,180.0,9.0,517.0,196.0,16.0,508.0,195.0,428.0,344.0,125.0,131.0,372.0,5264.0
2017-12-30 14:00:00,13.0,525.0,188.0,12.0,622.0,180.0,8.0,577.0,177.0,3.0,530.0,191.0,4.0,563.0,181.0,3.0,513.0,196.0,8.0,506.0,194.0,448.0,343.0,138.0,134.0,318.0,3359.0
2017-12-30 15:00:00,2.0,521.0,188.0,0.0,619.0,179.0,0.0,577.0,176.0,0.0,526.0,191.0,1.0,561.0,181.0,0.0,513.0,196.0,0.0,505.0,194.0,378.0,338.0,140.0,133.0,308.0,5373.0
2017-12-30 16:00:00,1.0,520.0,188.0,0.0,622.0,179.0,0.0,577.0,176.0,0.0,525.0,191.0,1.0,559.0,182.0,0.0,512.0,196.0,0.0,505.0,194.0,419.0,345.0,140.0,134.0,315.0,4255.0
2017-12-30 17:00:00,8.0,537.0,190.0,0.0,625.0,182.0,0.0,575.0,178.0,0.0,531.0,193.0,1.0,562.0,184.0,1.0,508.0,202.0,4.0,512.0,197.0,536.0,462.0,122.0,180.0,1954.0,10640.0
2017-12-30 18:00:00,48.0,638.0,197.0,0.0,628.0,189.0,0.0,584.0,181.0,0.0,545.0,198.0,4.0,613.0,190.0,3.0,513.0,217.0,5.0,519.0,202.0,517.0,460.0,113.0,228.0,788.0,5712.0
2017-12-30 19:00:00,14.0,592.0,201.0,0.0,634.0,191.0,,,,0.0,548.0,201.0,2.0,597.0,191.0,2.0,528.0,211.0,4.0,528.0,205.0,519.0,458.0,139.0,216.0,574.0,7056.0
2017-12-30 20:00:00,4.0,550.0,203.0,0.0,620.0,191.0,0.0,597.0,189.0,0.0,543.0,203.0,1.0,577.0,192.0,3.0,527.0,207.0,5.0,522.0,207.0,544.0,464.0,125.0,257.0,1951.0,5936.0
2017-12-30 21:00:00,5.0,536.0,206.0,0.0,598.0,191.0,0.0,591.0,192.0,0.0,536.0,206.0,1.0,579.0,193.0,0.0,530.0,206.0,6.0,521.0,209.0,506.0,458.0,130.0,234.0,707.0,6608.0
2017-12-30 22:00:00,5.0,543.0,206.0,0.0,586.0,192.0,0.0,590.0,194.0,0.0,531.0,208.0,1.0,576.0,194.0,1.0,529.0,206.0,6.0,520.0,210.0,501.0,446.0,127.0,244.0,715.0,5936.0
2017-12-30 23:00:00,6.0,543.0,204.0,0.0,586.0,191.0,0.0,593.0,193.0,0.0,544.0,206.0,1.0,576.0,193.0,0.0,536.0,203.0,5.0,520.0,207.0,317.0,321.0,113.0,209.0,368.0,
2017-12-31 00:00:00,1.0,536.0,196.0,1.0,610.0,187.0,0.0,597.0,188.0,0.0,552.0,200.0,1.0,569.0,189.0,0.0,542.0,199.0,0.0,526.0,198.0,201.0,207.0,118.0,150.0,390.0,
2017-12-31 01:00:00,0.0,535.0,191.0,0.0,630.0,184.0,0.0,601.0,184.0,0.0,562.0,197.0,1.0,556.0,187.0,0.0,531.0,192.0,0.0,523.0,193.0,163.0,168.0,125.0,130.0,366.0,
2017-12-31 03:00:00,1.0,542.0,178.0,0.0,646.0,178.0,0.0,,,0.0,580.0,188.0,1.0,546.0,181.0,0.0,539.0,181.0,0.0,521.0,182.0,120.0,120.0,115.0,115.0,237.0,
2017-12-31 04:00:00,1.0,544.0,177.0,0.0,648.0,177.0,0.0,606.0,176.0,0.0,578.0,187.0,1.0,546.0,180.0,0.0,539.0,179.0,0.0,521.0,181.0,117.0,119.0,115.0,113.0,369.0,
2017-12-31 06:00:00,1.0,545.0,170.0,0.0,660.0,172.0,0.0,603.0,169.0,0.0,577.0,180.0,1.0,543.0,175.0,0.0,542.0,173.0,0.0,530.0,173.0,109.0,108.0,110.0,109.0,373.0,
2017-12-31 07:00:00,1.0,544.0,170.0,0.0,662.0,172.0,0.0,600.0,168.0,0.0,577.0,179.0,0.0,542.0,174.0,0.0,541.0,172.0,0.0,531.0,172.0,105.0,108.0,110.0,108.0,313.0,
2017-12-31 09:00:00,28.0,582.0,165.0,0.0,648.0,167.0,26.0,589.0,164.0,0.0,566.0,173.0,4.0,569.0,168.0,8.0,573.0,168.0,0.0,551.0,166.0,469.0,267.0,88.0,380.0,492.0,5488.0
2017-12-31 10:00:00,33.0,597.0,172.0,0.0,646.0,169.0,27.0,592.0,165.0,0.0,566.0,176.0,4.0,576.0,171.0,9.0,563.0,179.0,1.0,558.0,172.0,581.0,496.0,91.0,235.0,783.0,2016.0
2017-12-31 12:00:00,33.0,535.0,181.0,32.0,594.0,175.0,18.0,578.0,170.0,6.0,534.0,182.0,7.0,561.0,176.0,11.0,526.0,187.0,31.0,537.0,179.0,212.0,209.0,115.0,123.0,397.0,
2017-12-31 13:00:00,26.0,537.0,180.0,25.0,596.0,174.0,5.0,580.0,170.0,4.0,536.0,182.0,6.0,561.0,176.0,10.0,527.0,186.0,24.0,541.0,178.0,316.0,228.0,118.0,123.0,850.0,1568.0
2017-12-31 15:00:00,1.0,657.0,198.0,0.0,613.0,183.0,21.0,605.0,176.0,,,,2.0,587.0,183.0,2.0,552.0,194.0,4.0,539.0,195.0,435.0,386.0,118.0,201.0,489.0,2015.0
2017-12-31 16:00:00,1.0,659.0,200.0,0.0,610.0,183.0,21.0,601.0,176.0,,,,1.0,587.0,183.0,0.0,547.0,194.0,4.0,531.0,195.0,439.0,385.0,130.0,176.0,438.0,
2017-12-31 18:00:00,28.0,698.0,200.0,0.0,727.0,184.0,1.0,760.0,180.0,0.0,569.0,195.0,2.0,717.0,186.0,2.0,694.0,211.0,4.0,578.0,200.0,434.0,287.0,93.0,197.0,3481.0,224.0
2017-12-31 19:00:00,1.0,654.0,199.0,0.0,706.0,184.0,,,,0.0,571.0,195.0,1.0,704.0,187.0,0.0,637.0,211.0,4.0,589.0,199.0,330.0,283.0,110.0,170.0,823.0,
2017-12-31 21:00:00,10.0,612.0,211.0,0.0,688.0,192.0,0.0,675.0,186.0,0.0,586.0,202.0,1.0,645.0,197.0,2.0,543.0,224.0,5.0,605.0,211.0,465.0,421.0,140.0,178.0,408.0,2464.0
2017-12-31 23:00:00,1.0,619.0,206.0,0.0,658.0,189.0,0.0,649.0,183.0,0.0,569.0,205.0,1.0,633.0,194.0,0.0,564.0,209.0,6.0,581.0,206.0,301.0,307.0,122.0,214.0,327.0,
2018-01-01 00:00:00,0.0,610.0,204.0,0.0,655.0,188.0,0.0,649.0,182.0,0.0,569.0,203.0,1.0,627.0,193.0,0.0,560.0,208.0,6.0,579.0,204.0,268.0,273.0,124.0,185.0,478.0,
2018-01-01 02:00:00,1.0,565.0,187.0,0.0,643.0,182.0,0.0,628.0,175.0,0.0,582.0,190.0,1.0,578.0,187.0,0.0,553.0,193.0,,576.0,189.0,136.0,139.0,125.0,123.0,332.0,
2018-01-01 03:00:00,1.0,564.0,186.0,0.0,641.0,181.0,0.0,627.0,174.0,0.0,581.0,190.0,1.0,575.0,186.0,0.0,553.0,192.0,,574.0,188.0,134.0,136.0,125.0,123.0,405.0,
2018-01-01 05:00:00,1.0,565.0,179.0,0.0,658.0,176.0,0.0,625.0,168.0,0.0,587.0,184.0,1.0,567.0,181.0,0.0,557.0,184.0,,,,180.0,179.0,120.0,120.0,418.0,
2018-01-01 06:00:00,1.0,562.0,180.0,0.0,670.0,175.0,0.0,626.0,168.0,0.0,583.0,185.0,0.0,568.0,181.0,0.0,558.0,184.0,,570.0,180.0,245.0,223.0,124.0,122.0,389.0,1232.0
2018-01-01 07:00:00,1.0,557.0,182.0,0.0,674.0,175.0,0.0,625.0,168.0,0.0,580.0,186.0,0.0,566.0,180.0,0.0,557.0,184.0,0.0,565.0,182.0,270.0,246.0,128.0,125.0,334.0,3471.0
2018-01-01 08:00:00,1.0,546.0,184.0,0.0,674.0,175.0,0.0,624.0,167.0,0.0,576.0,187.0,1.0,564.0,179.0,0.0,553.0,185.0,0.0,561.0,182.0,280.0,260.0,130.0,128.0,268.0,2352.0
2018-01-01 09:00:00,10.0,545.0,186.0,0.0,671.0,174.0,1.0,621.0,167.0,0.0,574.0,188.0,2.0,574.0,179.0,1.0,552.0,186.0,0.0,557.0,182.0,277.0,261.0,117.0,128.0,290.0,896.0
2018-01-01 10:00:00,31.0,579.0,189.0,10.0,645.0,177.0,8.0,634.0,170.0,0.0,565.0,193.0,3.0,608.0,181.0,7.0,594.0,193.0,13.0,572.0,186.0,534.0,443.0,99.0,194.0,581.0,13776.0
2018-01-01 11:00:00,72.0,820.0,202.0,38.0,632.0,185.0,21.0,634.0,177.0,2.0,573.0,199.0,6.0,637.0,186.0,12.0,578.0,198.0,32.0,578.0,198.0,555.0,438.0,94.0,329.0,638.0,8733.0
2018-01-01 12:00:00,47.0,880.0,204.0,24.0,633.0,182.0,22.0,644.0,176.0,7.0,574.0,195.0,7.0,629.0,183.0,12.0,585.0,195.0,25.0,571.0,193.0,343.0,277.0,131.0,191.0,346.0,
2018-01-01 13:00:00,28.0,804.0,196.0,21.0,635.0,177.0,17.0,635.0,173.0,5.0,569.0,189.0,5.0,617.0,181.0,8.0,581.0,189.0,17.0,576.0,184.0,212.0,198.0,135.0,141.0,320.0,
2018-01-01 14:00:00,3.0,775.0,189.0,1.0,634.0,174.0,0.0,631.0,170.0,0.0,568.0,185.0,1.0,607.0,178.0,0.0,580.0,183.0,0.0,580.0,178.0,159.0,157.0,128.0,127.0,317.0,
2018-01-01 15:00:00,3.0,767.0,186.0,1.0,635.0,173.0,0.0,633.0,169.0,0.0,577.0,183.0,1.0,610.0,177.0,0.0,590.0,181.0,5.0,586.0,177.0,405.0,316.0,122.0,125.0,646.0,9071.0
2018-01-01 16:00:00,2.0,733.0,196.0,0.0,627.0,183.0,0.0,641.0,176.0,0.0,592.0,192.0,1.0,629.0,185.0,1.0,600.0,192.0,6.0,577.0,192.0,532.0,481.0,117.0,138.0,1063.0,6156.0
2018-01-01 17:00:00,25.0,691.0,204.0,1.0,625.0,188.0,19.0,635.0,180.0,0.0,585.0,197.0,2.0,629.0,188.0,2.0,584.0,199.0,7.0,568.0,196.0,520.0,472.0,97.0,234.0,1414.0,8287.0
2018-01-01 18:00:00,11.0,658.0,208.0,1.0,626.0,189.0,10.0,641.0,182.0,0.0,580.0,199.0,2.0,643.0,189.0,2.0,597.0,201.0,9.0,565.0,198.0,535.0,478.0,98.0,174.0,1142.0,3360.0
2018-01-01 19:00:00,4.0,642.0,209.0,1.0,689.0,190.0,0.0,642.0,185.0,0.0,597.0,199.0,2.0,733.0,194.0,3.0,688.0,219.0,8.0,586.0,203.0,506.0,459.0,135.0,207.0,1942.0,7946.0
2018-01-01 20:00:00,1.0,604.0,209.0,1.0,688.0,191.0,0.0,634.0,185.0,0.0,596.0,201.0,2.0,697.0,197.0,3.0,609.0,226.0,9.0,591.0,204.0,401.0,391.0,117.0,237.0,1230.0,1680.0
2018-01-01 21:00:00,1.0,580.0,202.0,0.0,652.0,187.0,,638.0,182.0,0.0,585.0,198.0,1.0,622.0,193.0,1.0,546.0,215.0,10.0,588.0,197.0,226.0,231.0,102.0,181.0,1325.0,
2018-01-01 22:00:00,1.0,569.0,198.0,0.0,639.0,185.0,0.0,638.0,180.0,0.0,575.0,195.0,1.0,604.0,191.0,0.0,546.0,207.0,9.0,588.0,194.0,301.0,268.0,122.0,140.0,716.0,3584.0
2018-01-01 23:00:00,19.0,571.0,199.0,0.0,631.0,185.0,0.0,629.0,180.0,0.0,572.0,195.0,1.0,595.0,191.0,0.0,538.0,207.0,5.0,584.0,196.0,313.0,287.0,122.0,216.0,403.0,3023.0
2018-01-02 00:00:00,1.0,556.0,198.0,2.0,628.0,184.0,0.0,622.0,178.0,0.0,567.0,195.0,1.0,591.0,191.0,0.0,538.0,205.0,5.0,589.0,199.0,327.0,299.0,140.0,154.0,470.0,3359.0
2018-01-02 01:00:00,1.0,541.0,197.0,0.0,628.0,183.0,0.0,617.0,177.0,0.0,568.0,194.0,1.0,577.0,190.0,0.0,533.0,203.0,0.0,570.0,198.0,243.0,241.0,140.0,138.0,177.0,
2018-01-02 02:00:00,0.0,531.0,190.0,0.0,639.0,180.0,0.0,611.0,174.0,0.0,579.0,190.0,0.0,562.0,186.0,0.0,527.0,196.0,0.0,568.0,189.0,172.0,172.0,131.0,129.0,236.0,
2018-01-02 03:00:00,1.0,532.0,186.0,0.0,645.0,178.0,0.0,610.0,172.0,0.0,581.0,187.0,0.0,557.0,184.0,0.0,529.0,191.0,0.0,567.0,184.0,147.0,148.0,126.0,124.0,209.0,
2018-01-02 04:00:00,1.0,536.0,181.0,0.0,649.0,176.0,0.0,611.0,170.0,0.0,582.0,184.0,0.0,555.0,181.0,0.0,534.0,186.0,0.0,565.0,179.0,130.0,132.0,121.0,120.0,196.0,
2018-01-02 05:00:00,1.0,540.0,177.0,0.0,654.0,174.0,0.0,613.0,167.0,0.0,586.0,181.0,1.0,554.0,178.0,0.0,539.0,181.0,0.0,565.0,175.0,121.0,122.0,118.0,117.0,237.0,
2018-01-02 06:00:00,1.0,543.0,174.0,0.0,656.0,172.0,0.0,615.0,165.0,0.0,586.0,178.0,0.0,554.0,176.0,0.0,542.0,178.0,0.0,564.0,172.0,115.0,116.0,115.0,115.0,258.0,
2018-01-02 07:00:00,1.0,554.0,170.0,0.0,651.0,170.0,0.0,617.0,164.0,0.0,588.0,176.0,0.0,556.0,174.0,0.0,548.0,175.0,0.0,567.0,169.0,111.0,113.0,115.0,113.0,215.0,
2018-01-02 08:00:00,6.0,560.0,168.0,2.0,640.0,169.0,0.0,613.0,163.0,0.0,573.0,174.0,1.0,565.0,171.0,0.0,555.0,173.0,0.0,573.0,166.0,133.0,115.0,108.0,112.0,315.0,3247.0
2018-01-02 09:00:00,2.0,578.0,176.0,2.0,625.0,174.0,0.0,620.0,167.0,0.0,567.0,180.0,1.0,580.0,176.0,0.0,543.0,188.0,0.0,560.0,185.0,545.0,479.0,123.0,124.0,358.0,7052.0
2018-01-02 10:00:00,2.0,538.0,184.0,3.0,604.0,181.0,0.0,614.0,172.0,0.0,557.0,187.0,2.0,576.0,181.0,3.0,528.0,197.0,5.0,526.0,199.0,541.0,480.0,134.0,186.0,535.0,6271.0
2018-01-02 11:00:00,13.0,540.0,192.0,10.0,593.0,186.0,24.0,609.0,178.0,1.0,551.0,193.0,2.0,585.0,183.0,1.0,537.0,198.0,12.0,519.0,205.0,533.0,481.0,122.0,214.0,672.0,5487.0
2018-01-02 12:00:00,29.0,530.0,195.0,18.0,591.0,188.0,11.0,603.0,181.0,15.0,552.0,198.0,5.0,588.0,184.0,8.0,549.0,196.0,22.0,515.0,207.0,524.0,475.0,129.0,187.0,577.0,5596.0
2018-01-02 13:00:00,25.0,524.0,197.0,16.0,594.0,188.0,21.0,594.0,185.0,12.0,543.0,201.0,8.0,588.0,185.0,13.0,556.0,196.0,28.0,504.0,210.0,516.0,471.0,116.0,204.0,1540.0,5934.0
2018-01-02 14:00:00,24.0,521.0,198.0,10.0,597.0,188.0,2.0,598.0,184.0,6.0,535.0,203.0,7.0,585.0,186.0,14.0,555.0,196.0,15.0,506.0,211.0,449.0,428.0,107.0,189.0,657.0,2912.0
2018-01-02 15:00:00,42.0,680.0,196.0,0.0,606.0,184.0,1.0,598.0,182.0,0.0,541.0,197.0,4.0,613.0,184.0,7.0,596.0,191.0,8.0,535.0,199.0,431.0,270.0,85.0,296.0,624.0,9631.0
2018-01-02 16:00:00,44.0,966.0,202.0,0.0,619.0,181.0,1.0,611.0,179.0,0.0,563.0,193.0,1.0,638.0,182.0,0.0,611.0,190.0,7.0,563.0,192.0,447.0,290.0,87.0,272.0,1372.0,9401.0
2018-01-02 17:00:00,27.0,826.0,205.0,0.0,670.0,183.0,10.0,661.0,180.0,0.0,601.0,193.0,2.0,684.0,184.0,4.0,643.0,196.0,7.0,578.0,194.0,375.0,272.0,82.0,270.0,1581.0,5376.0
2018-01-02 18:00:00,4.0,744.0,200.0,0.0,650.0,182.0,1.0,651.0,180.0,0.0,597.0,192.0,2.0,649.0,185.0,2.0,612.0,195.0,6.0,587.0,195.0,398.0,274.0,96.0,233.0,652.0,2463.0
2018-01-02 19:00:00,0.0,738.0,196.0,2.0,635.0,182.0,1.0,642.0,180.0,0.0,590.0,190.0,3.0,633.0,186.0,5.0,590.0,196.0,8.0,574.0,195.0,295.0,268.0,108.0,208.0,487.0,2240.0
2018-01-02 20:00:00,2.0,714.0,193.0,0.0,618.0,181.0,1.0,640.0,179.0,0.0,584.0,190.0,2.0,626.0,186.0,3.0,580.0,197.0,7.0,563.0,195.0,352.0,305.0,107.0,215.0,664.0,5148.0
2018-01-02 21:00:00,3.0,654.0,192.0,0.0,615.0,181.0,0.0,632.0,179.0,0.0,583.0,190.0,2.0,617.0,186.0,0.0,576.0,199.0,5.0,561.0,196.0,338.0,305.0,116.0,277.0,461.0,3920.0
2018-01-02 22:00:00,12.0,632.0,192.0,0.0,609.0,181.0,0.0,637.0,179.0,0.0,576.0,190.0,1.0,606.0,186.0,0.0,566.0,199.0,8.0,564.0,197.0,385.0,336.0,103.0,229.0,424.0,5931.0
2018-01-02 23:00:00,13.0,662.0,193.0,4.0,614.0,181.0,0.0,638.0,179.0,0.0,588.0,190.0,1.0,614.0,186.0,1.0,570.0,200.0,4.0,548.0,196.0,328.0,274.0,91.0,265.0,374.0,560.0
2018-01-03 00:00:00,0.0,620.0,187.0,0.0,640.0,178.0,0.0,619.0,177.0,0.0,597.0,188.0,0.0,594.0,183.0,0.0,556.0,194.0,0.0,549.0,188.0,191.0,192.0,126.0,160.0,209.0,
2018-01-03 01:00:00,0.0,601.0,184.0,0.0,640.0,176.0,0.0,626.0,176.0,0.0,595.0,186.0,0.0,594.0,182.0,0.0,561.0,190.0,0.0,554.0,184.0,165.0,167.0,128.0,139.0,241.0,
2018-01-03 04:00:00,0.0,578.0,172.0,0.0,673.0,169.0,0.0,638.0,170.0,0.0,578.0,177.0,0.0,570.0,174.0,0.0,558.0,177.0,0.0,560.0,173.0,120.0,122.0,120.0,118.0,189.0,
2018-01-03 07:00:00,0.0,583.0,172.0,0.0,688.0,165.0,0.0,632.0,173.0,0.0,586.0,175.0,0.0,569.0,172.0,0.0,549.0,178.0,0.0,557.0,172.0,263.0,242.0,125.0,123.0,489.0,1120.0
2018-01-03 10:00:00,21.0,577.0,173.0,13.0,647.0,163.0,6.0,607.0,168.0,3.0,583.0,172.0,4.0,591.0,170.0,6.0,571.0,178.0,14.0,577.0,169.0,220.0,164.0,89.0,201.0,1669.0,896.0
2018-01-03 11:00:00,38.0,598.0,170.0,27.0,652.0,161.0,12.0,608.0,165.0,6.0,580.0,169.0,7.0,604.0,168.0,10.0,596.0,174.0,23.0,584.0,165.0,458.0,158.0,92.0,295.0,527.0,672.0
2018-01-03 12:00:00,38.0,611.0,166.0,23.0,655.0,160.0,13.0,616.0,163.0,5.0,585.0,168.0,7.0,614.0,166.0,10.0,606.0,171.0,21.0,599.0,164.0,258.0,158.0,106.0,185.0,373.0,224.0
2018-01-03 13:00:00,22.0,601.0,163.0,18.0,658.0,159.0,13.0,613.0,161.0,5.0,581.0,167.0,5.0,606.0,164.0,7.0,595.0,167.0,12.0,592.0,161.0,177.0,146.0,120.0,135.0,236.0,336.0
2018-01-03 14:00:00,13.0,595.0,163.0,10.0,646.0,157.0,9.0,610.0,159.0,3.0,580.0,165.0,3.0,600.0,163.0,4.0,587.0,167.0,6.0,592.0,161.0,177.0,168.0,120.0,123.0,260.0,1008.0
2018-01-03 15:00:00,3.0,590.0,164.0,2.0,638.0,157.0,1.0,609.0,159.0,0.0,581.0,165.0,1.0,596.0,163.0,0.0,581.0,168.0,1.0,591.0,161.0,212.0,196.0,121.0,121.0,214.0,1343.0
2018-01-03 16:00:00,1.0,583.0,165.0,0.0,632.0,157.0,0.0,607.0,158.0,0.0,581.0,164.0,1.0,593.0,163.0,0.0,572.0,170.0,0.0,588.0,162.0,237.0,220.0,125.0,123.0,269.0,1792.0
2018-01-03 17:00:00,1.0,624.0,171.0,0.0,697.0,163.0,7.0,713.0,163.0,0.0,620.0,169.0,2.0,692.0,170.0,4.0,617.0,204.0,3.0,598.0,171.0,543.0,461.0,131.0,130.0,590.0,13998.0
2018-01-03 18:00:00,15.0,695.0,184.0,0.0,684.0,174.0,10.0,715.0,170.0,0.0,657.0,177.0,2.0,720.0,179.0,1.0,608.0,215.0,5.0,617.0,184.0,537.0,475.0,116.0,202.0,546.0,12430.0
2018-01-03 19:00:00,1.0,673.0,197.0,0.0,668.0,179.0,3.0,683.0,173.0,0.0,648.0,181.0,1.0,681.0,181.0,0.0,610.0,204.0,6.0,610.0,193.0,545.0,489.0,123.0,207.0,425.0,7498.0
2018-01-03 20:00:00,29.0,644.0,200.0,0.0,656.0,183.0,0.0,667.0,176.0,0.0,624.0,185.0,2.0,658.0,182.0,2.0,603.0,199.0,10.0,598.0,199.0,537.0,479.0,131.0,202.0,2097.0,8176.0
2018-01-03 21:00:00,6.0,630.0,199.0,3.0,684.0,185.0,0.0,655.0,178.0,0.0,631.0,190.0,2.0,674.0,186.0,3.0,589.0,213.0,8.0,609.0,208.0,514.0,462.0,127.0,177.0,796.0,5936.0
2018-01-03 22:00:00,20.0,623.0,201.0,8.0,681.0,186.0,0.0,649.0,180.0,0.0,617.0,192.0,2.0,651.0,187.0,2.0,582.0,206.0,0.0,564.0,212.0,513.0,467.0,114.0,199.0,730.0,5374.0
2018-01-03 23:00:00,1.0,596.0,199.0,2.0,693.0,183.0,0.0,644.0,180.0,0.0,603.0,191.0,1.0,634.0,185.0,0.0,583.0,199.0,0.0,549.0,207.0,319.0,323.0,113.0,154.0,825.0,
2018-01-04 00:00:00,3.0,579.0,192.0,0.0,691.0,180.0,0.0,645.0,177.0,0.0,602.0,188.0,1.0,621.0,182.0,0.0,585.0,193.0,0.0,562.0,194.0,212.0,216.0,128.0,145.0,247.0,112.0
2018-01-04 01:00:00,1.0,578.0,186.0,0.0,694.0,177.0,0.0,644.0,175.0,0.0,608.0,184.0,1.0,611.0,180.0,0.0,584.0,187.0,0.0,570.0,187.0,165.0,169.0,121.0,153.0,236.0,
2018-01-04 02:00:00,1.0,576.0,180.0,0.0,701.0,175.0,0.0,641.0,172.0,0.0,610.0,181.0,1.0,596.0,178.0,0.0,578.0,182.0,0.0,571.0,182.0,161.0,152.0,125.0,129.0,260.0,1007.0
2018-01-04 03:00:00,1.0,580.0,179.0,0.0,706.0,174.0,0.0,642.0,170.0,0.0,617.0,180.0,0.0,591.0,177.0,0.0,574.0,182.0,0.0,567.0,182.0,212.0,197.0,128.0,128.0,254.0,1456.0
2018-01-04 04:00:00,1.0,575.0,180.0,0.0,711.0,173.0,0.0,644.0,170.0,0.0,619.0,180.0,1.0,583.0,177.0,0.0,565.0,183.0,0.0,558.0,183.0,249.0,229.0,130.0,129.0,256.0,3024.0
2018-01-04 05:00:00,0.0,568.0,181.0,0.0,714.0,173.0,0.0,644.0,170.0,0.0,621.0,181.0,0.0,578.0,177.0,0.0,556.0,185.0,0.0,549.0,184.0,270.0,250.0,134.0,130.0,227.0,3022.0
2018-01-04 06:00:00,1.0,563.0,182.0,0.0,713.0,173.0,0.0,647.0,170.0,0.0,622.0,181.0,0.0,575.0,177.0,0.0,547.0,187.0,0.0,541.0,186.0,285.0,266.0,136.0,135.0,293.0,1456.0
2018-01-04 07:00:00,1.0,559.0,183.0,0.0,713.0,172.0,0.0,648.0,169.0,0.0,621.0,182.0,1.0,573.0,177.0,0.0,541.0,188.0,0.0,536.0,186.0,285.0,268.0,139.0,135.0,304.0,2352.0
2018-01-04 08:00:00,1.0,555.0,183.0,0.0,715.0,171.0,0.0,648.0,169.0,0.0,621.0,182.0,1.0,568.0,177.0,0.0,536.0,189.0,0.0,533.0,186.0,295.0,267.0,139.0,135.0,246.0,3136.0
2018-01-04 09:00:00,29.0,662.0,187.0,2.0,700.0,171.0,0.0,653.0,169.0,0.0,618.0,182.0,1.0,607.0,177.0,0.0,562.0,190.0,0.0,537.0,186.0,365.0,276.0,109.0,227.0,622.0,4141.0
2018-01-04 10:00:00,20.0,867.0,192.0,9.0,705.0,171.0,4.0,682.0,170.0,0.0,615.0,182.0,2.0,649.0,178.0,3.0,623.0,190.0,1.0,568.0,185.0,327.0,242.0,101.0,294.0,1082.0,6495.0
2018-01-04 11:00:00,20.0,778.0,186.0,19.0,680.0,170.0,8.0,662.0,170.0,3.0,620.0,182.0,3.0,647.0,178.0,4.0,612.0,189.0,14.0,579.0,184.0,267.0,243.0,98.0,170.0,824.0,3023.0
2018-01-04 12:00:00,25.0,765.0,185.0,20.0,664.0,170.0,26.0,658.0,170.0,3.0,610.0,181.0,5.0,647.0,178.0,8.0,603.0,191.0,15.0,574.0,186.0,277.0,261.0,105.0,177.0,1081.0,2687.0
2018-01-04 13:00:00,14.0,753.0,183.0,8.0,743.0,172.0,21.0,756.0,172.0,1.0,625.0,181.0,4.0,695.0,180.0,8.0,677.0,205.0,9.0,599.0,184.0,342.0,285.0,100.0,148.0,911.0,9182.0
2018-01-04 14:00:00,5.0,765.0,186.0,3.0,735.0,179.0,2.0,772.0,177.0,0.0,673.0,186.0,3.0,778.0,186.0,4.0,641.0,224.0,7.0,608.0,199.0,481.0,443.0,117.0,182.0,643.0,7055.0
2018-01-04 15:00:00,3.0,779.0,190.0,0.0,756.0,183.0,16.0,792.0,181.0,0.0,679.0,190.0,2.0,796.0,189.0,4.0,707.0,228.0,5.0,606.0,206.0,448.0,412.0,133.0,195.0,521.0,6272.0
2018-01-04 16:00:00,7.0,756.0,195.0,0.0,758.0,184.0,5.0,779.0,183.0,0.0,666.0,193.0,3.0,775.0,190.0,5.0,683.0,225.0,5.0,604.0,209.0,449.0,401.0,139.0,174.0,2288.0,5366.0
2018-01-04 17:00:00,8.0,719.0,195.0,0.0,756.0,187.0,0.0,783.0,185.0,0.0,664.0,194.0,2.0,745.0,192.0,2.0,654.0,231.0,5.0,603.0,209.0,389.0,345.0,113.0,211.0,2027.0,3696.0
2018-01-04 18:00:00,34.0,748.0,196.0,1.0,721.0,189.0,10.0,739.0,187.0,0.0,663.0,195.0,3.0,707.0,195.0,3.0,567.0,235.0,9.0,611.0,207.0,360.0,307.0,96.0,280.0,1707.0,7840.0
2018-01-04 19:00:00,1.0,769.0,199.0,1.0,713.0,188.0,3.0,733.0,185.0,0.0,661.0,196.0,1.0,699.0,195.0,1.0,556.0,228.0,5.0,613.0,207.0,341.0,310.0,94.0,208.0,1919.0,3808.0
2018-01-04 20:00:00,25.0,715.0,199.0,0.0,709.0,188.0,0.0,725.0,183.0,0.0,656.0,196.0,4.0,692.0,195.0,8.0,574.0,227.0,3.0,600.0,206.0,306.0,289.0,108.0,154.0,1819.0,2128.0
2018-01-04 21:00:00,2.0,648.0,198.0,0.0,679.0,188.0,0.0,715.0,181.0,0.0,639.0,196.0,3.0,653.0,195.0,8.0,539.0,228.0,3.0,596.0,203.0,307.0,281.0,116.0,147.0,481.0,3808.0
2018-01-04 22:00:00,15.0,635.0,198.0,0.0,651.0,188.0,0.0,704.0,181.0,0.0,624.0,196.0,1.0,629.0,195.0,0.0,523.0,224.0,1.0,574.0,205.0,397.0,324.0,101.0,238.0,1169.0,4368.0
2018-01-04 23:00:00,3.0,586.0,198.0,0.0,619.0,187.0,0.0,692.0,182.0,0.0,620.0,197.0,1.0,597.0,194.0,0.0,505.0,220.0,3.0,545.0,208.0,387.0,346.0,116.0,212.0,655.0,4477.0
2018-01-05 00:00:00,6.0,627.0,197.0,1.0,638.0,186.0,0.0,688.0,182.0,0.0,616.0,197.0,1.0,600.0,193.0,0.0,521.0,216.0,5.0,539.0,208.0,460.0,310.0,117.0,258.0,336.0,1456.0
2018-01-05 01:00:00,3.0,608.0,193.0,0.0,661.0,182.0,0.0,680.0,180.0,0.0,621.0,194.0,1.0,589.0,192.0,0.0,521.0,209.0,2.0,541.0,198.0,264.0,222.0,130.0,189.0,302.0,
2018-01-05 02:00:00,5.0,590.0,189.0,0.0,671.0,180.0,0.0,675.0,177.0,0.0,635.0,192.0,1.0,569.0,189.0,0.0,521.0,202.0,0.0,553.0,191.0,184.0,173.0,135.0,141.0,214.0,
2018-01-05 03:00:00,0.0,597.0,185.0,1.0,676.0,178.0,0.0,671.0,175.0,0.0,639.0,189.0,1.0,562.0,186.0,1.0,533.0,197.0,0.0,553.0,186.0,151.0,149.0,125.0,130.0,355.0,
2018-01-05 04:00:00,0.0,590.0,181.0,0.0,676.0,177.0,0.0,668.0,173.0,0.0,637.0,188.0,1.0,559.0,184.0,0.0,537.0,193.0,0.0,554.0,182.0,135.0,135.0,125.0,124.0,260.0,
2018-01-05 05:00:00,0.0,583.0,178.0,0.0,680.0,175.0,0.0,666.0,172.0,0.0,642.0,186.0,1.0,557.0,182.0,0.0,534.0,189.0,0.0,555.0,179.0,127.0,127.0,123.0,122.0,248.0,
2018-01-05 06:00:00,0.0,573.0,176.0,0.0,682.0,173.0,0.0,665.0,170.0,0.0,642.0,184.0,1.0,559.0,179.0,0.0,536.0,185.0,0.0,553.0,176.0,121.0,122.0,120.0,119.0,260.0,
2018-01-05 07:00:00,7.0,575.0,174.0,0.0,683.0,171.0,0.0,664.0,168.0,0.0,647.0,182.0,1.0,560.0,177.0,0.0,539.0,182.0,0.0,553.0,174.0,119.0,118.0,112.0,139.0,282.0,560.0
2018-01-05 08:00:00,23.0,661.0,176.0,0.0,661.0,170.0,12.0,657.0,167.0,0.0,646.0,180.0,2.0,579.0,176.0,2.0,563.0,181.0,3.0,566.0,172.0,142.0,121.0,85.0,228.0,501.0,3248.0
2018-01-05 09:00:00,12.0,869.0,180.0,0.0,663.0,169.0,20.0,649.0,168.0,0.0,636.0,179.0,1.0,611.0,174.0,0.0,594.0,179.0,10.0,596.0,172.0,349.0,173.0,87.0,240.0,1212.0,9631.0
2018-01-05 10:00:00,9.0,756.0,182.0,2.0,659.0,174.0,8.0,660.0,172.0,0.0,667.0,181.0,2.0,634.0,179.0,1.0,582.0,195.0,13.0,572.0,190.0,514.0,445.0,105.0,186.0,621.0,7055.0
2018-01-05 11:00:00,16.0,691.0,186.0,13.0,652.0,179.0,28.0,652.0,176.0,1.0,656.0,184.0,4.0,625.0,183.0,7.0,563.0,202.0,27.0,549.0,201.0,474.0,426.0,113.0,251.0,526.0,5935.0
2018-01-05 12:00:00,19.0,668.0,189.0,19.0,653.0,181.0,34.0,651.0,178.0,2.0,651.0,187.0,7.0,663.0,185.0,16.0,604.0,205.0,28.0,542.0,203.0,438.0,371.0,94.0,240.0,1490.0,6160.0
2018-01-05 13:00:00,32.0,638.0,190.0,9.0,648.0,181.0,28.0,673.0,180.0,0.0,644.0,188.0,5.0,639.0,186.0,12.0,607.0,205.0,17.0,548.0,201.0,492.0,345.0,96.0,308.0,1231.0,7055.0
2018-01-05 14:00:00,6.0,606.0,190.0,4.0,636.0,181.0,6.0,651.0,180.0,0.0,627.0,188.0,2.0,616.0,186.0,3.0,574.0,205.0,10.0,542.0,201.0,368.0,337.0,136.0,169.0,378.0,4032.0
2018-01-05 15:00:00,3.0,585.0,190.0,0.0,625.0,181.0,0.0,626.0,180.0,0.0,610.0,189.0,1.0,601.0,186.0,0.0,544.0,206.0,5.0,533.0,201.0,402.0,341.0,129.0,207.0,449.0,6160.0
2018-01-05 16:00:00,2.0,590.0,192.0,0.0,625.0,185.0,5.0,628.0,183.0,0.0,613.0,191.0,1.0,596.0,189.0,0.0,533.0,213.0,6.0,526.0,210.0,540.0,478.0,132.0,220.0,356.0,8512.0
2018-01-05 17:00:00,2.0,585.0,194.0,0.0,612.0,188.0,7.0,631.0,185.0,0.0,601.0,194.0,1.0,590.0,192.0,0.0,524.0,213.0,5.0,504.0,214.0,462.0,434.0,153.0,160.0,354.0,2800.0
2018-01-05 18:00:00,0.0,561.0,192.0,0.0,600.0,185.0,0.0,598.0,183.0,0.0,600.0,192.0,1.0,585.0,188.0,0.0,532.0,204.0,5.0,511.0,202.0,258.0,261.0,147.0,144.0,380.0,
2018-01-05 19:00:00,0.0,555.0,187.0,0.0,601.0,181.0,0.0,592.0,179.0,0.0,598.0,189.0,1.0,577.0,185.0,2.0,539.0,196.0,5.0,529.0,191.0,295.0,241.0,134.0,134.0,406.0,7504.0
2018-01-05 20:00:00,6.0,594.0,190.0,2.0,602.0,184.0,0.0,625.0,182.0,0.0,591.0,191.0,1.0,581.0,188.0,1.0,526.0,208.0,5.0,525.0,203.0,470.0,432.0,111.0,269.0,640.0,4700.0
2018-01-05 21:00:00,3.0,581.0,194.0,2.0,600.0,187.0,0.0,637.0,184.0,0.0,581.0,194.0,1.0,576.0,191.0,0.0,519.0,211.0,6.0,511.0,210.0,445.0,402.0,137.0,202.0,428.0,5711.0
2018-01-05 22:00:00,17.0,582.0,195.0,4.0,589.0,188.0,0.0,638.0,185.0,0.0,574.0,195.0,2.0,579.0,191.0,4.0,521.0,209.0,6.0,507.0,215.0,409.0,385.0,113.0,203.0,450.0,3021.0
2018-01-05 23:00:00,22.0,579.0,196.0,6.0,598.0,188.0,0.0,637.0,185.0,0.0,578.0,196.0,2.0,583.0,192.0,2.0,535.0,209.0,4.0,503.0,213.0,400.0,336.0,108.0,272.0,983.0,3136.0
2018-01-06 00:00:00,2.0,570.0,194.0,0.0,613.0,184.0,0.0,623.0,183.0,0.0,587.0,195.0,1.0,575.0,190.0,0.0,534.0,205.0,0.0,505.0,203.0,234.0,233.0,106.0,188.0,841.0,
2018-01-06 01:00:00,1.0,544.0,189.0,0.0,619.0,181.0,0.0,620.0,180.0,0.0,594.0,193.0,1.0,560.0,187.0,0.0,532.0,199.0,0.0,520.0,194.0,173.0,175.0,128.0,141.0,245.0,
2018-01-06 02:00:00,1.0,540.0,184.0,0.0,625.0,178.0,0.0,617.0,178.0,0.0,592.0,190.0,1.0,553.0,184.0,0.0,530.0,193.0,0.0,527.0,188.0,145.0,148.0,127.0,128.0,240.0,
2018-01-06 03:00:00,0.0,542.0,180.0,0.0,629.0,176.0,0.0,616.0,176.0,0.0,591.0,188.0,0.0,550.0,182.0,0.0,529.0,189.0,0.0,528.0,183.0,131.0,133.0,125.0,123.0,293.0,
2018-01-06 04:00:00,1.0,542.0,177.0,0.0,637.0,175.0,0.0,611.0,174.0,0.0,591.0,186.0,1.0,546.0,179.0,0.0,527.0,185.0,0.0,528.0,180.0,124.0,125.0,120.0,120.0,224.0,
2018-01-06 05:00:00,1.0,539.0,174.0,0.0,640.0,173.0,0.0,606.0,172.0,0.0,589.0,184.0,1.0,541.0,177.0,0.0,524.0,182.0,4.0,526.0,177.0,120.0,120.0,120.0,118.0,286.0,
2018-01-06 06:00:00,4.0,532.0,171.0,0.0,641.0,172.0,0.0,602.0,171.0,0.0,601.0,182.0,1.0,533.0,175.0,0.0,518.0,180.0,0.0,520.0,174.0,115.0,116.0,115.0,116.0,322.0,
2018-01-06 07:00:00,1.0,534.0,168.0,0.0,642.0,170.0,0.0,604.0,169.0,0.0,600.0,180.0,1.0,533.0,173.0,0.0,518.0,177.0,0.0,520.0,170.0,114.0,113.0,115.0,114.0,264.0,
2018-01-06 08:00:00,22.0,696.0,170.0,6.0,639.0,168.0,0.0,610.0,168.0,0.0,602.0,178.0,1.0,544.0,171.0,1.0,550.0,176.0,0.0,521.0,168.0,294.0,125.0,96.0,172.0,426.0,2575.0
2018-01-06 09:00:00,8.0,635.0,174.0,9.0,631.0,172.0,10.0,614.0,171.0,0.0,600.0,180.0,2.0,588.0,175.0,2.0,573.0,193.0,4.0,537.0,180.0,511.0,393.0,91.0,276.0,659.0,12649.0
2018-01-06 10:00:00,24.0,750.0,192.0,6.0,615.0,179.0,4.0,607.0,177.0,1.0,586.0,188.0,2.0,617.0,182.0,2.0,542.0,204.0,12.0,521.0,197.0,523.0,448.0,94.0,322.0,1352.0,12095.0
2018-01-06 11:00:00,30.0,659.0,196.0,11.0,600.0,184.0,1.0,602.0,181.0,4.0,565.0,192.0,5.0,604.0,184.0,7.0,535.0,203.0,22.0,534.0,198.0,516.0,453.0,107.0,283.0,465.0,7168.0
2018-01-06 12:00:00,26.0,602.0,195.0,13.0,582.0,186.0,0.0,583.0,182.0,6.0,544.0,194.0,5.0,570.0,187.0,8.0,507.0,205.0,20.0,510.0,199.0,473.0,426.0,139.0,171.0,354.0,5259.0
2018-01-06 13:00:00,20.0,556.0,195.0,10.0,576.0,186.0,0.0,573.0,184.0,6.0,536.0,195.0,5.0,558.0,188.0,8.0,503.0,206.0,16.0,502.0,200.0,438.0,403.0,146.0,147.0,340.0,2908.0
2018-01-06 14:00:00,36.0,575.0,196.0,6.0,569.0,186.0,20.0,572.0,185.0,4.0,533.0,196.0,5.0,554.0,189.0,8.0,506.0,203.0,15.0,504.0,201.0,460.0,387.0,109.0,244.0,572.0,5596.0
2018-01-06 15:00:00,5.0,566.0,197.0,1.0,561.0,186.0,6.0,566.0,185.0,0.0,528.0,197.0,1.0,557.0,189.0,0.0,503.0,206.0,7.0,508.0,202.0,385.0,364.0,128.0,187.0,295.0,2575.0
2018-01-06 16:00:00,4.0,553.0,193.0,0.0,557.0,185.0,0.0,554.0,184.0,0.0,534.0,194.0,2.0,555.0,187.0,2.0,505.0,203.0,4.0,503.0,197.0,397.0,340.0,132.0,147.0,358.0,7280.0
2018-01-06 17:00:00,1.0,551.0,195.0,0.0,557.0,188.0,5.0,560.0,187.0,0.0,529.0,198.0,2.0,551.0,191.0,3.0,497.0,212.0,5.0,510.0,203.0,522.0,437.0,114.0,213.0,2531.0,5824.0
2018-01-06 18:00:00,37.0,664.0,200.0,0.0,571.0,190.0,9.0,579.0,188.0,0.0,539.0,199.0,2.0,603.0,193.0,0.0,507.0,217.0,10.0,511.0,206.0,419.0,372.0,90.0,222.0,1087.0,8735.0
2018-01-06 19:00:00,5.0,589.0,205.0,0.0,572.0,190.0,0.0,601.0,189.0,0.0,551.0,199.0,1.0,597.0,194.0,1.0,510.0,216.0,10.0,510.0,206.0,392.0,354.0,113.0,200.0,953.0,4592.0
2018-01-06 20:00:00,39.0,689.0,208.0,0.0,563.0,191.0,0.0,612.0,188.0,0.0,550.0,199.0,1.0,582.0,194.0,0.0,510.0,214.0,6.0,516.0,206.0,411.0,342.0,107.0,263.0,354.0,10639.0
2018-01-06 21:00:00,51.0,859.0,221.0,0.0,559.0,191.0,0.0,616.0,188.0,0.0,549.0,198.0,3.0,585.0,194.0,4.0,523.0,211.0,4.0,507.0,204.0,369.0,331.0,107.0,230.0,929.0,4032.0
2018-01-06 22:00:00,7.0,684.0,221.0,0.0,627.0,191.0,0.0,619.0,187.0,0.0,563.0,199.0,1.0,639.0,195.0,0.0,563.0,211.0,10.0,519.0,203.0,354.0,325.0,115.0,159.0,1006.0,3472.0
2018-01-06 23:00:00,6.0,610.0,211.0,0.0,596.0,190.0,0.0,621.0,187.0,0.0,568.0,199.0,1.0,612.0,195.0,0.0,552.0,210.0,11.0,529.0,205.0,359.0,329.0,130.0,168.0,417.0,3248.0
2018-01-07 00:00:00,1.0,623.0,204.0,0.0,576.0,188.0,0.0,611.0,185.0,0.0,574.0,197.0,1.0,574.0,193.0,0.0,529.0,206.0,6.0,529.0,200.0,236.0,234.0,132.0,161.0,418.0,
2018-01-07 01:00:00,1.0,573.0,194.0,0.0,566.0,186.0,0.0,607.0,183.0,0.0,576.0,194.0,0.0,565.0,190.0,0.0,530.0,199.0,6.0,532.0,194.0,173.0,174.0,132.0,134.0,303.0,
2018-01-07 02:00:00,3.0,571.0,188.0,0.0,561.0,183.0,0.0,607.0,180.0,0.0,581.0,191.0,1.0,555.0,187.0,0.0,527.0,194.0,1.0,531.0,189.0,144.0,146.0,122.0,125.0,256.0,
2018-01-07 03:00:00,0.0,565.0,182.0,0.0,563.0,180.0,0.0,606.0,177.0,0.0,590.0,189.0,0.0,546.0,184.0,0.0,524.0,189.0,0.0,527.0,184.0,129.0,131.0,120.0,120.0,235.0,
2018-01-07 04:00:00,1.0,562.0,178.0,0.0,562.0,177.0,0.0,605.0,176.0,0.0,577.0,188.0,1.0,540.0,181.0,0.0,522.0,185.0,0.0,522.0,181.0,121.0,123.0,119.0,117.0,263.0,
2018-01-07 05:00:00,1.0,559.0,175.0,0.0,559.0,175.0,0.0,604.0,173.0,0.0,583.0,185.0,0.0,536.0,179.0,0.0,520.0,182.0,0.0,518.0,177.0,116.0,117.0,115.0,114.0,232.0,
2018-01-07 06:00:00,1.0,551.0,171.0,0.0,556.0,172.0,0.0,602.0,171.0,0.0,588.0,183.0,0.0,530.0,176.0,0.0,516.0,178.0,0.0,515.0,174.0,112.0,113.0,114.0,113.0,266.0,
2018-01-07 07:00:00,1.0,546.0,169.0,0.0,552.0,170.0,0.0,602.0,169.0,0.0,595.0,180.0,0.0,528.0,173.0,0.0,514.0,176.0,0.0,513.0,171.0,169.0,145.0,112.0,112.0,269.0,1568.0
2018-01-07 08:00:00,3.0,552.0,173.0,0.0,549.0,171.0,8.0,589.0,169.0,0.0,606.0,182.0,1.0,531.0,175.0,0.0,500.0,185.0,5.0,517.0,175.0,457.0,397.0,120.0,150.0,486.0,7382.0
2018-01-07 09:00:00,11.0,548.0,181.0,2.0,556.0,176.0,3.0,582.0,174.0,0.0,594.0,186.0,2.0,535.0,179.0,2.0,483.0,197.0,15.0,516.0,186.0,491.0,438.0,126.0,143.0,631.0,6271.0
2018-01-07 10:00:00,25.0,560.0,186.0,11.0,586.0,179.0,9.0,584.0,177.0,0.0,581.0,188.0,4.0,564.0,180.0,6.0,524.0,196.0,34.0,515.0,198.0,470.0,430.0,112.0,136.0,1428.0,4364.0
2018-01-07 11:00:00,62.0,546.0,188.0,17.0,594.0,182.0,14.0,580.0,179.0,3.0,555.0,189.0,6.0,563.0,181.0,12.0,521.0,196.0,40.0,491.0,206.0,460.0,430.0,104.0,137.0,624.0,6150.0
2018-01-07 12:00:00,84.0,601.0,190.0,19.0,580.0,181.0,5.0,578.0,179.0,13.0,552.0,189.0,9.0,566.0,182.0,18.0,534.0,196.0,62.0,483.0,204.0,472.0,343.0,93.0,331.0,567.0,7280.0
2018-01-07 13:00:00,87.0,955.0,204.0,17.0,591.0,180.0,0.0,589.0,178.0,25.0,576.0,189.0,12.0,596.0,182.0,27.0,550.0,196.0,38.0,484.0,202.0,434.0,344.0,79.0,357.0,2113.0,7392.0
2018-01-07 14:00:00,30.0,792.0,200.0,11.0,612.0,179.0,13.0,602.0,178.0,9.0,574.0,189.0,7.0,614.0,183.0,10.0,563.0,198.0,20.0,511.0,198.0,361.0,323.0,101.0,206.0,935.0,4700.0
2018-01-07 15:00:00,8.0,728.0,196.0,4.0,615.0,178.0,22.0,615.0,178.0,3.0,578.0,189.0,3.0,618.0,183.0,3.0,566.0,197.0,10.0,540.0,193.0,356.0,299.0,104.0,205.0,1010.0,3135.0
2018-01-07 16:00:00,9.0,641.0,192.0,0.0,621.0,177.0,1.0,603.0,178.0,0.0,580.0,188.0,1.0,619.0,183.0,1.0,584.0,197.0,4.0,544.0,190.0,283.0,278.0,98.0,146.0,621.0,560.0
2018-01-07 17:00:00,0.0,600.0,184.0,0.0,618.0,174.0,0.0,570.0,174.0,0.0,561.0,185.0,0.0,589.0,180.0,0.0,560.0,192.0,4.0,545.0,182.0,188.0,188.0,117.0,127.0,267.0,
2018-01-07 18:00:00,1.0,584.0,177.0,0.0,621.0,171.0,0.0,548.0,171.0,0.0,551.0,181.0,1.0,577.0,177.0,0.0,546.0,186.0,4.0,545.0,177.0,148.0,150.0,120.0,120.0,354.0,
2018-01-07 19:00:00,3.0,599.0,176.0,1.0,593.0,171.0,5.0,573.0,172.0,0.0,552.0,181.0,1.0,569.0,177.0,2.0,539.0,186.0,3.0,541.0,179.0,453.0,376.0,114.0,201.0,357.0,10752.0
2018-01-07 20:00:00,9.0,622.0,185.0,0.0,595.0,175.0,0.0,597.0,177.0,0.0,556.0,187.0,1.0,578.0,182.0,0.0,533.0,195.0,5.0,536.0,189.0,530.0,467.0,107.0,230.0,435.0,8847.0
2018-01-07 21:00:00,2.0,628.0,195.0,0.0,591.0,178.0,0.0,596.0,181.0,0.0,547.0,191.0,1.0,576.0,184.0,0.0,527.0,198.0,5.0,534.0,197.0,533.0,478.0,128.0,176.0,359.0,7503.0
2018-01-07 22:00:00,3.0,580.0,195.0,0.0,583.0,181.0,0.0,597.0,184.0,0.0,545.0,194.0,1.0,576.0,185.0,0.0,529.0,199.0,5.0,524.0,201.0,535.0,479.0,121.0,204.0,389.0,6382.0
2018-01-07 23:00:00,3.0,570.0,195.0,0.0,588.0,182.0,0.0,598.0,184.0,0.0,551.0,198.0,1.0,572.0,186.0,1.0,529.0,199.0,0.0,513.0,200.0,419.0,398.0,123.0,165.0,323.0,2240.0
2018-01-08 00:00:00,0.0,552.0,189.0,0.0,596.0,178.0,0.0,598.0,181.0,0.0,560.0,195.0,1.0,571.0,182.0,0.0,534.0,192.0,0.0,519.0,190.0,240.0,244.0,131.0,135.0,248.0,
2018-01-08 01:00:00,0.0,549.0,181.0,0.0,604.0,175.0,0.0,600.0,176.0,0.0,571.0,190.0,0.0,561.0,178.0,0.0,534.0,185.0,0.0,523.0,182.0,176.0,176.0,126.0,124.0,215.0,112.0
2018-01-08 02:00:00,0.0,552.0,178.0,0.0,594.0,172.0,0.0,599.0,173.0,0.0,587.0,188.0,1.0,554.0,175.0,0.0,531.0,182.0,0.0,525.0,178.0,241.0,214.0,125.0,121.0,266.0,2798.0
2018-01-08 03:00:00,0.0,543.0,179.0,0.0,580.0,171.0,0.0,598.0,172.0,0.0,587.0,188.0,0.0,550.0,175.0,0.0,525.0,182.0,0.0,523.0,178.0,277.0,254.0,127.0,124.0,278.0,2797.0
2018-01-08 04:00:00,0.0,532.0,181.0,0.0,566.0,170.0,0.0,599.0,172.0,0.0,594.0,188.0,0.0,546.0,174.0,0.0,519.0,183.0,0.0,521.0,178.0,313.0,283.0,130.0,126.0,249.0,3807.0
2018-01-08 05:00:00,0.0,523.0,182.0,0.0,559.0,170.0,0.0,601.0,172.0,0.0,593.0,189.0,0.0,543.0,174.0,0.0,513.0,184.0,0.0,518.0,178.0,334.0,300.0,130.0,128.0,245.0,4368.0
2018-01-08 06:00:00,0.0,515.0,184.0,0.0,555.0,169.0,0.0,602.0,172.0,0.0,594.0,190.0,0.0,542.0,174.0,0.0,509.0,185.0,0.0,515.0,179.0,343.0,312.0,134.0,128.0,294.0,3920.0
2018-01-08 07:00:00,30.0,686.0,192.0,0.0,584.0,171.0,0.0,611.0,173.0,0.0,579.0,192.0,1.0,599.0,176.0,1.0,554.0,189.0,2.0,522.0,181.0,434.0,371.0,101.0,250.0,613.0,7386.0
2018-01-08 08:00:00,23.0,539.0,191.0,0.0,565.0,172.0,0.0,566.0,174.0,0.0,521.0,191.0,2.0,580.0,177.0,0.0,505.0,193.0,3.0,512.0,183.0,367.0,342.0,131.0,165.0,316.0,2576.0
2018-01-08 09:00:00,11.0,532.0,182.0,6.0,559.0,170.0,0.0,545.0,172.0,2.0,520.0,185.0,3.0,556.0,174.0,2.0,511.0,188.0,8.0,513.0,177.0,217.0,218.0,128.0,130.0,233.0,
2018-01-08 10:00:00,17.0,540.0,173.0,12.0,568.0,166.0,0.0,545.0,168.0,4.0,522.0,179.0,5.0,556.0,171.0,6.0,519.0,181.0,20.0,523.0,170.0,156.0,159.0,119.0,118.0,249.0,
2018-01-08 11:00:00,33.0,545.0,167.0,19.0,573.0,164.0,0.0,546.0,165.0,7.0,524.0,174.0,7.0,551.0,168.0,12.0,523.0,175.0,29.0,530.0,166.0,128.0,131.0,113.0,111.0,253.0,
2018-01-08 12:00:00,47.0,548.0,163.0,15.0,574.0,161.0,0.0,543.0,163.0,14.0,524.0,171.0,9.0,547.0,165.0,17.0,525.0,171.0,39.0,532.0,162.0,114.0,117.0,109.0,108.0,261.0,
2018-01-08 13:00:00,39.0,552.0,160.0,13.0,573.0,159.0,0.0,543.0,161.0,25.0,525.0,168.0,10.0,548.0,163.0,23.0,528.0,168.0,36.0,534.0,159.0,108.0,110.0,105.0,105.0,283.0,
2018-01-08 14:00:00,22.0,556.0,157.0,9.0,573.0,157.0,0.0,543.0,159.0,10.0,524.0,166.0,6.0,548.0,161.0,10.0,531.0,165.0,16.0,537.0,157.0,104.0,105.0,105.0,103.0,295.0,
2018-01-08 15:00:00,7.0,560.0,154.0,3.0,573.0,155.0,0.0,542.0,157.0,2.0,525.0,163.0,3.0,549.0,159.0,2.0,533.0,163.0,5.0,539.0,154.0,100.0,101.0,101.0,103.0,244.0,
2018-01-08 16:00:00,1.0,562.0,152.0,0.0,572.0,153.0,0.0,543.0,155.0,0.0,528.0,160.0,0.0,548.0,157.0,0.0,535.0,160.0,0.0,541.0,151.0,120.0,111.0,100.0,100.0,253.0,1120.0
2018-01-08 17:00:00,1.0,563.0,152.0,0.0,566.0,152.0,2.0,544.0,154.0,0.0,533.0,159.0,0.0,552.0,156.0,0.0,538.0,159.0,0.0,543.0,150.0,233.0,179.0,102.0,115.0,354.0,7392.0
2018-01-08 18:00:00,1.0,551.0,163.0,0.0,572.0,157.0,19.0,553.0,158.0,0.0,538.0,165.0,0.0,546.0,161.0,0.0,511.0,174.0,5.0,542.0,162.0,566.0,494.0,115.0,163.0,634.0,9856.0
2018-01-08 19:00:00,1.0,532.0,173.0,0.0,567.0,164.0,10.0,557.0,164.0,0.0,529.0,172.0,1.0,543.0,167.0,2.0,505.0,182.0,7.0,537.0,175.0,555.0,491.0,118.0,134.0,506.0,7945.0
2018-01-08 20:00:00,7.0,617.0,178.0,1.0,589.0,170.0,0.0,591.0,169.0,0.0,550.0,177.0,2.0,617.0,171.0,4.0,592.0,203.0,7.0,531.0,195.0,548.0,490.0,99.0,197.0,684.0,9517.0
2018-01-08 21:00:00,4.0,648.0,180.0,0.0,600.0,173.0,0.0,593.0,172.0,0.0,579.0,183.0,2.0,647.0,173.0,4.0,604.0,200.0,5.0,510.0,204.0,518.0,466.0,86.0,323.0,604.0,9518.0
2018-01-08 22:00:00,6.0,633.0,183.0,0.0,602.0,175.0,0.0,595.0,174.0,0.0,580.0,185.0,3.0,621.0,175.0,8.0,570.0,194.0,5.0,498.0,210.0,532.0,480.0,95.0,262.0,1442.0,7728.0
2018-01-08 23:00:00,17.0,625.0,187.0,0.0,602.0,176.0,0.0,596.0,176.0,0.0,571.0,188.0,2.0,617.0,177.0,2.0,569.0,193.0,4.0,490.0,213.0,557.0,476.0,85.0,269.0,1962.0,8848.0
2018-01-09 00:00:00,1.0,599.0,189.0,2.0,596.0,178.0,0.0,597.0,178.0,0.0,567.0,192.0,1.0,612.0,177.0,0.0,566.0,191.0,3.0,483.0,216.0,495.0,453.0,120.0,159.0,548.0,4367.0
2018-01-09 01:00:00,1.0,576.0,186.0,4.0,620.0,175.0,0.0,603.0,176.0,0.0,561.0,190.0,1.0,595.0,176.0,0.0,562.0,188.0,0.0,495.0,202.0,279.0,281.0,129.0,135.0,244.0,
2018-01-09 02:00:00,1.0,571.0,179.0,0.0,636.0,172.0,0.0,592.0,172.0,0.0,567.0,185.0,1.0,588.0,173.0,0.0,562.0,183.0,0.0,516.0,187.0,183.0,188.0,126.0,124.0,251.0,
2018-01-09 03:00:00,1.0,569.0,172.0,0.0,649.0,169.0,0.0,583.0,168.0,0.0,574.0,181.0,1.0,577.0,171.0,0.0,554.0,177.0,0.0,523.0,178.0,143.0,147.0,119.0,117.0,253.0,
2018-01-09 04:00:00,1.0,571.0,167.0,0.0,653.0,167.0,0.0,576.0,166.0,0.0,577.0,178.0,0.0,570.0,169.0,0.0,552.0,174.0,0.0,526.0,172.0,124.0,127.0,114.0,112.0,290.0,
2018-01-09 05:00:00,1.0,576.0,164.0,0.0,655.0,165.0,0.0,572.0,164.0,0.0,585.0,175.0,1.0,569.0,167.0,0.0,553.0,171.0,0.0,528.0,169.0,155.0,142.0,110.0,110.0,291.0,1904.0
2018-01-09 06:00:00,0.0,578.0,164.0,0.0,667.0,164.0,0.0,572.0,162.0,0.0,589.0,175.0,1.0,570.0,166.0,0.0,552.0,171.0,0.0,527.0,170.0,221.0,202.0,114.0,113.0,266.0,2240.0
2018-01-09 07:00:00,22.0,719.0,170.0,5.0,656.0,164.0,11.0,583.0,162.0,0.0,583.0,175.0,1.0,580.0,166.0,1.0,559.0,173.0,1.0,522.0,173.0,365.0,226.0,99.0,216.0,466.0,7054.0
2018-01-09 08:00:00,7.0,699.0,174.0,1.0,661.0,163.0,2.0,630.0,163.0,0.0,584.0,174.0,1.0,649.0,166.0,0.0,631.0,175.0,1.0,560.0,173.0,371.0,227.0,106.0,221.0,389.0,2128.0
2018-01-09 09:00:00,6.0,629.0,172.0,3.0,633.0,162.0,1.0,606.0,163.0,0.0,578.0,172.0,2.0,624.0,166.0,0.0,601.0,174.0,3.0,554.0,177.0,287.0,257.0,124.0,137.0,244.0,3920.0
2018-01-09 10:00:00,11.0,607.0,172.0,8.0,619.0,162.0,5.0,595.0,162.0,2.0,577.0,171.0,3.0,602.0,166.0,3.0,579.0,175.0,9.0,537.0,179.0,290.0,266.0,126.0,126.0,258.0,2800.0
2018-01-09 11:00:00,13.0,593.0,172.0,11.0,611.0,161.0,6.0,590.0,162.0,2.0,575.0,171.0,4.0,594.0,166.0,4.0,567.0,176.0,11.0,529.0,181.0,324.0,266.0,129.0,125.0,268.0,3584.0
2018-01-09 12:00:00,13.0,584.0,172.0,7.0,606.0,161.0,6.0,588.0,162.0,2.0,574.0,171.0,4.0,588.0,166.0,4.0,558.0,176.0,8.0,523.0,181.0,296.0,270.0,130.0,125.0,251.0,2797.0
2018-01-09 13:00:00,9.0,579.0,172.0,5.0,603.0,161.0,3.0,587.0,162.0,1.0,572.0,171.0,3.0,585.0,165.0,2.0,555.0,176.0,6.0,520.0,182.0,295.0,267.0,130.0,125.0,258.0,3583.0
2018-01-09 14:00:00,7.0,575.0,172.0,3.0,600.0,161.0,2.0,586.0,162.0,0.0,570.0,170.0,2.0,583.0,165.0,1.0,551.0,177.0,3.0,518.0,182.0,296.0,271.0,130.0,125.0,241.0,2687.0
2018-01-09 15:00:00,2.0,573.0,172.0,0.0,599.0,160.0,0.0,587.0,161.0,0.0,569.0,170.0,1.0,583.0,165.0,0.0,550.0,177.0,0.0,516.0,182.0,312.0,279.0,130.0,125.0,285.0,3584.0
2018-01-09 16:00:00,1.0,570.0,173.0,0.0,598.0,160.0,0.0,587.0,161.0,0.0,567.0,170.0,1.0,581.0,165.0,0.0,548.0,177.0,0.0,513.0,183.0,330.0,280.0,130.0,127.0,240.0,3920.0
2018-01-09 17:00:00,16.0,574.0,173.0,0.0,600.0,160.0,7.0,593.0,161.0,0.0,565.0,170.0,1.0,588.0,165.0,1.0,550.0,178.0,1.0,510.0,184.0,389.0,285.0,115.0,191.0,1210.0,7840.0
2018-01-09 18:00:00,55.0,635.0,183.0,0.0,645.0,166.0,16.0,656.0,165.0,0.0,600.0,172.0,4.0,678.0,170.0,3.0,584.0,193.0,4.0,509.0,197.0,528.0,454.0,99.0,275.0,581.0,9408.0
2018-01-09 19:00:00,13.0,641.0,192.0,0.0,634.0,175.0,1.0,655.0,171.0,0.0,602.0,180.0,3.0,679.0,175.0,5.0,604.0,196.0,3.0,490.0,210.0,533.0,482.0,114.0,191.0,3117.0,7392.0
2018-01-09 20:00:00,8.0,628.0,195.0,0.0,659.0,177.0,0.0,645.0,174.0,0.0,614.0,183.0,2.0,702.0,179.0,4.0,639.0,209.0,6.0,512.0,207.0,425.0,394.0,82.0,289.0,1762.0,3246.0
2018-01-09 21:00:00,11.0,633.0,195.0,0.0,638.0,178.0,0.0,639.0,174.0,0.0,605.0,185.0,1.0,637.0,181.0,0.0,566.0,204.0,6.0,548.0,195.0,449.0,403.0,92.0,257.0,1570.0,5934.0
2018-01-09 22:00:00,16.0,627.0,197.0,0.0,648.0,178.0,0.0,636.0,174.0,0.0,607.0,186.0,1.0,647.0,181.0,0.0,618.0,197.0,1.0,594.0,193.0,484.0,336.0,102.0,299.0,321.0,3584.0
2018-01-09 23:00:00,0.0,618.0,189.0,0.0,652.0,175.0,0.0,637.0,172.0,0.0,606.0,184.0,0.0,656.0,178.0,0.0,629.0,189.0,0.0,610.0,184.0,320.0,231.0,132.0,182.0,223.0,
2018-01-10 00:00:00,0.0,616.0,180.0,0.0,644.0,172.0,0.0,632.0,169.0,0.0,617.0,181.0,1.0,643.0,175.0,0.0,616.0,182.0,0.0,611.0,178.0,198.0,177.0,130.0,135.0,251.0,
2018-01-10 01:00:00,0.0,620.0,173.0,0.0,637.0,169.0,0.0,630.0,167.0,0.0,609.0,179.0,1.0,629.0,172.0,0.0,610.0,177.0,0.0,613.0,173.0,181.0,163.0,125.0,123.0,256.0,2128.0
2018-01-10 02:00:00,0.0,627.0,174.0,0.0,633.0,168.0,0.0,630.0,165.0,0.0,621.0,179.0,1.0,626.0,171.0,0.0,616.0,176.0,0.0,625.0,172.0,228.0,210.0,125.0,123.0,243.0,1904.0
2018-01-10 03:00:00,0.0,623.0,175.0,0.0,635.0,167.0,0.0,630.0,165.0,0.0,628.0,179.0,1.0,625.0,171.0,0.0,619.0,175.0,0.0,624.0,172.0,258.0,235.0,126.0,124.0,260.0,3024.0
2018-01-10 04:00:00,0.0,614.0,176.0,0.0,636.0,167.0,0.0,630.0,165.0,0.0,637.0,179.0,1.0,622.0,171.0,0.0,610.0,176.0,0.0,619.0,172.0,274.0,253.0,130.0,125.0,237.0,2688.0
2018-01-10 05:00:00,0.0,604.0,178.0,0.0,636.0,166.0,0.0,633.0,165.0,0.0,644.0,180.0,1.0,618.0,171.0,0.0,602.0,177.0,0.0,611.0,173.0,393.0,263.0,132.0,128.0,264.0,2800.0
2018-01-10 06:00:00,0.0,597.0,179.0,0.0,634.0,166.0,0.0,636.0,165.0,0.0,646.0,180.0,0.0,615.0,171.0,0.0,595.0,178.0,0.0,601.0,173.0,298.0,272.0,135.0,130.0,265.0,4030.0
2018-01-10 07:00:00,24.0,768.0,184.0,0.0,654.0,166.0,4.0,643.0,165.0,0.0,654.0,181.0,1.0,633.0,171.0,1.0,613.0,179.0,0.0,594.0,173.0,263.0,250.0,97.0,221.0,534.0,5936.0
2018-01-10 08:00:00,20.0,661.0,180.0,0.0,672.0,166.0,2.0,660.0,166.0,0.0,624.0,179.0,2.0,666.0,171.0,1.0,646.0,180.0,1.0,619.0,170.0,246.0,229.0,110.0,223.0,317.0,2240.0
2018-01-10 09:00:00,33.0,641.0,178.0,0.0,658.0,165.0,0.0,643.0,165.0,0.0,613.0,176.0,2.0,638.0,171.0,0.0,619.0,179.0,1.0,613.0,171.0,279.0,247.0,112.0,241.0,318.0,3696.0
2018-01-10 10:00:00,7.0,633.0,178.0,4.0,655.0,165.0,3.0,641.0,165.0,0.0,611.0,175.0,5.0,647.0,171.0,11.0,634.0,179.0,4.0,610.0,171.0,346.0,248.0,110.0,272.0,425.0,2016.0
2018-01-10 11:00:00,8.0,629.0,179.0,4.0,651.0,165.0,2.0,646.0,165.0,0.0,613.0,175.0,3.0,639.0,171.0,4.0,614.0,180.0,4.0,618.0,171.0,320.0,266.0,105.0,198.0,349.0,560.0
2018-01-10 12:00:00,12.0,605.0,181.0,7.0,643.0,165.0,5.0,636.0,165.0,,,,3.0,629.0,171.0,3.0,601.0,180.0,6.0,608.0,172.0,311.0,274.0,125.0,144.0,245.0,4031.0
2018-01-10 13:00:00,9.0,588.0,182.0,5.0,633.0,165.0,3.0,628.0,165.0,,,,2.0,615.0,171.0,2.0,587.0,180.0,5.0,599.0,172.0,297.0,275.0,134.0,133.0,228.0,2688.0
2018-01-10 14:00:00,7.0,580.0,183.0,4.0,628.0,165.0,2.0,622.0,165.0,,,,2.0,609.0,171.0,1.0,580.0,181.0,3.0,595.0,173.0,288.0,274.0,135.0,132.0,223.0,1343.0
2018-01-10 15:00:00,3.0,573.0,183.0,1.0,623.0,165.0,0.0,618.0,165.0,0.0,600.0,173.0,1.0,604.0,171.0,0.0,574.0,181.0,1.0,591.0,172.0,290.0,272.0,135.0,130.0,279.0,2352.0
2018-01-10 16:00:00,1.0,569.0,183.0,0.0,620.0,165.0,0.0,616.0,165.0,,,,1.0,600.0,171.0,0.0,570.0,181.0,0.0,587.0,172.0,307.0,281.0,135.0,131.0,251.0,2688.0
2018-01-10 17:00:00,0.0,564.0,183.0,0.0,616.0,165.0,0.0,612.0,165.0,,,,1.0,596.0,171.0,0.0,566.0,181.0,0.0,583.0,173.0,297.0,278.0,135.0,132.0,223.0,1903.0
2018-01-10 18:00:00,1.0,576.0,182.0,0.0,632.0,165.0,0.0,627.0,165.0,0.0,592.0,173.0,1.0,613.0,171.0,2.0,615.0,184.0,5.0,582.0,173.0,268.0,254.0,109.0,181.0,539.0,2239.0
2018-01-10 19:00:00,40.0,659.0,183.0,0.0,652.0,165.0,1.0,654.0,165.0,0.0,601.0,173.0,2.0,651.0,172.0,1.0,624.0,184.0,9.0,599.0,172.0,339.0,281.0,83.0,375.0,561.0,11983.0
2018-01-10 20:00:00,8.0,691.0,196.0,0.0,650.0,171.0,0.0,679.0,171.0,0.0,618.0,180.0,1.0,678.0,177.0,2.0,635.0,189.0,5.0,601.0,182.0,540.0,461.0,95.0,218.0,2360.0,7276.0
2018-01-10 21:00:00,12.0,623.0,199.0,0.0,638.0,175.0,0.0,662.0,174.0,0.0,614.0,184.0,1.0,645.0,180.0,0.0,613.0,192.0,7.0,588.0,189.0,467.0,429.0,101.0,193.0,527.0,5820.0
2018-01-10 22:00:00,2.0,684.0,198.0,0.0,644.0,177.0,0.0,656.0,175.0,0.0,631.0,186.0,1.0,699.0,181.0,0.0,657.0,191.0,4.0,589.0,190.0,414.0,386.0,126.0,206.0,322.0,2687.0
2018-01-10 23:00:00,1.0,658.0,192.0,0.0,635.0,174.0,0.0,652.0,174.0,0.0,633.0,186.0,1.0,653.0,179.0,0.0,615.0,188.0,0.0,580.0,186.0,263.0,263.0,140.0,146.0,245.0,
2018-01-11 00:00:00,1.0,625.0,185.0,0.0,631.0,171.0,0.0,649.0,171.0,0.0,626.0,183.0,1.0,635.0,177.0,0.0,608.0,184.0,0.0,579.0,179.0,185.0,188.0,132.0,131.0,290.0,
2018-01-11 01:00:00,1.0,618.0,178.0,0.0,625.0,168.0,0.0,645.0,168.0,0.0,623.0,180.0,0.0,620.0,174.0,0.0,600.0,179.0,0.0,583.0,174.0,147.0,150.0,125.0,123.0,255.0,
2018-01-11 02:00:00,1.0,616.0,173.0,0.0,621.0,166.0,0.0,643.0,166.0,0.0,614.0,178.0,0.0,611.0,172.0,0.0,597.0,176.0,0.0,583.0,171.0,129.0,132.0,120.0,119.0,240.0,
2018-01-11 03:00:00,1.0,616.0,169.0,0.0,618.0,165.0,0.0,641.0,164.0,0.0,609.0,176.0,1.0,605.0,171.0,0.0,594.0,173.0,0.0,583.0,168.0,122.0,123.0,117.0,116.0,236.0,
2018-01-11 04:00:00,0.0,647.0,170.0,0.0,622.0,165.0,0.0,648.0,165.0,0.0,626.0,177.0,1.0,600.0,171.0,0.0,591.0,174.0,0.0,591.0,170.0,431.0,360.0,121.0,120.0,270.0,8959.0
2018-01-11 05:00:00,0.0,637.0,177.0,0.0,619.0,170.0,0.0,648.0,170.0,0.0,622.0,181.0,1.0,588.0,175.0,0.0,568.0,182.0,0.0,573.0,178.0,443.0,399.0,135.0,132.0,275.0,6272.0
2018-01-11 06:00:00,0.0,608.0,181.0,0.0,613.0,172.0,0.0,647.0,171.0,0.0,612.0,183.0,1.0,583.0,177.0,0.0,556.0,186.0,0.0,563.0,181.0,488.0,375.0,143.0,138.0,262.0,4703.0
2018-01-11 07:00:00,0.0,588.0,184.0,0.0,607.0,172.0,0.0,649.0,172.0,0.0,609.0,184.0,1.0,581.0,178.0,0.0,550.0,188.0,0.0,559.0,182.0,502.0,357.0,145.0,141.0,272.0,4704.0
2018-01-11 08:00:00,24.0,618.0,186.0,0.0,610.0,172.0,3.0,654.0,173.0,0.0,607.0,185.0,2.0,597.0,178.0,0.0,560.0,189.0,1.0,558.0,182.0,476.0,341.0,126.0,213.0,249.0,4925.0
2018-01-11 09:00:00,31.0,849.0,193.0,4.0,650.0,171.0,2.0,670.0,173.0,1.0,610.0,184.0,3.0,664.0,178.0,2.0,606.0,189.0,9.0,572.0,182.0,418.0,270.0,101.0,311.0,521.0,4140.0
2018-01-11 10:00:00,14.0,735.0,187.0,8.0,634.0,169.0,5.0,632.0,171.0,2.0,591.0,182.0,2.0,613.0,176.0,3.0,583.0,186.0,11.0,571.0,178.0,202.0,204.0,132.0,174.0,256.0,
2018-01-11 11:00:00,16.0,646.0,179.0,9.0,620.0,166.0,5.0,611.0,168.0,2.0,575.0,177.0,3.0,594.0,173.0,3.0,569.0,180.0,12.0,572.0,172.0,154.0,156.0,128.0,131.0,241.0,
2018-01-11 12:00:00,15.0,649.0,175.0,8.0,613.0,165.0,3.0,604.0,167.0,2.0,571.0,175.0,3.0,591.0,172.0,3.0,572.0,178.0,11.0,573.0,171.0,243.0,218.0,116.0,161.0,341.0,3248.0
2018-01-11 13:00:00,18.0,689.0,179.0,7.0,613.0,168.0,0.0,619.0,169.0,2.0,581.0,177.0,3.0,601.0,175.0,4.0,585.0,183.0,13.0,570.0,177.0,502.0,401.0,129.0,148.0,363.0,10416.0
2018-01-11 14:00:00,9.0,650.0,186.0,4.0,607.0,175.0,0.0,621.0,174.0,1.0,584.0,181.0,5.0,607.0,180.0,11.0,569.0,191.0,9.0,556.0,186.0,522.0,451.0,106.0,263.0,545.0,6495.0
2018-01-11 15:00:00,14.0,635.0,190.0,0.0,604.0,179.0,0.0,613.0,179.0,0.0,588.0,184.0,4.0,606.0,182.0,9.0,573.0,193.0,7.0,552.0,190.0,515.0,439.0,120.0,196.0,451.0,5488.0
2018-01-11 16:00:00,11.0,622.0,192.0,0.0,601.0,180.0,0.0,610.0,178.0,0.0,582.0,185.0,2.0,597.0,183.0,2.0,566.0,192.0,6.0,549.0,191.0,403.0,366.0,128.0,192.0,316.0,3247.0
2018-01-11 17:00:00,13.0,610.0,193.0,0.0,601.0,181.0,16.0,612.0,180.0,0.0,583.0,187.0,2.0,606.0,184.0,2.0,577.0,195.0,3.0,551.0,192.0,537.0,455.0,126.0,211.0,525.0,8848.0
2018-01-11 18:00:00,46.0,626.0,197.0,8.0,628.0,185.0,17.0,644.0,184.0,0.0,601.0,190.0,4.0,668.0,188.0,4.0,637.0,206.0,3.0,558.0,197.0,555.0,454.0,115.0,256.0,664.0,6384.0
2018-01-11 19:00:00,34.0,641.0,201.0,8.0,621.0,186.0,1.0,641.0,186.0,0.0,599.0,193.0,3.0,635.0,189.0,2.0,597.0,202.0,3.0,558.0,199.0,514.0,437.0,129.0,256.0,1257.0,4474.0
2018-01-11 20:00:00,4.0,613.0,200.0,7.0,626.0,185.0,0.0,640.0,185.0,0.0,595.0,193.0,1.0,631.0,189.0,0.0,567.0,209.0,4.0,562.0,197.0,309.0,315.0,96.0,192.0,2087.0,112.0
2018-01-11 21:00:00,1.0,600.0,194.0,7.0,623.0,183.0,0.0,639.0,181.0,0.0,591.0,190.0,1.0,620.0,187.0,0.0,563.0,203.0,5.0,570.0,190.0,198.0,203.0,91.0,145.0,1615.0,
2018-01-11 22:00:00,1.0,601.0,189.0,7.0,622.0,181.0,0.0,638.0,178.0,0.0,590.0,188.0,1.0,615.0,185.0,0.0,574.0,197.0,6.0,576.0,186.0,157.0,161.0,113.0,134.0,441.0,
2018-01-11 23:00:00,15.0,630.0,185.0,6.0,620.0,179.0,0.0,638.0,176.0,0.0,588.0,185.0,1.0,607.0,183.0,0.0,580.0,191.0,5.0,580.0,183.0,286.0,153.0,110.0,213.0,462.0,784.0
2018-01-12 00:00:00,2.0,623.0,181.0,0.0,624.0,177.0,0.0,639.0,173.0,0.0,598.0,184.0,1.0,615.0,181.0,0.0,595.0,187.0,0.0,585.0,180.0,276.0,163.0,107.0,179.0,250.0,
2018-01-12 01:00:00,1.0,616.0,179.0,0.0,626.0,176.0,0.0,638.0,173.0,0.0,609.0,183.0,1.0,616.0,180.0,0.0,601.0,185.0,0.0,586.0,179.0,202.0,152.0,120.0,140.0,288.0,
2018-01-12 03:00:00,1.0,619.0,171.0,0.0,626.0,170.0,0.0,638.0,168.0,0.0,626.0,179.0,1.0,599.0,174.0,0.0,588.0,177.0,0.0,590.0,172.0,166.0,149.0,120.0,118.0,236.0,1007.0
2018-01-12 04:00:00,1.0,624.0,172.0,0.0,623.0,169.0,0.0,644.0,167.0,0.0,639.0,179.0,1.0,603.0,174.0,0.0,592.0,177.0,0.0,592.0,171.0,194.0,177.0,120.0,120.0,285.0,1120.0
2018-01-12 05:00:00,1.0,620.0,173.0,0.0,620.0,169.0,0.0,643.0,167.0,0.0,640.0,179.0,1.0,605.0,173.0,0.0,591.0,177.0,0.0,592.0,171.0,215.0,206.0,125.0,123.0,276.0,1119.0
2018-01-12 06:00:00,1.0,613.0,174.0,0.0,618.0,168.0,0.0,643.0,166.0,0.0,649.0,179.0,1.0,604.0,173.0,0.0,586.0,178.0,0.0,589.0,172.0,245.0,228.0,128.0,125.0,272.0,1792.0
2018-01-12 07:00:00,1.0,608.0,175.0,0.0,617.0,168.0,0.0,643.0,166.0,0.0,657.0,180.0,1.0,603.0,173.0,0.0,582.0,179.0,0.0,587.0,172.0,273.0,243.0,130.0,127.0,286.0,3136.0
2018-01-12 08:00:00,48.0,619.0,176.0,0.0,624.0,168.0,0.0,644.0,166.0,0.0,643.0,179.0,3.0,608.0,173.0,1.0,584.0,180.0,2.0,588.0,172.0,238.0,226.0,109.0,152.0,286.0,2799.0
2018-01-12 09:00:00,13.0,754.0,180.0,1.0,663.0,168.0,2.0,666.0,166.0,1.0,624.0,179.0,3.0,641.0,173.0,2.0,635.0,180.0,6.0,601.0,172.0,270.0,223.0,100.0,265.0,485.0,3360.0
2018-01-12 10:00:00,26.0,710.0,182.0,18.0,646.0,172.0,13.0,653.0,170.0,6.0,625.0,182.0,6.0,641.0,176.0,11.0,620.0,186.0,22.0,598.0,181.0,496.0,437.0,124.0,149.0,509.0,7277.0
2018-01-12 11:00:00,37.0,702.0,188.0,25.0,634.0,178.0,18.0,638.0,177.0,8.0,618.0,186.0,7.0,636.0,181.0,15.0,599.0,192.0,37.0,587.0,191.0,525.0,474.0,140.0,144.0,388.0,5487.0
2018-01-12 12:00:00,29.0,683.0,192.0,18.0,634.0,182.0,13.0,638.0,180.0,7.0,609.0,190.0,8.0,652.0,184.0,18.0,636.0,198.0,22.0,569.0,197.0,471.0,422.0,133.0,145.0,513.0,5936.0
2018-01-12 13:00:00,37.0,681.0,193.0,18.0,636.0,183.0,42.0,656.0,182.0,13.0,613.0,192.0,9.0,640.0,185.0,19.0,625.0,198.0,32.0,575.0,198.0,429.0,390.0,103.0,222.0,512.0,4816.0
2018-01-12 14:00:00,18.0,676.0,195.0,11.0,631.0,184.0,0.0,653.0,183.0,6.0,609.0,193.0,6.0,634.0,186.0,14.0,609.0,196.0,24.0,601.0,199.0,443.0,387.0,137.0,169.0,375.0,4926.0
2018-01-12 15:00:00,19.0,636.0,196.0,2.0,628.0,184.0,0.0,640.0,183.0,2.0,597.0,194.0,5.0,629.0,186.0,3.0,603.0,196.0,8.0,568.0,200.0,362.0,346.0,110.0,212.0,808.0,1455.0
2018-01-12 16:00:00,1.0,615.0,193.0,0.0,621.0,181.0,0.0,630.0,181.0,0.0,587.0,193.0,5.0,618.0,185.0,0.0,596.0,195.0,5.0,560.0,194.0,239.0,239.0,133.0,152.0,344.0,
2018-01-12 17:00:00,2.0,615.0,188.0,0.0,618.0,180.0,0.0,623.0,179.0,0.0,587.0,190.0,6.0,612.0,184.0,2.0,586.0,194.0,5.0,566.0,190.0,384.0,328.0,120.0,136.0,2196.0,7728.0
2018-01-12 18:00:00,33.0,772.0,196.0,0.0,637.0,185.0,7.0,658.0,183.0,0.0,601.0,194.0,7.0,652.0,189.0,2.0,561.0,209.0,5.0,565.0,197.0,451.0,357.0,85.0,364.0,1523.0,7839.0
2018-01-12 19:00:00,9.0,717.0,204.0,0.0,639.0,185.0,0.0,678.0,184.0,0.0,601.0,196.0,6.0,645.0,190.0,3.0,574.0,208.0,5.0,571.0,197.0,365.0,336.0,113.0,233.0,1885.0,3696.0
2018-01-12 20:00:00,0.0,685.0,201.0,0.0,641.0,187.0,0.0,669.0,183.0,0.0,603.0,196.0,2.0,637.0,192.0,0.0,556.0,217.0,7.0,584.0,196.0,308.0,285.0,120.0,176.0,592.0,2800.0
2018-01-12 21:00:00,0.0,689.0,199.0,0.0,613.0,186.0,0.0,662.0,182.0,0.0,592.0,196.0,1.0,607.0,193.0,0.0,534.0,214.0,7.0,591.0,196.0,321.0,299.0,143.0,147.0,396.0,2576.0
2018-01-12 22:00:00,20.0,664.0,200.0,0.0,632.0,186.0,0.0,659.0,182.0,0.0,593.0,197.0,1.0,615.0,192.0,0.0,550.0,209.0,2.0,590.0,197.0,386.0,325.0,107.0,275.0,792.0,4032.0
2018-01-12 23:00:00,0.0,626.0,199.0,0.0,646.0,184.0,0.0,656.0,181.0,0.0,613.0,198.0,1.0,616.0,191.0,0.0,563.0,204.0,0.0,592.0,194.0,245.0,245.0,113.0,178.0,910.0,
2018-01-13 00:00:00,2.0,613.0,192.0,0.0,639.0,182.0,0.0,653.0,179.0,0.0,615.0,195.0,1.0,609.0,188.0,0.0,566.0,199.0,0.0,595.0,188.0,176.0,178.0,129.0,138.0,220.0,
2018-01-13 01:00:00,1.0,602.0,187.0,0.0,638.0,180.0,0.0,652.0,177.0,0.0,617.0,192.0,1.0,603.0,186.0,0.0,567.0,195.0,0.0,596.0,184.0,148.0,151.0,121.0,129.0,242.0,
2018-01-13 02:00:00,1.0,597.0,183.0,0.0,641.0,178.0,0.0,650.0,175.0,0.0,620.0,190.0,1.0,595.0,184.0,0.0,567.0,191.0,0.0,595.0,180.0,134.0,136.0,125.0,124.0,236.0,
2018-01-13 03:00:00,1.0,594.0,179.0,0.0,642.0,176.0,0.0,648.0,173.0,0.0,623.0,188.0,0.0,589.0,181.0,0.0,566.0,187.0,0.0,593.0,177.0,126.0,127.0,122.0,121.0,252.0,
2018-01-13 04:00:00,1.0,593.0,176.0,0.0,641.0,174.0,0.0,648.0,172.0,0.0,622.0,186.0,1.0,584.0,179.0,0.0,565.0,184.0,0.0,590.0,175.0,121.0,122.0,120.0,119.0,252.0,
2018-01-13 05:00:00,0.0,599.0,173.0,0.0,639.0,172.0,0.0,647.0,170.0,0.0,628.0,184.0,0.0,584.0,177.0,0.0,566.0,181.0,0.0,590.0,173.0,118.0,118.0,119.0,118.0,230.0,
2018-01-13 06:00:00,0.0,603.0,172.0,0.0,635.0,171.0,0.0,647.0,169.0,0.0,632.0,183.0,0.0,586.0,175.0,0.0,569.0,180.0,0.0,592.0,171.0,176.0,159.0,118.0,118.0,287.0,2016.0
2018-01-13 07:00:00,1.0,603.0,173.0,0.0,630.0,170.0,0.0,648.0,168.0,0.0,636.0,182.0,1.0,589.0,175.0,0.0,572.0,180.0,0.0,593.0,171.0,219.0,200.0,123.0,121.0,278.0,2352.0
2018-01-13 08:00:00,1.0,596.0,174.0,0.0,625.0,169.0,0.0,648.0,168.0,0.0,638.0,183.0,1.0,589.0,175.0,0.0,568.0,180.0,0.0,592.0,172.0,229.0,212.0,125.0,124.0,250.0,2015.0
2018-01-13 09:00:00,12.0,593.0,176.0,0.0,624.0,169.0,13.0,651.0,168.0,0.0,635.0,183.0,1.0,593.0,174.0,2.0,569.0,181.0,0.0,592.0,172.0,252.0,232.0,112.0,160.0,285.0,2128.0
2018-01-13 10:00:00,19.0,835.0,183.0,2.0,651.0,169.0,16.0,657.0,169.0,0.0,619.0,182.0,2.0,628.0,175.0,3.0,611.0,183.0,7.0,608.0,172.0,393.0,223.0,92.0,280.0,1358.0,5600.0
2018-01-13 11:00:00,11.0,704.0,180.0,5.0,633.0,168.0,3.0,620.0,168.0,1.0,588.0,179.0,3.0,612.0,173.0,3.0,589.0,182.0,11.0,603.0,170.0,186.0,185.0,101.0,150.0,435.0,
2018-01-13 12:00:00,21.0,647.0,175.0,12.0,636.0,166.0,11.0,617.0,166.0,4.0,586.0,177.0,5.0,600.0,171.0,8.0,574.0,179.0,18.0,602.0,167.0,150.0,151.0,118.0,127.0,337.0,
2018-01-13 13:00:00,30.0,626.0,171.0,17.0,636.0,165.0,19.0,613.0,165.0,8.0,581.0,174.0,8.0,594.0,170.0,14.0,571.0,176.0,25.0,602.0,164.0,133.0,134.0,120.0,121.0,279.0,
2018-01-13 14:00:00,21.0,619.0,168.0,9.0,635.0,163.0,9.0,611.0,163.0,3.0,577.0,172.0,4.0,592.0,168.0,8.0,574.0,174.0,16.0,601.0,163.0,193.0,155.0,119.0,118.0,331.0,5372.0
2018-01-13 15:00:00,4.0,679.0,175.0,2.0,644.0,169.0,0.0,632.0,166.0,0.0,600.0,176.0,2.0,625.0,173.0,2.0,595.0,184.0,9.0,599.0,178.0,552.0,486.0,109.0,201.0,606.0,7840.0
2018-01-13 16:00:00,10.0,712.0,184.0,4.0,646.0,177.0,2.0,638.0,173.0,0.0,597.0,184.0,2.0,630.0,178.0,4.0,579.0,193.0,7.0,563.0,194.0,533.0,483.0,111.0,196.0,688.0,6830.0
2018-01-13 17:00:00,5.0,745.0,189.0,9.0,653.0,181.0,2.0,650.0,176.0,0.0,593.0,190.0,3.0,678.0,182.0,5.0,632.0,200.0,6.0,566.0,197.0,534.0,467.0,116.0,237.0,1628.0,7615.0
2018-01-13 18:00:00,11.0,697.0,193.0,7.0,658.0,183.0,2.0,657.0,180.0,0.0,586.0,193.0,2.0,653.0,184.0,2.0,607.0,200.0,5.0,591.0,195.0,541.0,463.0,108.0,242.0,1391.0,5600.0
2018-01-13 19:00:00,1.0,710.0,195.0,7.0,669.0,185.0,0.0,652.0,182.0,0.0,595.0,196.0,1.0,699.0,187.0,2.0,686.0,203.0,6.0,596.0,199.0,553.0,449.0,114.0,172.0,3380.0,5488.0
2018-01-13 20:00:00,5.0,744.0,196.0,7.0,723.0,188.0,0.0,664.0,184.0,0.0,594.0,198.0,1.0,755.0,191.0,2.0,690.0,216.0,6.0,625.0,201.0,473.0,407.0,118.0,186.0,1150.0,4704.0
2018-01-13 21:00:00,0.0,700.0,197.0,7.0,671.0,189.0,0.0,661.0,184.0,0.0,595.0,199.0,1.0,665.0,191.0,2.0,616.0,213.0,6.0,623.0,203.0,479.0,394.0,147.0,176.0,409.0,4144.0
2018-01-13 22:00:00,1.0,674.0,198.0,7.0,649.0,189.0,0.0,658.0,185.0,0.0,586.0,202.0,1.0,644.0,191.0,2.0,601.0,206.0,6.0,624.0,205.0,477.0,411.0,150.0,156.0,480.0,4479.0
2018-01-13 23:00:00,1.0,659.0,198.0,7.0,638.0,189.0,0.0,654.0,186.0,0.0,569.0,205.0,1.0,636.0,191.0,0.0,603.0,201.0,7.0,616.0,209.0,440.0,401.0,129.0,191.0,349.0,4367.0
2018-01-14 00:00:00,9.0,649.0,197.0,7.0,631.0,188.0,0.0,652.0,186.0,0.0,563.0,204.0,1.0,628.0,190.0,1.0,601.0,198.0,6.0,607.0,208.0,293.0,292.0,138.0,197.0,354.0,
2018-01-14 01:00:00,4.0,655.0,193.0,0.0,637.0,186.0,0.0,662.0,185.0,0.0,571.0,199.0,1.0,639.0,188.0,0.0,617.0,195.0,0.0,588.0,199.0,199.0,202.0,103.0,253.0,1021.0,448.0
2018-01-14 02:00:00,0.0,648.0,188.0,0.0,636.0,184.0,0.0,659.0,183.0,0.0,575.0,196.0,1.0,629.0,186.0,0.0,614.0,191.0,0.0,593.0,192.0,163.0,166.0,115.0,154.0,926.0,
2018-01-14 03:00:00,0.0,642.0,184.0,0.0,634.0,182.0,0.0,654.0,180.0,0.0,573.0,193.0,1.0,618.0,185.0,0.0,609.0,189.0,0.0,595.0,188.0,145.0,147.0,129.0,134.0,268.0,
2018-01-14 04:00:00,0.0,634.0,180.0,0.0,630.0,180.0,0.0,650.0,178.0,0.0,573.0,190.0,1.0,605.0,183.0,0.0,597.0,186.0,0.0,593.0,184.0,133.0,135.0,127.0,126.0,271.0,
2018-01-14 05:00:00,0.0,631.0,177.0,0.0,629.0,178.0,0.0,648.0,176.0,0.0,573.0,188.0,1.0,601.0,181.0,0.0,590.0,183.0,0.0,591.0,181.0,126.0,127.0,125.0,123.0,239.0,
2018-01-14 06:00:00,0.0,630.0,175.0,0.0,627.0,176.0,0.0,647.0,174.0,0.0,573.0,186.0,0.0,598.0,179.0,0.0,589.0,181.0,0.0,590.0,179.0,122.0,123.0,120.0,121.0,286.0,
2018-01-14 07:00:00,0.0,627.0,173.0,0.0,626.0,174.0,0.0,646.0,173.0,0.0,569.0,184.0,0.0,597.0,177.0,0.0,589.0,179.0,0.0,590.0,176.0,120.0,119.0,120.0,119.0,274.0,
2018-01-14 08:00:00,3.0,621.0,172.0,0.0,624.0,172.0,0.0,646.0,171.0,0.0,565.0,181.0,1.0,594.0,175.0,0.0,588.0,177.0,0.0,589.0,174.0,115.0,117.0,119.0,118.0,266.0,
2018-01-14 09:00:00,14.0,637.0,173.0,2.0,620.0,173.0,2.0,632.0,172.0,0.0,571.0,181.0,3.0,604.0,175.0,5.0,603.0,179.0,3.0,594.0,176.0,370.0,293.0,100.0,161.0,460.0,9853.0
2018-01-14 10:00:00,26.0,803.0,186.0,13.0,620.0,176.0,7.0,622.0,176.0,3.0,572.0,186.0,5.0,613.0,181.0,11.0,589.0,193.0,14.0,591.0,184.0,485.0,334.0,96.0,252.0,1242.0,4480.0
2018-01-14 11:00:00,29.0,744.0,188.0,15.0,623.0,177.0,12.0,628.0,177.0,7.0,567.0,185.0,6.0,609.0,182.0,10.0,574.0,196.0,23.0,580.0,186.0,437.0,334.0,102.0,184.0,555.0,4031.0
2018-01-14 12:00:00,28.0,656.0,189.0,17.0,617.0,178.0,19.0,614.0,177.0,8.0,556.0,185.0,9.0,613.0,182.0,13.0,568.0,196.0,21.0,557.0,188.0,375.0,343.0,118.0,186.0,234.0,3135.0
2018-01-14 13:00:00,24.0,611.0,189.0,18.0,618.0,178.0,8.0,605.0,177.0,5.0,546.0,185.0,6.0,594.0,182.0,9.0,556.0,197.0,17.0,544.0,188.0,392.0,341.0,143.0,147.0,459.0,5928.0
2018-01-14 14:00:00,13.0,641.0,191.0,8.0,607.0,184.0,0.0,611.0,180.0,2.0,544.0,188.0,4.0,587.0,186.0,7.0,550.0,205.0,20.0,555.0,192.0,500.0,447.0,117.0,202.0,1048.0,6718.0
2018-01-14 15:00:00,6.0,642.0,195.0,1.0,614.0,187.0,0.0,620.0,184.0,0.0,570.0,192.0,3.0,676.0,190.0,6.0,622.0,216.0,12.0,561.0,196.0,522.0,444.0,112.0,162.0,1734.0,6382.0
2018-01-14 16:00:00,1.0,621.0,198.0,0.0,617.0,189.0,0.0,616.0,187.0,0.0,565.0,195.0,1.0,649.0,191.0,8.0,665.0,219.0,12.0,567.0,201.0,490.0,439.0,113.0,246.0,2139.0,5597.0
2018-01-14 17:00:00,10.0,645.0,201.0,0.0,648.0,191.0,12.0,656.0,188.0,0.0,587.0,198.0,3.0,681.0,194.0,6.0,602.0,223.0,7.0,590.0,210.0,517.0,412.0,104.0,260.0,3156.0,8063.0
2018-01-14 18:00:00,24.0,715.0,207.0,0.0,687.0,192.0,7.0,696.0,190.0,0.0,616.0,199.0,3.0,703.0,197.0,5.0,624.0,227.0,6.0,587.0,213.0,438.0,327.0,88.0,343.0,2705.0,4254.0
2018-01-14 19:00:00,4.0,617.0,211.0,0.0,699.0,192.0,0.0,691.0,188.0,0.0,625.0,199.0,1.0,690.0,199.0,1.0,598.0,231.0,5.0,596.0,213.0,407.0,314.0,105.0,225.0,1559.0,3360.0
2018-01-14 20:00:00,18.0,643.0,210.0,3.0,689.0,192.0,0.0,670.0,186.0,0.0,626.0,199.0,1.0,663.0,199.0,1.0,560.0,230.0,6.0,593.0,215.0,356.0,314.0,108.0,228.0,425.0,4144.0
2018-01-14 21:00:00,7.0,648.0,207.0,6.0,691.0,191.0,0.0,653.0,186.0,0.0,615.0,199.0,1.0,654.0,199.0,0.0,561.0,223.0,6.0,580.0,220.0,413.0,357.0,121.0,284.0,385.0,4703.0
2018-01-14 22:00:00,6.0,646.0,204.0,2.0,686.0,191.0,0.0,646.0,186.0,0.0,607.0,198.0,1.0,653.0,197.0,0.0,579.0,215.0,2.0,559.0,222.0,338.0,328.0,126.0,230.0,324.0,1008.0
2018-01-14 23:00:00,0.0,626.0,198.0,0.0,674.0,188.0,0.0,643.0,184.0,0.0,601.0,197.0,1.0,632.0,194.0,0.0,576.0,208.0,0.0,572.0,209.0,217.0,218.0,140.0,159.0,248.0,
2018-01-15 00:00:00,0.0,613.0,192.0,0.0,672.0,186.0,0.0,636.0,181.0,0.0,598.0,194.0,1.0,615.0,192.0,0.0,575.0,202.0,0.0,581.0,199.0,167.0,169.0,136.0,137.0,234.0,
2018-01-15 01:00:00,0.0,614.0,187.0,0.0,674.0,184.0,0.0,631.0,179.0,0.0,605.0,193.0,1.0,609.0,189.0,0.0,580.0,197.0,0.0,589.0,193.0,145.0,147.0,131.0,130.0,281.0,
2018-01-15 04:00:00,0.0,623.0,179.0,0.0,675.0,178.0,0.0,628.0,173.0,0.0,624.0,187.0,1.0,608.0,183.0,0.0,592.0,187.0,0.0,604.0,183.0,121.0,123.0,122.0,123.0,243.0,
2018-01-15 05:00:00,0.0,625.0,178.0,0.0,675.0,176.0,0.0,628.0,172.0,0.0,620.0,186.0,1.0,610.0,181.0,0.0,595.0,185.0,0.0,607.0,180.0,120.0,120.0,120.0,120.0,270.0,
2018-01-15 06:00:00,4.0,627.0,176.0,0.0,674.0,175.0,0.0,629.0,170.0,0.0,624.0,184.0,0.0,611.0,180.0,0.0,597.0,183.0,0.0,609.0,178.0,118.0,118.0,119.0,119.0,418.0,
2018-01-15 07:00:00,19.0,938.0,186.0,0.0,674.0,174.0,16.0,642.0,170.0,0.0,631.0,183.0,2.0,638.0,179.0,2.0,646.0,183.0,3.0,616.0,176.0,125.0,125.0,92.0,308.0,576.0,5487.0
2018-01-15 08:00:00,12.0,785.0,180.0,0.0,681.0,173.0,0.0,669.0,170.0,0.0,620.0,182.0,2.0,656.0,178.0,2.0,647.0,182.0,4.0,632.0,175.0,302.0,137.0,107.0,257.0,333.0,1792.0
2018-01-15 09:00:00,10.0,684.0,175.0,8.0,684.0,171.0,0.0,662.0,169.0,1.0,619.0,179.0,3.0,648.0,176.0,2.0,636.0,180.0,10.0,643.0,173.0,267.0,166.0,128.0,168.0,272.0,896.0
2018-01-15 10:00:00,14.0,673.0,174.0,9.0,677.0,170.0,0.0,655.0,168.0,2.0,617.0,178.0,4.0,644.0,176.0,3.0,630.0,180.0,12.0,636.0,173.0,184.0,176.0,130.0,136.0,214.0,223.0
2018-01-15 11:00:00,23.0,658.0,174.0,19.0,671.0,169.0,0.0,654.0,168.0,4.0,615.0,177.0,6.0,635.0,175.0,7.0,618.0,181.0,23.0,625.0,175.0,217.0,206.0,130.0,130.0,275.0,3018.0
2018-01-15 12:00:00,32.0,643.0,175.0,21.0,667.0,169.0,0.0,652.0,168.0,8.0,613.0,177.0,8.0,627.0,176.0,12.0,604.0,183.0,33.0,614.0,177.0,239.0,223.0,130.0,130.0,268.0,2237.0
2018-01-15 13:00:00,33.0,631.0,176.0,22.0,664.0,169.0,0.0,649.0,168.0,15.0,609.0,177.0,10.0,622.0,175.0,19.0,595.0,184.0,40.0,607.0,178.0,248.0,228.0,130.0,130.0,262.0,1903.0
2018-01-15 14:00:00,20.0,622.0,176.0,12.0,660.0,168.0,0.0,646.0,168.0,11.0,607.0,176.0,8.0,619.0,175.0,15.0,588.0,185.0,22.0,605.0,179.0,235.0,223.0,131.0,130.0,253.0,1568.0
2018-01-15 15:00:00,7.0,611.0,176.0,4.0,657.0,168.0,0.0,640.0,167.0,2.0,600.0,176.0,3.0,613.0,175.0,2.0,580.0,185.0,7.0,597.0,178.0,254.0,231.0,133.0,130.0,240.0,2240.0
2018-01-15 16:00:00,1.0,599.0,176.0,0.0,650.0,168.0,0.0,634.0,167.0,0.0,594.0,175.0,0.0,606.0,175.0,0.0,568.0,185.0,0.0,580.0,180.0,278.0,254.0,135.0,132.0,295.0,2800.0
2018-01-15 17:00:00,1.0,597.0,177.0,0.0,646.0,168.0,0.0,631.0,167.0,0.0,594.0,175.0,0.0,602.0,175.0,0.0,563.0,187.0,0.0,568.0,182.0,281.0,259.0,135.0,133.0,253.0,2800.0
2018-01-15 18:00:00,0.0,596.0,177.0,0.0,643.0,168.0,0.0,629.0,167.0,0.0,594.0,175.0,1.0,601.0,175.0,0.0,560.0,187.0,1.0,565.0,182.0,283.0,260.0,135.0,133.0,374.0,1343.0
2018-01-15 19:00:00,7.0,595.0,180.0,0.0,652.0,171.0,0.0,643.0,168.0,0.0,598.0,177.0,1.0,609.0,177.0,1.0,568.0,194.0,4.0,558.0,190.0,483.0,417.0,136.0,135.0,601.0,5375.0
2018-01-15 20:00:00,4.0,610.0,189.0,0.0,687.0,177.0,0.0,666.0,172.0,0.0,629.0,182.0,2.0,679.0,183.0,2.0,607.0,213.0,7.0,558.0,203.0,485.0,434.0,122.0,144.0,886.0,6607.0
2018-01-15 21:00:00,18.0,659.0,194.0,0.0,668.0,180.0,0.0,649.0,174.0,0.0,617.0,186.0,1.0,633.0,184.0,0.0,575.0,203.0,8.0,550.0,209.0,470.0,421.0,89.0,249.0,2478.0,10639.0
2018-01-15 22:00:00,31.0,957.0,207.0,0.0,656.0,180.0,0.0,642.0,175.0,0.0,613.0,188.0,1.0,652.0,184.0,0.0,590.0,200.0,8.0,543.0,210.0,444.0,365.0,88.0,338.0,729.0,6048.0
2018-01-15 23:00:00,0.0,785.0,203.0,0.0,661.0,181.0,0.0,638.0,175.0,0.0,632.0,190.0,1.0,654.0,185.0,0.0,593.0,201.0,7.0,538.0,211.0,405.0,371.0,131.0,180.0,480.0,3808.0
2018-01-16 00:00:00,0.0,664.0,197.0,0.0,651.0,181.0,0.0,632.0,175.0,0.0,621.0,189.0,0.0,639.0,186.0,0.0,574.0,202.0,7.0,535.0,212.0,332.0,326.0,147.0,151.0,336.0,1792.0
2018-01-16 01:00:00,0.0,622.0,191.0,0.0,640.0,179.0,0.0,636.0,173.0,0.0,613.0,187.0,0.0,623.0,184.0,0.0,573.0,198.0,3.0,546.0,202.0,228.0,228.0,142.0,140.0,263.0,
2018-01-16 02:00:00,1.0,610.0,185.0,0.0,637.0,176.0,0.0,633.0,170.0,0.0,612.0,184.0,0.0,611.0,182.0,0.0,573.0,192.0,0.0,557.0,190.0,169.0,171.0,134.0,132.0,216.0,
2018-01-16 03:00:00,0.0,603.0,180.0,0.0,638.0,175.0,0.0,625.0,168.0,0.0,616.0,182.0,0.0,600.0,179.0,0.0,574.0,187.0,0.0,568.0,184.0,145.0,148.0,129.0,127.0,222.0,
2018-01-16 04:00:00,1.0,601.0,175.0,0.0,640.0,173.0,0.0,619.0,166.0,0.0,604.0,180.0,1.0,592.0,177.0,0.0,574.0,182.0,0.0,573.0,179.0,130.0,132.0,124.0,123.0,268.0,
2018-01-16 05:00:00,1.0,599.0,172.0,0.0,638.0,170.0,0.0,612.0,163.0,0.0,602.0,178.0,1.0,586.0,175.0,0.0,573.0,179.0,0.0,576.0,175.0,146.0,137.0,120.0,120.0,233.0,1119.0
2018-01-16 06:00:00,4.0,598.0,171.0,0.0,627.0,169.0,0.0,609.0,162.0,0.0,613.0,177.0,1.0,587.0,174.0,0.0,572.0,178.0,0.0,575.0,175.0,203.0,183.0,121.0,121.0,309.0,1456.0
2018-01-16 07:00:00,31.0,728.0,177.0,0.0,672.0,169.0,1.0,618.0,162.0,0.0,614.0,177.0,3.0,629.0,175.0,2.0,661.0,185.0,0.0,580.0,176.0,407.0,194.0,86.0,292.0,544.0,3472.0
2018-01-16 08:00:00,1.0,637.0,175.0,0.0,657.0,168.0,0.0,660.0,164.0,0.0,597.0,175.0,2.0,625.0,174.0,0.0,605.0,184.0,3.0,593.0,176.0,249.0,220.0,95.0,172.0,1327.0,4029.0
2018-01-16 09:00:00,10.0,620.0,175.0,8.0,650.0,167.0,,,,2.0,594.0,174.0,3.0,612.0,174.0,2.0,586.0,184.0,11.0,580.0,178.0,263.0,243.0,115.0,136.0,583.0,2016.0
2018-01-16 10:00:00,25.0,603.0,175.0,21.0,646.0,167.0,,,,6.0,591.0,173.0,6.0,601.0,174.0,8.0,567.0,185.0,26.0,573.0,179.0,276.0,253.0,129.0,130.0,291.0,2912.0
2018-01-16 11:00:00,32.0,591.0,176.0,26.0,644.0,167.0,,,,9.0,590.0,173.0,7.0,595.0,173.0,10.0,557.0,185.0,33.0,565.0,180.0,293.0,264.0,130.0,130.0,290.0,3919.0
2018-01-16 12:00:00,21.0,576.0,176.0,14.0,638.0,167.0,,,,5.0,588.0,173.0,5.0,592.0,173.0,6.0,547.0,186.0,19.0,555.0,182.0,300.0,277.0,135.0,130.0,270.0,2240.0
2018-01-16 13:00:00,34.0,567.0,177.0,21.0,630.0,167.0,,,,11.0,583.0,173.0,8.0,584.0,173.0,11.0,540.0,187.0,33.0,547.0,183.0,300.0,278.0,135.0,132.0,289.0,3024.0
2018-01-16 14:00:00,12.0,560.0,177.0,6.0,625.0,166.0,,,,1.0,579.0,173.0,3.0,582.0,173.0,2.0,533.0,188.0,8.0,544.0,183.0,313.0,281.0,135.0,132.0,287.0,4032.0
2018-01-16 15:00:00,5.0,553.0,178.0,1.0,619.0,166.0,,,,0.0,573.0,172.0,2.0,576.0,173.0,0.0,524.0,188.0,2.0,539.0,183.0,313.0,286.0,135.0,133.0,277.0,3023.0
2018-01-16 16:00:00,1.0,550.0,178.0,0.0,617.0,166.0,,,,0.0,569.0,172.0,1.0,573.0,173.0,0.0,520.0,189.0,0.0,535.0,183.0,317.0,289.0,135.0,133.0,279.0,3692.0
2018-01-16 17:00:00,1.0,549.0,178.0,0.0,613.0,165.0,,600.0,163.0,0.0,567.0,172.0,1.0,573.0,172.0,0.0,518.0,189.0,0.0,534.0,183.0,311.0,285.0,135.0,133.0,283.0,3808.0
2018-01-16 18:00:00,30.0,569.0,179.0,0.0,625.0,166.0,13.0,608.0,163.0,0.0,569.0,172.0,2.0,591.0,173.0,1.0,540.0,191.0,2.0,531.0,185.0,418.0,356.0,104.0,231.0,1972.0,11423.0
2018-01-16 19:00:00,25.0,766.0,192.0,0.0,672.0,175.0,3.0,708.0,170.0,0.0,623.0,178.0,2.0,707.0,181.0,1.0,614.0,214.0,3.0,535.0,201.0,544.0,484.0,91.0,315.0,2035.0,8959.0
2018-01-16 20:00:00,0.0,653.0,198.0,1.0,671.0,182.0,0.0,669.0,173.0,0.0,633.0,183.0,1.0,674.0,185.0,1.0,561.0,220.0,5.0,543.0,209.0,544.0,487.0,111.0,202.0,481.0,7616.0
2018-01-16 21:00:00,0.0,597.0,199.0,0.0,661.0,185.0,0.0,650.0,175.0,0.0,611.0,185.0,1.0,625.0,185.0,0.0,545.0,209.0,6.0,536.0,209.0,548.0,489.0,141.0,156.0,442.0,7279.0
2018-01-16 22:00:00,23.0,604.0,201.0,0.0,648.0,185.0,0.0,643.0,177.0,0.0,597.0,186.0,1.0,614.0,186.0,0.0,555.0,203.0,4.0,531.0,210.0,491.0,446.0,109.0,235.0,1003.0,5376.0
2018-01-16 23:00:00,0.0,614.0,196.0,0.0,624.0,182.0,0.0,642.0,175.0,0.0,570.0,184.0,1.0,618.0,184.0,0.0,569.0,198.0,2.0,532.0,202.0,277.0,276.0,101.0,180.0,806.0,
2018-01-17 00:00:00,1.0,598.0,187.0,0.0,631.0,178.0,0.0,640.0,170.0,0.0,533.0,179.0,1.0,612.0,181.0,0.0,575.0,191.0,5.0,548.0,190.0,184.0,187.0,124.0,136.0,272.0,
2018-01-17 01:00:00,1.0,588.0,180.0,0.0,643.0,175.0,0.0,629.0,167.0,0.0,525.0,175.0,1.0,594.0,178.0,0.0,566.0,186.0,0.0,558.0,182.0,146.0,150.0,125.0,125.0,237.0,
2018-01-17 02:00:00,1.0,584.0,175.0,0.0,636.0,173.0,0.0,623.0,164.0,0.0,553.0,174.0,0.0,584.0,176.0,0.0,561.0,182.0,0.0,563.0,178.0,190.0,173.0,124.0,122.0,274.0,2128.0
2018-01-17 03:00:00,0.0,580.0,175.0,0.0,619.0,172.0,0.0,620.0,162.0,0.0,568.0,174.0,0.0,587.0,175.0,0.0,558.0,182.0,0.0,560.0,179.0,235.0,213.0,125.0,123.0,288.0,2911.0
2018-01-17 04:00:00,1.0,570.0,175.0,0.0,615.0,171.0,0.0,613.0,161.0,0.0,570.0,175.0,0.0,583.0,175.0,0.0,549.0,184.0,0.0,554.0,181.0,272.0,248.0,126.0,125.0,271.0,3023.0
2018-01-17 05:00:00,1.0,562.0,176.0,0.0,611.0,171.0,0.0,609.0,160.0,0.0,574.0,175.0,1.0,580.0,175.0,0.0,540.0,186.0,0.0,548.0,182.0,293.0,269.0,130.0,127.0,237.0,3023.0
2018-01-17 06:00:00,1.0,556.0,177.0,0.0,604.0,170.0,0.0,607.0,160.0,0.0,580.0,176.0,1.0,580.0,176.0,0.0,533.0,187.0,0.0,544.0,184.0,308.0,279.0,130.0,128.0,334.0,3920.0
2018-01-17 07:00:00,15.0,769.0,186.0,0.0,626.0,170.0,0.0,625.0,160.0,0.0,605.0,178.0,2.0,598.0,175.0,3.0,555.0,188.0,0.0,544.0,184.0,419.0,280.0,106.0,288.0,421.0,7279.0
2018-01-17 08:00:00,20.0,637.0,183.0,3.0,629.0,171.0,1.0,647.0,163.0,0.0,607.0,178.0,3.0,622.0,176.0,4.0,561.0,192.0,1.0,541.0,187.0,449.0,371.0,113.0,253.0,345.0,11424.0
2018-01-17 09:00:00,18.0,600.0,188.0,20.0,625.0,178.0,0.0,629.0,169.0,5.0,589.0,181.0,4.0,602.0,182.0,4.0,538.0,202.0,11.0,522.0,199.0,508.0,455.0,117.0,222.0,314.0,7616.0
2018-01-17 10:00:00,34.0,587.0,190.0,27.0,617.0,181.0,12.0,625.0,172.0,10.0,576.0,184.0,7.0,588.0,184.0,10.0,527.0,207.0,30.0,515.0,203.0,487.0,435.0,98.0,266.0,538.0,6944.0
2018-01-17 11:00:00,40.0,605.0,191.0,30.0,614.0,183.0,19.0,626.0,174.0,14.0,569.0,187.0,6.0,588.0,186.0,9.0,523.0,208.0,34.0,520.0,205.0,477.0,411.0,98.0,297.0,382.0,6720.0
2018-01-17 12:00:00,37.0,585.0,192.0,21.0,614.0,184.0,18.0,619.0,174.0,11.0,563.0,188.0,8.0,583.0,187.0,15.0,528.0,209.0,26.0,511.0,205.0,474.0,406.0,106.0,224.0,685.0,6608.0
2018-01-17 13:00:00,40.0,571.0,193.0,18.0,613.0,184.0,30.0,614.0,175.0,19.0,557.0,189.0,9.0,577.0,188.0,18.0,525.0,207.0,36.0,508.0,205.0,462.0,397.0,118.0,164.0,371.0,5260.0
2018-01-17 14:00:00,30.0,553.0,194.0,13.0,620.0,184.0,33.0,606.0,176.0,16.0,546.0,191.0,10.0,572.0,188.0,20.0,518.0,207.0,23.0,504.0,205.0,433.0,383.0,93.0,282.0,1290.0,7166.0
2018-01-17 15:00:00,19.0,548.0,196.0,6.0,644.0,184.0,8.0,606.0,177.0,4.0,545.0,192.0,6.0,571.0,188.0,7.0,520.0,208.0,7.0,506.0,204.0,478.0,380.0,93.0,249.0,1748.0,4704.0
2018-01-17 16:00:00,6.0,542.0,197.0,7.0,660.0,185.0,1.0,622.0,177.0,0.0,546.0,193.0,1.0,574.0,189.0,0.0,519.0,209.0,0.0,509.0,205.0,409.0,371.0,113.0,168.0,341.0,4703.0
2018-01-17 17:00:00,5.0,552.0,195.0,7.0,623.0,185.0,0.0,611.0,178.0,0.0,546.0,193.0,1.0,573.0,189.0,0.0,512.0,209.0,0.0,514.0,203.0,431.0,339.0,127.0,163.0,369.0,2352.0
2018-01-17 18:00:00,19.0,563.0,189.0,7.0,614.0,182.0,0.0,609.0,176.0,0.0,544.0,190.0,3.0,578.0,187.0,7.0,526.0,206.0,0.0,529.0,194.0,256.0,225.0,109.0,178.0,1787.0,4368.0
2018-01-17 19:00:00,14.0,688.0,191.0,7.0,648.0,183.0,2.0,639.0,177.0,0.0,568.0,189.0,2.0,599.0,188.0,4.0,516.0,210.0,3.0,547.0,194.0,547.0,373.0,105.0,313.0,1504.0,11535.0
2018-01-17 20:00:00,1.0,651.0,200.0,6.0,669.0,189.0,0.0,637.0,181.0,0.0,605.0,195.0,1.0,661.0,194.0,1.0,587.0,226.0,5.0,541.0,210.0,520.0,465.0,118.0,213.0,1010.0,7279.0
2018-01-17 21:00:00,18.0,656.0,202.0,7.0,669.0,192.0,0.0,630.0,183.0,0.0,596.0,198.0,1.0,641.0,195.0,1.0,598.0,217.0,6.0,537.0,215.0,517.0,456.0,113.0,215.0,907.0,6045.0
2018-01-17 22:00:00,3.0,642.0,203.0,5.0,662.0,194.0,0.0,625.0,185.0,0.0,597.0,198.0,1.0,631.0,195.0,0.0,601.0,208.0,6.0,532.0,218.0,501.0,457.0,94.0,228.0,1358.0,5040.0
2018-01-17 23:00:00,0.0,631.0,202.0,0.0,657.0,193.0,0.0,622.0,185.0,0.0,595.0,197.0,1.0,622.0,195.0,0.0,604.0,205.0,5.0,528.0,218.0,463.0,415.0,129.0,159.0,315.0,6048.0
2018-01-18 00:00:00,2.0,623.0,201.0,0.0,643.0,192.0,0.0,625.0,185.0,0.0,597.0,196.0,1.0,611.0,194.0,0.0,590.0,203.0,1.0,526.0,217.0,393.0,375.0,144.0,146.0,240.0,1904.0
2018-01-18 01:00:00,1.0,594.0,197.0,0.0,632.0,189.0,0.0,626.0,182.0,0.0,604.0,194.0,1.0,607.0,191.0,0.0,582.0,199.0,0.0,536.0,205.0,239.0,240.0,141.0,139.0,245.0,
2018-01-18 02:00:00,1.0,585.0,191.0,0.0,630.0,186.0,0.0,625.0,179.0,0.0,608.0,191.0,1.0,601.0,187.0,0.0,583.0,193.0,0.0,548.0,195.0,172.0,175.0,132.0,130.0,199.0,
2018-01-18 03:00:00,1.0,592.0,186.0,0.0,628.0,183.0,0.0,624.0,176.0,0.0,608.0,189.0,1.0,595.0,185.0,0.0,582.0,189.0,0.0,555.0,189.0,143.0,147.0,127.0,124.0,223.0,
2018-01-18 04:00:00,0.0,589.0,180.0,0.0,626.0,180.0,0.0,620.0,173.0,0.0,605.0,187.0,1.0,588.0,182.0,0.0,579.0,185.0,0.0,558.0,184.0,128.0,131.0,121.0,120.0,221.0,
2018-01-18 05:00:00,0.0,588.0,176.0,0.0,622.0,178.0,0.0,616.0,170.0,0.0,605.0,185.0,0.0,581.0,180.0,0.0,576.0,182.0,0.0,559.0,180.0,120.0,122.0,118.0,117.0,233.0,
2018-01-18 06:00:00,0.0,589.0,173.0,0.0,620.0,176.0,0.0,614.0,168.0,0.0,610.0,182.0,1.0,578.0,178.0,0.0,574.0,179.0,0.0,560.0,177.0,115.0,117.0,115.0,115.0,291.0,
2018-01-18 07:00:00,0.0,590.0,171.0,0.0,618.0,174.0,0.0,614.0,166.0,0.0,611.0,180.0,1.0,576.0,176.0,0.0,573.0,177.0,0.0,561.0,174.0,111.0,113.0,114.0,113.0,258.0,
2018-01-18 08:00:00,17.0,766.0,175.0,1.0,626.0,172.0,0.0,629.0,165.0,0.0,608.0,178.0,1.0,597.0,174.0,1.0,599.0,175.0,4.0,571.0,172.0,246.0,167.0,89.0,222.0,466.0,5144.0
2018-01-18 09:00:00,23.0,688.0,175.0,9.0,629.0,171.0,6.0,636.0,165.0,0.0,601.0,178.0,3.0,621.0,173.0,3.0,628.0,176.0,15.0,587.0,173.0,190.0,180.0,106.0,172.0,466.0,1008.0
2018-01-18 10:00:00,30.0,703.0,174.0,14.0,628.0,170.0,15.0,624.0,164.0,1.0,593.0,176.0,5.0,603.0,171.0,7.0,605.0,175.0,24.0,591.0,170.0,152.0,152.0,115.0,127.0,279.0,
2018-01-18 11:00:00,47.0,684.0,172.0,20.0,630.0,168.0,19.0,617.0,163.0,1.0,591.0,173.0,6.0,598.0,170.0,13.0,606.0,173.0,32.0,590.0,168.0,265.0,211.0,111.0,116.0,320.0,7723.0
2018-01-18 12:00:00,41.0,682.0,180.0,17.0,629.0,177.0,19.0,621.0,169.0,2.0,615.0,177.0,6.0,604.0,176.0,15.0,605.0,185.0,29.0,557.0,188.0,537.0,473.0,104.0,234.0,566.0,7279.0
2018-01-18 13:00:00,22.0,657.0,186.0,9.0,619.0,182.0,0.0,620.0,173.0,0.0,605.0,181.0,3.0,603.0,180.0,4.0,581.0,190.0,14.0,541.0,196.0,488.0,442.0,98.0,202.0,1587.0,5710.0
2018-01-18 14:00:00,27.0,635.0,189.0,9.0,617.0,183.0,0.0,617.0,174.0,1.0,596.0,184.0,4.0,598.0,181.0,10.0,568.0,192.0,16.0,533.0,198.0,460.0,416.0,126.0,147.0,838.0,4927.0
2018-01-18 15:00:00,12.0,616.0,190.0,2.0,615.0,183.0,5.0,623.0,175.0,0.0,592.0,185.0,3.0,604.0,182.0,4.0,579.0,191.0,6.0,535.0,199.0,448.0,395.0,112.0,238.0,308.0,4927.0
2018-01-18 16:00:00,14.0,583.0,187.0,0.0,610.0,181.0,0.0,610.0,173.0,0.0,580.0,185.0,1.0,601.0,180.0,0.0,576.0,189.0,0.0,539.0,194.0,289.0,290.0,124.0,154.0,216.0,560.0
2018-01-18 17:00:00,4.0,600.0,181.0,0.0,638.0,177.0,1.0,647.0,171.0,0.0,574.0,181.0,1.0,619.0,178.0,4.0,792.0,226.0,0.0,563.0,182.0,215.0,188.0,98.0,159.0,2554.0,2800.0
2018-01-18 18:00:00,2.0,651.0,180.0,0.0,692.0,177.0,4.0,710.0,172.0,0.0,600.0,179.0,2.0,649.0,179.0,2.0,621.0,215.0,4.0,605.0,177.0,397.0,181.0,104.0,222.0,1061.0,
2018-01-18 19:00:00,20.0,629.0,184.0,0.0,667.0,179.0,0.0,683.0,173.0,0.0,616.0,181.0,3.0,645.0,182.0,2.0,587.0,208.0,5.0,601.0,188.0,490.0,404.0,93.0,181.0,582.0,8733.0
2018-01-18 20:00:00,13.0,642.0,192.0,0.0,680.0,184.0,0.0,670.0,175.0,0.0,623.0,186.0,2.0,663.0,185.0,1.0,598.0,210.0,5.0,573.0,199.0,495.0,432.0,83.0,293.0,2793.0,5264.0
2018-01-18 21:00:00,0.0,621.0,195.0,0.0,672.0,185.0,0.0,658.0,177.0,0.0,621.0,188.0,1.0,647.0,186.0,0.0,566.0,212.0,6.0,568.0,202.0,447.0,409.0,126.0,181.0,835.0,4480.0
2018-01-18 22:00:00,12.0,603.0,197.0,0.0,660.0,185.0,0.0,650.0,177.0,0.0,605.0,189.0,1.0,623.0,186.0,0.0,566.0,205.0,6.0,559.0,204.0,408.0,381.0,137.0,178.0,411.0,3024.0
2018-01-18 23:00:00,1.0,584.0,194.0,0.0,637.0,183.0,0.0,646.0,175.0,0.0,596.0,188.0,1.0,615.0,184.0,0.0,569.0,198.0,7.0,559.0,199.0,270.0,262.0,138.0,152.0,477.0,1007.0
2018-01-19 00:00:00,5.0,584.0,189.0,0.0,632.0,180.0,0.0,641.0,172.0,0.0,601.0,185.0,1.0,608.0,183.0,0.0,571.0,194.0,6.0,567.0,193.0,263.0,240.0,131.0,149.0,427.0,2912.0
2018-01-19 01:00:00,2.0,587.0,187.0,0.0,625.0,179.0,0.0,635.0,170.0,0.0,599.0,185.0,1.0,605.0,182.0,0.0,571.0,193.0,4.0,569.0,192.0,302.0,279.0,132.0,151.0,284.0,2688.0
2018-01-19 02:00:00,4.0,580.0,185.0,0.0,620.0,178.0,0.0,631.0,169.0,0.0,571.0,183.0,1.0,596.0,180.0,0.0,561.0,191.0,0.0,563.0,187.0,208.0,207.0,119.0,131.0,211.0,
2018-01-19 03:00:00,0.0,578.0,181.0,0.0,618.0,175.0,0.0,622.0,167.0,0.0,536.0,179.0,1.0,587.0,178.0,0.0,557.0,187.0,0.0,565.0,181.0,184.0,176.0,117.0,123.0,232.0,1008.0
2018-01-19 04:00:00,0.0,575.0,180.0,0.0,604.0,174.0,0.0,618.0,165.0,0.0,527.0,177.0,1.0,584.0,176.0,0.0,556.0,184.0,0.0,565.0,179.0,242.0,217.0,123.0,123.0,236.0,3584.0
2018-01-19 05:00:00,0.0,566.0,182.0,0.0,598.0,173.0,0.0,618.0,164.0,0.0,541.0,177.0,1.0,581.0,176.0,0.0,552.0,184.0,0.0,558.0,181.0,279.0,254.0,127.0,125.0,246.0,2799.0
2018-01-19 06:00:00,0.0,555.0,183.0,0.0,592.0,173.0,0.0,617.0,164.0,0.0,537.0,177.0,1.0,576.0,176.0,0.0,544.0,186.0,0.0,551.0,182.0,301.0,277.0,130.0,128.0,256.0,3248.0
2018-01-19 07:00:00,13.0,612.0,186.0,0.0,597.0,173.0,4.0,626.0,164.0,0.0,543.0,177.0,1.0,583.0,176.0,0.0,548.0,187.0,0.0,548.0,183.0,336.0,292.0,115.0,177.0,405.0,4811.0
2018-01-19 08:00:00,19.0,625.0,189.0,2.0,613.0,172.0,17.0,649.0,166.0,0.0,570.0,177.0,2.0,615.0,177.0,1.0,571.0,188.0,3.0,550.0,184.0,306.0,287.0,94.0,200.0,384.0,4031.0
2018-01-19 09:00:00,19.0,684.0,188.0,11.0,627.0,170.0,12.0,645.0,166.0,3.0,582.0,177.0,3.0,600.0,176.0,4.0,556.0,184.0,9.0,556.0,179.0,223.0,223.0,107.0,195.0,398.0,
2018-01-19 10:00:00,44.0,703.0,183.0,24.0,624.0,168.0,19.0,619.0,164.0,9.0,565.0,174.0,7.0,579.0,173.0,12.0,555.0,181.0,33.0,563.0,174.0,173.0,173.0,120.0,138.0,249.0,
2018-01-19 11:00:00,58.0,638.0,184.0,23.0,624.0,172.0,18.0,615.0,165.0,8.0,580.0,175.0,9.0,591.0,174.0,13.0,561.0,184.0,44.0,559.0,184.0,534.0,440.0,117.0,129.0,530.0,14892.0
2018-01-19 12:00:00,47.0,619.0,190.0,20.0,604.0,181.0,24.0,614.0,172.0,10.0,574.0,181.0,8.0,610.0,180.0,16.0,576.0,196.0,34.0,537.0,197.0,529.0,481.0,119.0,148.0,417.0,6832.0
2018-01-19 13:00:00,42.0,637.0,194.0,12.0,599.0,185.0,10.0,616.0,175.0,21.0,574.0,185.0,9.0,599.0,183.0,21.0,557.0,199.0,28.0,527.0,201.0,537.0,471.0,96.0,304.0,871.0,6268.0
2018-01-19 14:00:00,29.0,666.0,195.0,8.0,594.0,187.0,,,,22.0,573.0,187.0,8.0,586.0,184.0,19.0,540.0,199.0,21.0,513.0,204.0,523.0,466.0,125.0,175.0,1165.0,5376.0
2018-01-19 15:00:00,11.0,652.0,197.0,2.0,588.0,188.0,0.0,598.0,181.0,1.0,567.0,188.0,3.0,581.0,185.0,4.0,539.0,199.0,7.0,503.0,207.0,510.0,462.0,134.0,153.0,463.0,6157.0
2018-01-19 16:00:00,1.0,616.0,197.0,0.0,612.0,188.0,4.0,600.0,181.0,0.0,562.0,188.0,1.0,588.0,186.0,1.0,549.0,197.0,3.0,509.0,206.0,420.0,396.0,134.0,194.0,305.0,2352.0
2018-01-19 17:00:00,5.0,581.0,192.0,3.0,615.0,183.0,0.0,602.0,178.0,0.0,561.0,186.0,1.0,592.0,183.0,0.0,566.0,193.0,4.0,525.0,196.0,296.0,257.0,124.0,201.0,1161.0,5150.0
2018-01-19 18:00:00,51.0,771.0,195.0,6.0,643.0,183.0,4.0,644.0,178.0,0.0,575.0,188.0,4.0,633.0,186.0,4.0,567.0,205.0,4.0,543.0,196.0,518.0,384.0,78.0,405.0,594.0,13885.0
2018-01-19 19:00:00,1.0,667.0,201.0,6.0,661.0,185.0,0.0,650.0,179.0,0.0,568.0,193.0,1.0,647.0,189.0,0.0,580.0,206.0,5.0,551.0,201.0,520.0,398.0,119.0,225.0,455.0,5373.0
2018-01-19 20:00:00,8.0,623.0,200.0,6.0,647.0,187.0,0.0,629.0,180.0,0.0,565.0,195.0,1.0,606.0,191.0,0.0,557.0,205.0,5.0,546.0,205.0,479.0,398.0,124.0,213.0,345.0,4812.0
2018-01-19 21:00:00,5.0,632.0,200.0,6.0,624.0,187.0,0.0,624.0,180.0,0.0,569.0,196.0,1.0,595.0,191.0,0.0,540.0,206.0,4.0,535.0,205.0,490.0,374.0,112.0,296.0,415.0,5486.0
2018-01-19 22:00:00,1.0,605.0,199.0,6.0,646.0,188.0,0.0,619.0,180.0,0.0,562.0,199.0,1.0,580.0,192.0,0.0,529.0,208.0,5.0,533.0,208.0,469.0,390.0,147.0,168.0,409.0,4366.0
2018-01-19 23:00:00,1.0,577.0,196.0,4.0,618.0,186.0,0.0,619.0,179.0,0.0,556.0,197.0,1.0,578.0,191.0,0.0,528.0,205.0,6.0,534.0,206.0,286.0,284.0,146.0,146.0,424.0,
2018-01-20 00:00:00,1.0,569.0,189.0,0.0,627.0,183.0,0.0,616.0,176.0,0.0,563.0,190.0,1.0,578.0,187.0,0.0,541.0,197.0,6.0,547.0,196.0,188.0,190.0,134.0,131.0,410.0,
2018-01-20 01:00:00,1.0,570.0,183.0,0.0,628.0,180.0,0.0,611.0,172.0,0.0,562.0,187.0,1.0,574.0,184.0,0.0,549.0,191.0,0.0,553.0,189.0,147.0,150.0,126.0,124.0,266.0,
2018-01-20 02:00:00,1.0,570.0,179.0,0.0,629.0,178.0,0.0,610.0,170.0,0.0,562.0,185.0,0.0,570.0,181.0,0.0,552.0,186.0,0.0,554.0,184.0,130.0,133.0,120.0,119.0,235.0,
2018-01-20 03:00:00,1.0,570.0,175.0,0.0,628.0,175.0,0.0,609.0,167.0,0.0,565.0,183.0,1.0,567.0,179.0,0.0,553.0,182.0,0.0,554.0,179.0,120.0,122.0,116.0,116.0,265.0,
2018-01-20 04:00:00,1.0,573.0,172.0,0.0,628.0,173.0,0.0,609.0,165.0,0.0,577.0,181.0,0.0,566.0,176.0,0.0,553.0,179.0,0.0,556.0,176.0,144.0,140.0,115.0,115.0,257.0,224.0
2018-01-20 05:00:00,1.0,578.0,172.0,0.0,619.0,172.0,0.0,610.0,164.0,0.0,587.0,180.0,0.0,569.0,175.0,0.0,553.0,179.0,0.0,557.0,175.0,213.0,190.0,116.0,116.0,286.0,2240.0
2018-01-20 06:00:00,1.0,574.0,173.0,0.0,608.0,171.0,0.0,612.0,163.0,0.0,591.0,182.0,0.0,570.0,175.0,0.0,546.0,181.0,0.0,554.0,175.0,245.0,221.0,120.0,119.0,298.0,3022.0
2018-01-20 07:00:00,1.0,568.0,174.0,0.0,603.0,170.0,0.0,613.0,162.0,0.0,596.0,183.0,1.0,567.0,175.0,0.0,538.0,183.0,0.0,551.0,176.0,270.0,240.0,125.0,122.0,275.0,3248.0
2018-01-20 08:00:00,7.0,563.0,175.0,0.0,597.0,170.0,0.0,614.0,162.0,0.0,597.0,184.0,1.0,562.0,175.0,1.0,531.0,184.0,0.0,548.0,176.0,280.0,254.0,113.0,143.0,285.0,3582.0
2018-01-20 09:00:00,13.0,566.0,177.0,5.0,630.0,171.0,3.0,676.0,167.0,3.0,585.0,185.0,4.0,600.0,177.0,8.0,562.0,205.0,10.0,553.0,177.0,281.0,268.0,97.0,191.0,1333.0,2799.0
2018-01-20 10:00:00,47.0,654.0,179.0,14.0,605.0,169.0,13.0,610.0,166.0,10.0,557.0,181.0,3.0,577.0,176.0,9.0,527.0,200.0,36.0,566.0,174.0,334.0,212.0,76.0,296.0,1473.0,6379.0
2018-01-20 11:00:00,45.0,838.0,183.0,19.0,619.0,169.0,16.0,621.0,165.0,10.0,591.0,180.0,4.0,596.0,174.0,12.0,542.0,192.0,35.0,580.0,173.0,250.0,221.0,82.0,222.0,1012.0,3360.0
2018-01-20 12:00:00,75.0,693.0,186.0,21.0,629.0,170.0,29.0,631.0,165.0,16.0,579.0,180.0,11.0,611.0,175.0,21.0,560.0,193.0,44.0,577.0,175.0,335.0,261.0,79.0,276.0,1445.0,6048.0
2018-01-20 13:00:00,40.0,627.0,185.0,14.0,643.0,170.0,0.0,667.0,165.0,35.0,594.0,179.0,13.0,632.0,176.0,27.0,577.0,194.0,42.0,596.0,174.0,491.0,281.0,93.0,275.0,564.0,9183.0
2018-01-20 14:00:00,30.0,562.0,196.0,13.0,618.0,174.0,11.0,650.0,167.0,42.0,585.0,183.0,17.0,594.0,180.0,44.0,532.0,203.0,35.0,576.0,182.0,459.0,420.0,103.0,177.0,1700.0,4927.0
2018-01-20 15:00:00,21.0,570.0,198.0,6.0,630.0,176.0,9.0,635.0,171.0,18.0,575.0,184.0,8.0,598.0,182.0,12.0,533.0,205.0,9.0,571.0,187.0,404.0,370.0,88.0,196.0,1913.0,4255.0
2018-01-20 16:00:00,7.0,603.0,194.0,0.0,659.0,179.0,12.0,688.0,174.0,0.0,596.0,186.0,2.0,641.0,184.0,4.0,612.0,219.0,7.0,567.0,190.0,433.0,390.0,86.0,235.0,2690.0,8286.0
2018-01-20 17:00:00,7.0,674.0,195.0,0.0,725.0,186.0,16.0,765.0,181.0,0.0,664.0,190.0,2.0,713.0,192.0,1.0,551.0,246.0,11.0,629.0,199.0,457.0,389.0,98.0,243.0,1116.0,4704.0
2018-01-20 18:00:00,19.0,636.0,197.0,0.0,665.0,186.0,1.0,682.0,182.0,0.0,617.0,190.0,2.0,636.0,192.0,1.0,518.0,229.0,11.0,594.0,205.0,449.0,405.0,99.0,243.0,539.0,3247.0
2018-01-20 19:00:00,17.0,600.0,198.0,0.0,636.0,187.0,0.0,663.0,181.0,0.0,584.0,190.0,2.0,606.0,191.0,2.0,541.0,214.0,5.0,556.0,207.0,470.0,396.0,99.0,219.0,718.0,4255.0
2018-01-20 20:00:00,5.0,673.0,199.0,0.0,622.0,188.0,0.0,667.0,180.0,0.0,573.0,192.0,1.0,590.0,191.0,0.0,557.0,207.0,6.0,551.0,207.0,537.0,404.0,99.0,261.0,1494.0,4928.0
2018-01-20 21:00:00,2.0,656.0,199.0,0.0,618.0,188.0,0.0,664.0,180.0,0.0,562.0,194.0,1.0,593.0,191.0,0.0,575.0,204.0,6.0,550.0,210.0,479.0,399.0,114.0,178.0,394.0,3136.0
2018-01-20 22:00:00,6.0,585.0,199.0,0.0,600.0,188.0,0.0,659.0,180.0,0.0,555.0,196.0,1.0,585.0,192.0,0.0,556.0,205.0,7.0,551.0,211.0,526.0,368.0,138.0,176.0,439.0,4256.0
2018-01-20 23:00:00,8.0,576.0,199.0,0.0,592.0,188.0,0.0,654.0,180.0,0.0,540.0,197.0,1.0,574.0,192.0,0.0,533.0,206.0,7.0,546.0,213.0,505.0,379.0,120.0,228.0,332.0,4927.0
2018-01-21 00:00:00,20.0,562.0,199.0,0.0,587.0,189.0,0.0,648.0,181.0,0.0,534.0,197.0,1.0,573.0,192.0,0.0,528.0,206.0,2.0,526.0,213.0,525.0,368.0,140.0,161.0,342.0,4700.0
2018-01-21 01:00:00,1.0,555.0,200.0,0.0,580.0,189.0,0.0,647.0,182.0,0.0,541.0,196.0,0.0,571.0,192.0,0.0,530.0,206.0,0.0,515.0,207.0,424.0,314.0,110.0,197.0,1867.0,784.0
2018-01-21 02:00:00,1.0,547.0,194.0,0.0,578.0,186.0,0.0,635.0,180.0,0.0,542.0,193.0,0.0,573.0,189.0,0.0,539.0,200.0,0.0,520.0,198.0,237.0,214.0,127.0,142.0,233.0,
2018-01-21 03:00:00,1.0,545.0,187.0,0.0,579.0,182.0,0.0,,,0.0,542.0,188.0,1.0,562.0,185.0,0.0,537.0,193.0,0.0,527.0,190.0,163.0,159.0,127.0,127.0,253.0,
2018-01-21 04:00:00,1.0,545.0,183.0,0.0,581.0,180.0,,,,0.0,546.0,186.0,1.0,556.0,182.0,0.0,533.0,188.0,0.0,528.0,185.0,140.0,140.0,123.0,121.0,259.0,
2018-01-21 05:00:00,1.0,548.0,178.0,0.0,582.0,177.0,,,,0.0,550.0,184.0,1.0,551.0,180.0,0.0,532.0,184.0,0.0,529.0,181.0,126.0,127.0,119.0,117.0,239.0,
2018-01-21 06:00:00,1.0,549.0,175.0,0.0,581.0,175.0,,,,0.0,553.0,181.0,1.0,548.0,177.0,0.0,533.0,181.0,0.0,529.0,178.0,118.0,119.0,115.0,114.0,315.0,
2018-01-21 07:00:00,7.0,552.0,172.0,0.0,576.0,172.0,0.0,622.0,165.0,0.0,555.0,179.0,1.0,546.0,175.0,0.0,532.0,179.0,0.0,529.0,174.0,308.0,154.0,116.0,119.0,269.0,2128.0
2018-01-21 08:00:00,2.0,562.0,173.0,0.0,571.0,171.0,5.0,619.0,165.0,0.0,563.0,179.0,1.0,556.0,174.0,0.0,538.0,179.0,0.0,534.0,174.0,399.0,198.0,109.0,176.0,283.0,2799.0
2018-01-21 09:00:00,26.0,663.0,178.0,0.0,579.0,171.0,2.0,601.0,166.0,0.0,556.0,180.0,3.0,565.0,174.0,5.0,552.0,186.0,10.0,541.0,173.0,261.0,216.0,95.0,195.0,376.0,7840.0
2018-01-21 10:00:00,26.0,835.0,187.0,14.0,608.0,176.0,20.0,629.0,170.0,0.0,561.0,185.0,5.0,622.0,179.0,10.0,570.0,196.0,24.0,557.0,179.0,505.0,421.0,102.0,155.0,459.0,10973.0
2018-01-21 11:00:00,39.0,719.0,191.0,15.0,592.0,183.0,27.0,611.0,175.0,3.0,569.0,189.0,6.0,581.0,184.0,12.0,527.0,203.0,28.0,539.0,190.0,537.0,453.0,120.0,138.0,454.0,5936.0
2018-01-21 12:00:00,12.0,589.0,190.0,5.0,580.0,182.0,4.0,594.0,175.0,2.0,555.0,188.0,3.0,579.0,183.0,3.0,527.0,199.0,11.0,525.0,190.0,308.0,308.0,128.0,133.0,347.0,
2018-01-21 13:00:00,14.0,582.0,182.0,5.0,589.0,177.0,4.0,597.0,172.0,2.0,540.0,183.0,3.0,581.0,178.0,4.0,575.0,192.0,10.0,535.0,180.0,245.0,219.0,103.0,159.0,359.0,6160.0
2018-01-21 14:00:00,14.0,601.0,183.0,8.0,600.0,178.0,0.0,622.0,172.0,3.0,553.0,187.0,3.0,586.0,182.0,5.0,560.0,201.0,19.0,553.0,185.0,441.0,401.0,92.0,202.0,1925.0,5152.0
2018-01-21 15:00:00,10.0,585.0,188.0,2.0,592.0,181.0,0.0,623.0,173.0,1.0,553.0,189.0,2.0,567.0,186.0,1.0,523.0,206.0,11.0,544.0,190.0,499.0,432.0,100.0,187.0,1125.0,8512.0
2018-01-21 16:00:00,8.0,599.0,191.0,0.0,591.0,184.0,0.0,605.0,180.0,0.0,556.0,191.0,1.0,567.0,188.0,2.0,528.0,210.0,5.0,537.0,195.0,516.0,433.0,110.0,239.0,1250.0,9072.0
2018-01-21 17:00:00,7.0,749.0,192.0,0.0,595.0,187.0,1.0,611.0,182.0,0.0,562.0,193.0,1.0,584.0,189.0,1.0,545.0,209.0,5.0,544.0,200.0,491.0,438.0,85.0,238.0,1748.0,6832.0
2018-01-21 18:00:00,17.0,836.0,195.0,0.0,600.0,188.0,6.0,631.0,183.0,0.0,573.0,194.0,1.0,623.0,190.0,2.0,578.0,205.0,5.0,540.0,201.0,468.0,408.0,99.0,328.0,625.0,7500.0
2018-01-21 19:00:00,7.0,760.0,194.0,1.0,596.0,190.0,0.0,637.0,184.0,0.0,597.0,195.0,1.0,601.0,190.0,1.0,563.0,203.0,5.0,542.0,202.0,463.0,417.0,117.0,199.0,397.0,5935.0
2018-01-21 20:00:00,1.0,810.0,193.0,0.0,598.0,190.0,0.0,636.0,185.0,0.0,583.0,195.0,1.0,605.0,191.0,0.0,602.0,202.0,6.0,554.0,203.0,457.0,410.0,93.0,175.0,1152.0,5711.0
2018-01-21 21:00:00,3.0,794.0,192.0,0.0,596.0,190.0,0.0,636.0,185.0,0.0,574.0,195.0,1.0,594.0,191.0,0.0,569.0,201.0,6.0,562.0,205.0,452.0,403.0,119.0,173.0,374.0,5712.0
2018-01-21 22:00:00,9.0,755.0,192.0,0.0,632.0,190.0,0.0,633.0,186.0,0.0,565.0,195.0,1.0,602.0,191.0,0.0,573.0,200.0,4.0,553.0,205.0,426.0,391.0,104.0,223.0,362.0,3919.0
2018-01-21 23:00:00,1.0,675.0,191.0,0.0,618.0,189.0,0.0,629.0,184.0,0.0,559.0,193.0,0.0,608.0,190.0,0.0,574.0,198.0,0.0,548.0,201.0,278.0,277.0,131.0,166.0,226.0,
2018-01-22 00:00:00,1.0,652.0,187.0,0.0,626.0,185.0,0.0,626.0,180.0,0.0,556.0,189.0,1.0,623.0,186.0,0.0,585.0,192.0,0.0,553.0,192.0,185.0,187.0,131.0,133.0,230.0,
2018-01-22 01:00:00,1.0,640.0,182.0,0.0,636.0,182.0,0.0,625.0,177.0,0.0,552.0,186.0,0.0,611.0,183.0,0.0,588.0,187.0,0.0,557.0,187.0,148.0,151.0,125.0,123.0,276.0,
2018-01-22 02:00:00,1.0,637.0,178.0,0.0,638.0,179.0,0.0,623.0,174.0,0.0,544.0,184.0,0.0,605.0,180.0,0.0,589.0,184.0,0.0,562.0,182.0,129.0,132.0,120.0,118.0,324.0,
2018-01-22 03:00:00,1.0,634.0,175.0,0.0,638.0,177.0,0.0,620.0,172.0,0.0,537.0,181.0,0.0,601.0,178.0,0.0,588.0,181.0,0.0,565.0,179.0,120.0,122.0,116.0,115.0,301.0,
2018-01-22 04:00:00,1.0,632.0,173.0,0.0,637.0,175.0,0.0,619.0,170.0,0.0,535.0,179.0,1.0,598.0,176.0,0.0,588.0,178.0,0.0,568.0,176.0,114.0,116.0,115.0,113.0,244.0,
2018-01-22 05:00:00,1.0,631.0,170.0,0.0,636.0,173.0,0.0,617.0,167.0,0.0,535.0,176.0,1.0,596.0,174.0,0.0,587.0,176.0,0.0,571.0,173.0,110.0,111.0,110.0,111.0,248.0,
2018-01-22 06:00:00,11.0,661.0,169.0,0.0,635.0,171.0,0.0,616.0,165.0,0.0,539.0,174.0,1.0,593.0,172.0,0.0,585.0,174.0,0.0,573.0,171.0,108.0,108.0,103.0,142.0,311.0,4256.0
2018-01-22 07:00:00,15.0,934.0,179.0,0.0,645.0,169.0,1.0,632.0,165.0,0.0,550.0,173.0,2.0,613.0,171.0,1.0,620.0,174.0,2.0,584.0,169.0,116.0,117.0,85.0,257.0,493.0,2128.0
2018-01-22 08:00:00,8.0,740.0,170.0,0.0,643.0,168.0,1.0,626.0,165.0,0.0,546.0,172.0,2.0,622.0,170.0,0.0,618.0,172.0,4.0,596.0,167.0,238.0,125.0,101.0,198.0,425.0,2127.0
2018-01-22 09:00:00,9.0,649.0,166.0,6.0,641.0,166.0,3.0,610.0,163.0,1.0,542.0,171.0,2.0,612.0,168.0,1.0,609.0,171.0,7.0,619.0,166.0,246.0,170.0,93.0,178.0,1363.0,1232.0
2018-01-22 10:00:00,10.0,611.0,165.0,6.0,632.0,165.0,4.0,597.0,161.0,2.0,537.0,169.0,3.0,592.0,168.0,2.0,585.0,173.0,8.0,608.0,167.0,205.0,193.0,109.0,127.0,593.0,1567.0
2018-01-22 11:00:00,19.0,598.0,165.0,13.0,623.0,164.0,12.0,594.0,160.0,5.0,537.0,168.0,5.0,578.0,168.0,7.0,563.0,175.0,17.0,594.0,168.0,216.0,204.0,119.0,120.0,276.0,1120.0
2018-01-22 12:00:00,19.0,586.0,165.0,13.0,617.0,164.0,12.0,589.0,160.0,5.0,534.0,168.0,5.0,572.0,168.0,7.0,553.0,176.0,16.0,573.0,170.0,233.0,221.0,122.0,120.0,273.0,1343.0
2018-01-22 13:00:00,20.0,576.0,166.0,12.0,614.0,163.0,15.0,585.0,159.0,7.0,531.0,167.0,6.0,567.0,167.0,8.0,546.0,177.0,19.0,558.0,171.0,257.0,228.0,124.0,122.0,244.0,2464.0
2018-01-22 14:00:00,13.0,570.0,166.0,8.0,608.0,163.0,10.0,584.0,158.0,4.0,531.0,167.0,4.0,565.0,167.0,5.0,540.0,177.0,11.0,551.0,172.0,243.0,226.0,125.0,123.0,281.0,2800.0
2018-01-22 15:00:00,6.0,571.0,167.0,3.0,605.0,163.0,4.0,586.0,158.0,1.0,532.0,166.0,2.0,566.0,166.0,1.0,536.0,178.0,4.0,546.0,172.0,259.0,237.0,125.0,123.0,276.0,2576.0
2018-01-22 16:00:00,1.0,565.0,167.0,0.0,601.0,162.0,0.0,584.0,158.0,0.0,532.0,166.0,1.0,563.0,166.0,0.0,531.0,178.0,0.0,538.0,174.0,336.0,250.0,127.0,125.0,244.0,3136.0
2018-01-22 17:00:00,1.0,560.0,168.0,0.0,598.0,162.0,0.0,583.0,158.0,0.0,533.0,166.0,0.0,558.0,167.0,0.0,523.0,180.0,0.0,528.0,175.0,386.0,261.0,133.0,129.0,331.0,3360.0
2018-01-22 18:00:00,1.0,562.0,171.0,0.0,606.0,165.0,0.0,589.0,159.0,0.0,538.0,167.0,1.0,561.0,169.0,0.0,518.0,184.0,5.0,512.0,185.0,530.0,385.0,133.0,134.0,500.0,5599.0
2018-01-22 19:00:00,14.0,683.0,182.0,0.0,618.0,175.0,0.0,610.0,166.0,0.0,548.0,174.0,2.0,599.0,174.0,2.0,538.0,192.0,5.0,474.0,209.0,545.0,470.0,107.0,224.0,1011.0,9965.0
2018-01-22 20:00:00,0.0,649.0,191.0,0.0,635.0,180.0,0.0,606.0,171.0,0.0,574.0,179.0,1.0,675.0,177.0,0.0,606.0,194.0,6.0,451.0,228.0,540.0,482.0,108.0,202.0,976.0,6717.0
2018-01-22 21:00:00,15.0,610.0,193.0,0.0,613.0,184.0,0.0,606.0,175.0,0.0,552.0,183.0,1.0,621.0,179.0,0.0,569.0,194.0,6.0,479.0,220.0,540.0,479.0,131.0,153.0,542.0,5261.0
2018-01-22 22:00:00,10.0,603.0,195.0,0.0,609.0,185.0,0.0,610.0,176.0,0.0,553.0,185.0,1.0,612.0,181.0,0.0,568.0,194.0,1.0,482.0,218.0,430.0,408.0,112.0,178.0,359.0,2352.0
2018-01-22 23:00:00,1.0,588.0,189.0,0.0,604.0,180.0,0.0,615.0,173.0,0.0,550.0,182.0,1.0,603.0,179.0,0.0,567.0,189.0,0.0,503.0,203.0,245.0,247.0,128.0,145.0,254.0,
2018-01-23 00:00:00,1.0,593.0,181.0,0.0,607.0,176.0,0.0,618.0,170.0,0.0,552.0,178.0,1.0,599.0,176.0,0.0,573.0,183.0,0.0,525.0,190.0,173.0,177.0,123.0,129.0,235.0,
2018-01-23 01:00:00,1.0,595.0,175.0,0.0,613.0,173.0,0.0,616.0,167.0,0.0,547.0,175.0,1.0,591.0,174.0,0.0,574.0,178.0,0.0,537.0,182.0,143.0,146.0,124.0,123.0,257.0,
2018-01-23 02:00:00,1.0,599.0,171.0,0.0,612.0,171.0,0.0,615.0,165.0,0.0,544.0,174.0,1.0,589.0,172.0,0.0,576.0,175.0,0.0,546.0,177.0,128.0,131.0,120.0,119.0,279.0,
2018-01-23 03:00:00,1.0,599.0,168.0,0.0,610.0,170.0,0.0,614.0,163.0,0.0,544.0,172.0,1.0,586.0,171.0,0.0,576.0,173.0,0.0,551.0,174.0,121.0,122.0,117.0,117.0,285.0,
2018-01-23 04:00:00,1.0,603.0,167.0,0.0,609.0,168.0,0.0,615.0,161.0,0.0,554.0,171.0,1.0,586.0,170.0,0.0,577.0,172.0,0.0,555.0,172.0,173.0,156.0,116.0,117.0,285.0,1008.0
2018-01-23 05:00:00,0.0,607.0,168.0,0.0,603.0,167.0,0.0,619.0,161.0,0.0,562.0,171.0,1.0,590.0,169.0,0.0,576.0,172.0,0.0,554.0,174.0,185.0,178.0,120.0,118.0,265.0,895.0
2018-01-23 06:00:00,0.0,605.0,170.0,0.0,600.0,167.0,0.0,620.0,160.0,0.0,570.0,171.0,1.0,592.0,169.0,0.0,575.0,174.0,0.0,551.0,175.0,226.0,212.0,122.0,121.0,289.0,1452.0
2018-01-23 07:00:00,22.0,698.0,176.0,0.0,636.0,167.0,0.0,654.0,162.0,0.0,578.0,171.0,2.0,620.0,170.0,2.0,602.0,178.0,1.0,553.0,178.0,406.0,219.0,89.0,284.0,370.0,2128.0
2018-01-23 08:00:00,6.0,623.0,175.0,0.0,629.0,167.0,0.0,641.0,163.0,0.0,571.0,171.0,1.0,618.0,169.0,0.0,585.0,178.0,0.0,555.0,181.0,277.0,239.0,104.0,172.0,298.0,1120.0
2018-01-23 09:00:00,9.0,618.0,173.0,4.0,619.0,166.0,3.0,631.0,162.0,2.0,572.0,171.0,2.0,613.0,169.0,2.0,582.0,179.0,7.0,551.0,180.0,232.0,218.0,124.0,135.0,256.0,1232.0
2018-01-23 10:00:00,16.0,616.0,173.0,9.0,617.0,166.0,8.0,628.0,162.0,4.0,575.0,170.0,4.0,610.0,169.0,4.0,578.0,178.0,15.0,550.0,180.0,230.0,219.0,129.0,128.0,201.0,1344.0
2018-01-23 11:00:00,18.0,613.0,173.0,8.0,618.0,166.0,9.0,627.0,162.0,4.0,578.0,169.0,5.0,606.0,169.0,5.0,575.0,178.0,13.0,550.0,180.0,240.0,221.0,130.0,128.0,263.0,1680.0
2018-01-23 12:00:00,20.0,611.0,173.0,9.0,619.0,166.0,11.0,628.0,162.0,5.0,581.0,169.0,5.0,605.0,169.0,6.0,574.0,179.0,15.0,551.0,180.0,237.0,221.0,130.0,128.0,235.0,1792.0
2018-01-23 13:00:00,12.0,608.0,173.0,6.0,619.0,166.0,7.0,628.0,162.0,4.0,582.0,169.0,3.0,602.0,169.0,3.0,572.0,179.0,10.0,550.0,180.0,241.0,221.0,130.0,128.0,239.0,2128.0
2018-01-23 14:00:00,5.0,605.0,173.0,1.0,619.0,165.0,1.0,628.0,162.0,0.0,579.0,169.0,2.0,601.0,169.0,0.0,570.0,179.0,2.0,549.0,180.0,237.0,218.0,130.0,128.0,287.0,2128.0
2018-01-23 15:00:00,2.0,605.0,173.0,0.0,617.0,165.0,0.0,627.0,161.0,0.0,578.0,168.0,1.0,601.0,169.0,0.0,570.0,179.0,0.0,549.0,179.0,235.0,219.0,130.0,128.0,223.0,2016.0
2018-01-23 16:00:00,1.0,599.0,173.0,0.0,612.0,165.0,0.0,622.0,161.0,0.0,573.0,168.0,1.0,597.0,169.0,0.0,565.0,179.0,0.0,541.0,180.0,236.0,229.0,130.0,128.0,226.0,672.0
2018-01-23 17:00:00,1.0,594.0,173.0,0.0,606.0,165.0,0.0,617.0,161.0,0.0,569.0,168.0,0.0,592.0,169.0,0.0,560.0,179.0,0.0,537.0,180.0,246.0,228.0,130.0,129.0,274.0,2015.0
2018-01-23 18:00:00,10.0,592.0,173.0,0.0,605.0,164.0,10.0,615.0,161.0,0.0,567.0,168.0,4.0,591.0,169.0,1.0,560.0,180.0,2.0,537.0,180.0,250.0,230.0,129.0,130.0,485.0,
2018-01-23 23:00:00,1.0,675.0,198.0,0.0,720.0,179.0,0.0,663.0,172.0,0.0,595.0,182.0,1.0,703.0,182.0,0.0,659.0,191.0,0.0,596.0,189.0,324.0,229.0,130.0,182.0,212.0,
2018-01-24 00:00:00,1.0,668.0,191.0,0.0,701.0,177.0,0.0,660.0,170.0,0.0,594.0,180.0,1.0,685.0,180.0,0.0,655.0,188.0,0.0,605.0,185.0,243.0,198.0,137.0,155.0,220.0,
2018-01-24 01:00:00,1.0,667.0,183.0,0.0,686.0,175.0,0.0,656.0,168.0,0.0,608.0,178.0,1.0,667.0,178.0,0.0,648.0,184.0,0.0,610.0,181.0,178.0,165.0,135.0,136.0,229.0,
2018-01-24 02:00:00,1.0,664.0,178.0,0.0,681.0,173.0,0.0,651.0,167.0,0.0,606.0,177.0,1.0,651.0,177.0,0.0,638.0,180.0,0.0,611.0,178.0,148.0,145.0,130.0,129.0,239.0,
2018-01-24 03:00:00,1.0,665.0,174.0,0.0,682.0,172.0,0.0,649.0,165.0,0.0,603.0,175.0,1.0,643.0,175.0,0.0,634.0,178.0,0.0,612.0,175.0,134.0,133.0,125.0,125.0,248.0,
2018-01-24 04:00:00,1.0,666.0,171.0,0.0,682.0,170.0,0.0,648.0,163.0,0.0,609.0,173.0,1.0,639.0,174.0,0.0,634.0,175.0,0.0,615.0,173.0,126.0,126.0,124.0,123.0,289.0,
2018-01-24 05:00:00,1.0,667.0,169.0,0.0,681.0,169.0,0.0,646.0,162.0,0.0,608.0,172.0,1.0,638.0,172.0,0.0,635.0,174.0,0.0,618.0,171.0,121.0,122.0,120.0,120.0,212.0,
2018-01-24 06:00:00,0.0,663.0,167.0,0.0,680.0,168.0,0.0,645.0,161.0,0.0,600.0,170.0,0.0,632.0,171.0,0.0,631.0,172.0,0.0,618.0,169.0,119.0,119.0,120.0,119.0,271.0,
2018-01-24 07:00:00,30.0,680.0,167.0,0.0,677.0,166.0,0.0,648.0,160.0,0.0,586.0,168.0,2.0,626.0,171.0,0.0,630.0,171.0,0.0,617.0,167.0,183.0,153.0,112.0,144.0,307.0,4362.0
2018-01-24 08:00:00,17.0,770.0,183.0,1.0,690.0,173.0,8.0,682.0,166.0,0.0,637.0,174.0,2.0,679.0,177.0,3.0,639.0,190.0,3.0,616.0,180.0,546.0,475.0,104.0,229.0,419.0,7725.0
2018-01-24 09:00:00,35.0,674.0,190.0,9.0,675.0,182.0,7.0,656.0,174.0,2.0,623.0,180.0,5.0,636.0,184.0,7.0,579.0,200.0,11.0,588.0,191.0,521.0,455.0,96.0,236.0,1522.0,6942.0
2018-01-24 10:00:00,22.0,637.0,192.0,14.0,668.0,185.0,8.0,641.0,178.0,3.0,623.0,184.0,5.0,624.0,186.0,5.0,570.0,203.0,14.0,575.0,197.0,524.0,449.0,98.0,255.0,637.0,5374.0
2018-01-24 11:00:00,25.0,605.0,193.0,17.0,669.0,186.0,12.0,624.0,180.0,5.0,609.0,186.0,6.0,618.0,187.0,9.0,567.0,203.0,16.0,562.0,200.0,543.0,450.0,130.0,228.0,241.0,6607.0
2018-01-24 12:00:00,27.0,577.0,194.0,16.0,659.0,186.0,14.0,609.0,183.0,5.0,594.0,188.0,6.0,604.0,189.0,10.0,553.0,203.0,16.0,542.0,203.0,518.0,450.0,153.0,163.0,250.0,6159.0
2018-01-24 13:00:00,32.0,565.0,195.0,15.0,645.0,187.0,27.0,598.0,184.0,13.0,583.0,190.0,9.0,598.0,190.0,15.0,550.0,202.0,26.0,533.0,204.0,489.0,431.0,155.0,154.0,292.0,5152.0
2018-01-24 14:00:00,18.0,552.0,196.0,11.0,618.0,187.0,16.0,588.0,185.0,8.0,573.0,190.0,7.0,584.0,189.0,14.0,539.0,201.0,14.0,523.0,204.0,441.0,384.0,132.0,182.0,1201.0,3134.0
2018-01-24 15:00:00,6.0,565.0,194.0,2.0,615.0,186.0,4.0,606.0,183.0,1.0,572.0,189.0,5.0,596.0,188.0,11.0,569.0,202.0,4.0,531.0,198.0,251.0,253.0,101.0,164.0,2876.0,
2018-01-24 16:00:00,2.0,593.0,191.0,0.0,633.0,186.0,0.0,631.0,183.0,0.0,584.0,187.0,3.0,610.0,188.0,6.0,549.0,215.0,2.0,566.0,190.0,185.0,189.0,89.0,214.0,2401.0,447.0
2018-01-24 17:00:00,4.0,585.0,188.0,0.0,623.0,185.0,0.0,620.0,182.0,0.0,583.0,185.0,1.0,597.0,187.0,0.0,531.0,209.0,3.0,573.0,188.0,310.0,171.0,92.0,236.0,1684.0,448.0
2018-01-24 18:00:00,11.0,621.0,184.0,0.0,636.0,183.0,1.0,652.0,180.0,0.0,587.0,184.0,1.0,620.0,186.0,1.0,563.0,203.0,5.0,580.0,187.0,489.0,304.0,90.0,319.0,1187.0,11199.0
2018-01-24 19:00:00,11.0,727.0,195.0,0.0,660.0,189.0,0.0,671.0,184.0,0.0,628.0,191.0,1.0,665.0,192.0,1.0,587.0,209.0,4.0,587.0,198.0,489.0,430.0,99.0,269.0,853.0,6720.0
2018-01-24 20:00:00,2.0,687.0,200.0,1.0,656.0,192.0,0.0,653.0,186.0,0.0,624.0,194.0,1.0,650.0,194.0,0.0,601.0,207.0,5.0,581.0,204.0,500.0,442.0,120.0,207.0,568.0,3808.0
2018-01-24 21:00:00,16.0,663.0,200.0,0.0,653.0,190.0,0.0,647.0,185.0,0.0,622.0,193.0,1.0,654.0,192.0,1.0,620.0,202.0,5.0,583.0,201.0,281.0,294.0,108.0,187.0,551.0,112.0
2018-01-24 22:00:00,18.0,665.0,197.0,0.0,651.0,188.0,0.0,642.0,181.0,0.0,617.0,191.0,1.0,646.0,189.0,0.0,619.0,197.0,6.0,589.0,196.0,332.0,225.0,114.0,219.0,489.0,1679.0
2018-01-24 23:00:00,1.0,625.0,193.0,0.0,641.0,186.0,0.0,633.0,178.0,0.0,611.0,188.0,1.0,630.0,188.0,0.0,604.0,195.0,6.0,588.0,196.0,241.0,230.0,138.0,154.0,462.0,112.0
2018-01-25 00:00:00,1.0,612.0,192.0,0.0,634.0,185.0,0.0,630.0,177.0,0.0,606.0,188.0,1.0,620.0,188.0,0.0,592.0,195.0,7.0,573.0,199.0,281.0,249.0,140.0,141.0,478.0,3581.0
2018-01-25 01:00:00,0.0,603.0,192.0,0.0,629.0,184.0,0.0,631.0,177.0,0.0,604.0,188.0,1.0,614.0,188.0,0.0,583.0,197.0,6.0,560.0,200.0,274.0,255.0,142.0,140.0,436.0,1008.0
2018-01-25 03:00:00,1.0,587.0,187.0,0.0,619.0,182.0,0.0,632.0,174.0,0.0,614.0,186.0,1.0,597.0,185.0,0.0,568.0,193.0,0.0,555.0,191.0,177.0,177.0,133.0,133.0,171.0,
2018-01-25 04:00:00,1.0,587.0,186.0,0.0,619.0,181.0,0.0,632.0,173.0,0.0,614.0,185.0,1.0,595.0,184.0,0.0,568.0,192.0,0.0,557.0,190.0,168.0,168.0,130.0,131.0,297.0,
2018-01-25 06:00:00,0.0,587.0,176.0,0.0,620.0,176.0,0.0,627.0,168.0,0.0,633.0,180.0,0.0,580.0,179.0,0.0,569.0,182.0,0.0,568.0,178.0,125.0,127.0,123.0,122.0,272.0,
2018-01-25 07:00:00,1.0,587.0,176.0,0.0,620.0,176.0,0.0,627.0,168.0,0.0,634.0,180.0,1.0,579.0,179.0,0.0,569.0,181.0,0.0,568.0,178.0,125.0,125.0,120.0,121.0,312.0,
2018-01-25 09:00:00,27.0,913.0,179.0,10.0,671.0,172.0,5.0,640.0,166.0,1.0,628.0,176.0,2.0,614.0,175.0,2.0,614.0,177.0,11.0,593.0,172.0,125.0,125.0,77.0,294.0,463.0,784.0
2018-01-25 10:00:00,26.0,639.0,173.0,19.0,638.0,170.0,12.0,639.0,165.0,4.0,598.0,175.0,6.0,613.0,172.0,9.0,607.0,175.0,21.0,599.0,171.0,187.0,160.0,116.0,156.0,334.0,2688.0
2018-01-25 11:00:00,35.0,571.0,174.0,21.0,599.0,169.0,16.0,597.0,165.0,4.0,574.0,174.0,7.0,579.0,172.0,9.0,562.0,179.0,29.0,547.0,175.0,243.0,234.0,92.0,243.0,1264.0,672.0
2018-01-25 12:00:00,55.0,591.0,173.0,26.0,597.0,168.0,24.0,596.0,164.0,6.0,572.0,173.0,8.0,581.0,171.0,16.0,568.0,178.0,46.0,556.0,171.0,178.0,178.0,111.0,148.0,643.0,
2018-01-25 13:00:00,51.0,600.0,170.0,19.0,607.0,167.0,41.0,606.0,163.0,17.0,580.0,171.0,11.0,591.0,171.0,25.0,578.0,176.0,48.0,573.0,168.0,145.0,146.0,120.0,126.0,243.0,
2018-01-25 14:00:00,25.0,608.0,168.0,11.0,611.0,166.0,27.0,608.0,162.0,13.0,581.0,170.0,9.0,600.0,170.0,21.0,586.0,174.0,24.0,580.0,166.0,131.0,132.0,120.0,120.0,218.0,
2018-01-25 15:00:00,8.0,612.0,165.0,4.0,614.0,164.0,13.0,607.0,161.0,11.0,580.0,169.0,5.0,599.0,167.0,10.0,589.0,171.0,5.0,585.0,163.0,121.0,122.0,117.0,118.0,258.0,
2018-01-25 16:00:00,1.0,614.0,163.0,0.0,615.0,162.0,0.0,606.0,159.0,0.0,581.0,167.0,0.0,597.0,165.0,0.0,589.0,168.0,0.0,587.0,161.0,115.0,117.0,115.0,115.0,229.0,
2018-01-25 17:00:00,0.0,615.0,161.0,0.0,614.0,161.0,0.0,605.0,158.0,0.0,582.0,165.0,0.0,595.0,163.0,0.0,588.0,166.0,0.0,588.0,159.0,114.0,114.0,115.0,114.0,233.0,
2018-01-25 18:00:00,0.0,614.0,160.0,0.0,613.0,160.0,0.0,605.0,156.0,0.0,583.0,163.0,0.0,595.0,162.0,0.0,588.0,164.0,0.0,590.0,157.0,110.0,111.0,114.0,113.0,359.0,
2018-01-25 19:00:00,0.0,609.0,159.0,0.0,613.0,158.0,0.0,604.0,155.0,0.0,583.0,161.0,0.0,593.0,161.0,0.0,586.0,163.0,0.0,591.0,156.0,110.0,110.0,110.0,113.0,234.0,
2018-01-25 20:00:00,0.0,608.0,157.0,0.0,612.0,157.0,0.0,602.0,154.0,0.0,582.0,160.0,0.0,592.0,159.0,0.0,584.0,161.0,0.0,591.0,154.0,109.0,108.0,110.0,110.0,262.0,
2018-01-25 21:00:00,0.0,607.0,155.0,0.0,610.0,155.0,0.0,600.0,153.0,0.0,581.0,158.0,0.0,591.0,158.0,0.0,582.0,160.0,0.0,591.0,152.0,105.0,108.0,110.0,110.0,237.0,
2018-01-25 22:00:00,0.0,605.0,153.0,0.0,610.0,154.0,0.0,598.0,151.0,0.0,580.0,156.0,0.0,590.0,156.0,0.0,580.0,158.0,0.0,590.0,151.0,105.0,105.0,110.0,110.0,239.0,
2018-01-25 23:00:00,0.0,605.0,152.0,0.0,609.0,152.0,0.0,597.0,150.0,0.0,580.0,155.0,0.0,590.0,155.0,0.0,581.0,157.0,0.0,591.0,149.0,105.0,105.0,108.0,108.0,280.0,
2018-01-26 00:00:00,0.0,610.0,151.0,0.0,609.0,151.0,0.0,597.0,149.0,0.0,582.0,153.0,1.0,592.0,153.0,0.0,584.0,156.0,0.0,592.0,148.0,105.0,105.0,105.0,108.0,241.0,
2018-01-26 01:00:00,0.0,611.0,150.0,0.0,609.0,150.0,0.0,598.0,148.0,0.0,583.0,152.0,0.0,593.0,152.0,0.0,586.0,154.0,0.0,593.0,146.0,105.0,104.0,105.0,108.0,263.0,
2018-01-26 02:00:00,0.0,611.0,149.0,0.0,609.0,149.0,0.0,598.0,147.0,0.0,584.0,150.0,0.0,593.0,151.0,0.0,586.0,153.0,0.0,594.0,145.0,105.0,103.0,105.0,107.0,252.0,
2018-01-26 03:00:00,0.0,610.0,148.0,0.0,609.0,148.0,0.0,598.0,146.0,0.0,585.0,149.0,0.0,594.0,149.0,0.0,587.0,151.0,0.0,595.0,143.0,103.0,103.0,105.0,105.0,259.0,
2018-01-26 04:00:00,0.0,611.0,147.0,0.0,609.0,146.0,0.0,598.0,145.0,0.0,586.0,148.0,0.0,594.0,148.0,0.0,589.0,150.0,0.0,595.0,142.0,100.0,103.0,105.0,105.0,277.0,
2018-01-26 05:00:00,0.0,610.0,145.0,0.0,608.0,145.0,0.0,597.0,143.0,0.0,585.0,146.0,0.0,593.0,147.0,0.0,587.0,149.0,0.0,595.0,141.0,100.0,102.0,105.0,105.0,242.0,
2018-01-26 06:00:00,0.0,607.0,146.0,0.0,608.0,144.0,0.0,596.0,143.0,0.0,586.0,145.0,0.0,593.0,146.0,0.0,586.0,149.0,0.0,597.0,140.0,159.0,141.0,105.0,106.0,291.0,3020.0
2018-01-26 07:00:00,0.0,598.0,148.0,0.0,608.0,144.0,0.0,596.0,142.0,0.0,587.0,145.0,1.0,591.0,146.0,0.0,580.0,151.0,0.0,596.0,141.0,163.0,154.0,109.0,108.0,263.0,1008.0
2018-01-26 08:00:00,4.0,592.0,149.0,1.0,606.0,144.0,0.0,596.0,142.0,0.0,588.0,145.0,1.0,589.0,146.0,0.0,575.0,152.0,1.0,596.0,141.0,188.0,172.0,110.0,110.0,246.0,1904.0
2018-01-26 09:00:00,14.0,588.0,150.0,10.0,604.0,144.0,5.0,597.0,142.0,0.0,589.0,145.0,3.0,589.0,146.0,3.0,572.0,153.0,11.0,595.0,142.0,190.0,180.0,112.0,111.0,287.0,1008.0
2018-01-26 10:00:00,20.0,586.0,151.0,15.0,604.0,143.0,8.0,598.0,141.0,1.0,589.0,145.0,4.0,589.0,146.0,5.0,569.0,154.0,20.0,594.0,142.0,190.0,178.0,114.0,113.0,249.0,1344.0
2018-01-26 11:00:00,31.0,585.0,151.0,21.0,605.0,143.0,12.0,600.0,141.0,3.0,590.0,145.0,5.0,592.0,146.0,9.0,569.0,154.0,23.0,595.0,142.0,182.0,174.0,115.0,113.0,263.0,896.0
2018-01-26 12:00:00,34.0,586.0,151.0,22.0,607.0,143.0,20.0,604.0,141.0,5.0,591.0,144.0,7.0,594.0,146.0,13.0,571.0,154.0,26.0,596.0,142.0,184.0,172.0,115.0,113.0,246.0,1568.0
2018-01-26 13:00:00,45.0,587.0,151.0,18.0,607.0,143.0,38.0,605.0,141.0,16.0,591.0,144.0,10.0,594.0,146.0,24.0,572.0,154.0,43.0,596.0,142.0,177.0,172.0,115.0,113.0,261.0,112.0
2018-01-26 14:00:00,31.0,588.0,150.0,13.0,606.0,142.0,63.0,604.0,141.0,34.0,592.0,145.0,17.0,594.0,146.0,48.0,574.0,153.0,31.0,595.0,141.0,144.0,145.0,110.0,111.0,269.0,
2018-01-26 15:00:00,14.0,595.0,148.0,8.0,609.0,142.0,38.0,603.0,141.0,27.0,589.0,145.0,13.0,595.0,145.0,27.0,578.0,151.0,11.0,598.0,139.0,140.0,133.0,110.0,109.0,269.0,1565.0
2018-01-26 16:00:00,3.0,595.0,148.0,0.0,607.0,142.0,1.0,603.0,140.0,0.0,588.0,145.0,1.0,592.0,145.0,0.0,577.0,151.0,1.0,598.0,140.0,184.0,168.0,110.0,110.0,270.0,1344.0
2018-01-26 17:00:00,0.0,587.0,150.0,0.0,605.0,142.0,0.0,604.0,140.0,0.0,586.0,145.0,0.0,590.0,145.0,0.0,571.0,153.0,0.0,595.0,141.0,204.0,192.0,114.0,113.0,268.0,1568.0
2018-01-26 18:00:00,0.0,582.0,151.0,0.0,602.0,142.0,0.0,601.0,140.0,0.0,583.0,145.0,1.0,588.0,145.0,0.0,566.0,154.0,0.0,592.0,142.0,213.0,196.0,115.0,114.0,322.0,1792.0
2018-01-26 19:00:00,0.0,579.0,151.0,0.0,602.0,142.0,0.0,601.0,140.0,0.0,582.0,144.0,0.0,586.0,145.0,0.0,563.0,154.0,0.0,590.0,142.0,193.0,181.0,115.0,113.0,216.0,1232.0
2018-01-26 20:00:00,0.0,579.0,150.0,0.0,601.0,142.0,0.0,600.0,140.0,0.0,582.0,144.0,0.0,585.0,145.0,0.0,562.0,154.0,0.0,590.0,142.0,189.0,180.0,115.0,113.0,262.0,1119.0
2018-01-26 21:00:00,0.0,577.0,150.0,0.0,601.0,142.0,0.0,601.0,140.0,0.0,581.0,144.0,0.0,584.0,145.0,0.0,560.0,154.0,0.0,589.0,142.0,211.0,194.0,115.0,114.0,244.0,2015.0
2018-01-26 22:00:00,0.0,577.0,150.0,0.0,601.0,141.0,0.0,601.0,140.0,0.0,581.0,144.0,0.0,585.0,145.0,0.0,559.0,155.0,0.0,588.0,142.0,201.0,185.0,115.0,113.0,258.0,1904.0
2018-01-26 23:00:00,0.0,578.0,150.0,0.0,602.0,141.0,0.0,603.0,140.0,0.0,582.0,144.0,0.0,585.0,145.0,0.0,560.0,154.0,0.0,588.0,142.0,188.0,180.0,115.0,113.0,251.0,896.0
2018-01-27 00:00:00,0.0,581.0,150.0,0.0,604.0,141.0,0.0,604.0,139.0,0.0,583.0,144.0,0.0,586.0,145.0,0.0,561.0,154.0,0.0,588.0,142.0,200.0,181.0,115.0,113.0,269.0,1792.0
2018-01-27 01:00:00,1.0,582.0,150.0,0.0,604.0,141.0,0.0,605.0,139.0,0.0,584.0,144.0,0.0,586.0,145.0,0.0,562.0,154.0,0.0,589.0,142.0,180.0,179.0,115.0,113.0,300.0,
2018-01-27 03:00:00,0.0,577.0,150.0,0.0,604.0,141.0,0.0,604.0,139.0,0.0,583.0,143.0,1.0,586.0,145.0,0.0,559.0,154.0,0.0,588.0,142.0,194.0,179.0,115.0,113.0,298.0,896.0
2018-01-27 06:00:00,0.0,584.0,150.0,0.0,607.0,141.0,0.0,609.0,139.0,0.0,586.0,143.0,1.0,590.0,145.0,0.0,565.0,154.0,0.0,590.0,142.0,192.0,188.0,115.0,113.0,158.0,
2018-01-27 08:00:00,5.0,588.0,151.0,3.0,612.0,142.0,1.0,615.0,139.0,0.0,592.0,144.0,1.0,593.0,146.0,0.0,568.0,155.0,3.0,593.0,143.0,201.0,197.0,115.0,115.0,308.0,
2018-01-27 09:00:00,8.0,588.0,151.0,5.0,613.0,142.0,2.0,615.0,140.0,0.0,592.0,144.0,2.0,594.0,146.0,1.0,568.0,154.0,6.0,593.0,143.0,184.0,182.0,115.0,114.0,249.0,
2018-01-27 11:00:00,23.0,604.0,151.0,16.0,623.0,142.0,9.0,629.0,140.0,2.0,603.0,145.0,4.0,606.0,146.0,7.0,582.0,154.0,16.0,601.0,144.0,157.0,156.0,115.0,113.0,151.0,
2018-01-27 12:00:00,33.0,607.0,151.0,25.0,625.0,142.0,18.0,629.0,140.0,4.0,607.0,145.0,7.0,607.0,146.0,12.0,584.0,154.0,25.0,603.0,143.0,176.0,173.0,115.0,113.0,173.0,
2018-01-27 14:00:00,25.0,657.0,164.0,11.0,641.0,154.0,0.0,639.0,148.0,21.0,634.0,155.0,13.0,649.0,156.0,24.0,609.0,175.0,22.0,632.0,159.0,548.0,484.0,82.0,274.0,757.0,1792.0
2018-01-27 15:00:00,17.0,644.0,170.0,11.0,639.0,158.0,0.0,652.0,150.0,24.0,628.0,159.0,14.0,645.0,159.0,25.0,593.0,180.0,21.0,627.0,164.0,533.0,504.0,80.0,292.0,,
2018-01-27 17:00:00,2.0,585.0,187.0,0.0,638.0,177.0,1.0,690.0,167.0,0.0,647.0,177.0,3.0,708.0,173.0,7.0,680.0,199.0,5.0,605.0,192.0,523.0,474.0,100.0,235.0,602.0,5822.0
2018-01-27 18:00:00,23.0,624.0,190.0,0.0,645.0,179.0,2.0,676.0,169.0,0.0,643.0,178.0,2.0,694.0,175.0,1.0,647.0,195.0,8.0,608.0,195.0,547.0,473.0,80.0,237.0,2755.0,7504.0
2018-01-27 19:00:00,5.0,627.0,189.0,0.0,647.0,179.0,0.0,655.0,172.0,0.0,637.0,179.0,1.0,687.0,176.0,1.0,634.0,197.0,6.0,597.0,200.0,490.0,429.0,93.0,234.0,899.0,5933.0
2018-01-27 20:00:00,0.0,619.0,188.0,0.0,644.0,179.0,0.0,635.0,172.0,0.0,626.0,180.0,1.0,667.0,177.0,0.0,615.0,197.0,6.0,601.0,202.0,501.0,435.0,134.0,213.0,348.0,5376.0
2018-01-27 21:00:00,5.0,613.0,189.0,0.0,655.0,180.0,0.0,620.0,174.0,0.0,613.0,181.0,1.0,655.0,178.0,0.0,601.0,194.0,6.0,590.0,205.0,475.0,412.0,124.0,194.0,376.0,4592.0
2018-01-27 22:00:00,13.0,618.0,192.0,0.0,666.0,180.0,0.0,610.0,175.0,0.0,602.0,182.0,1.0,643.0,179.0,0.0,593.0,193.0,7.0,587.0,206.0,449.0,402.0,127.0,200.0,365.0,4591.0
2018-01-27 23:00:00,1.0,604.0,193.0,0.0,665.0,180.0,,,,0.0,590.0,183.0,1.0,636.0,179.0,0.0,589.0,192.0,6.0,578.0,206.0,453.0,385.0,147.0,161.0,354.0,4704.0
2018-01-28 00:00:00,1.0,585.0,192.0,0.0,653.0,179.0,0.0,597.0,175.0,0.0,581.0,182.0,1.0,629.0,179.0,0.0,586.0,191.0,6.0,570.0,203.0,308.0,305.0,148.0,148.0,273.0,
2018-01-28 01:00:00,3.0,579.0,186.0,0.0,643.0,177.0,0.0,597.0,173.0,0.0,581.0,179.0,1.0,622.0,178.0,0.0,586.0,187.0,0.0,561.0,194.0,199.0,200.0,138.0,135.0,216.0,
2018-01-28 02:00:00,0.0,580.0,180.0,0.0,643.0,174.0,0.0,591.0,169.0,0.0,580.0,177.0,1.0,611.0,176.0,0.0,589.0,182.0,0.0,568.0,186.0,155.0,157.0,130.0,128.0,282.0,
2018-01-28 03:00:00,0.0,586.0,176.0,0.0,644.0,173.0,0.0,583.0,166.0,0.0,583.0,175.0,1.0,602.0,174.0,0.0,593.0,178.0,0.0,572.0,182.0,137.0,139.0,125.0,123.0,223.0,
2018-01-28 04:00:00,0.0,595.0,172.0,0.0,646.0,171.0,0.0,585.0,164.0,0.0,593.0,174.0,1.0,605.0,172.0,0.0,600.0,175.0,0.0,577.0,178.0,127.0,128.0,120.0,120.0,265.0,
2018-01-28 05:00:00,0.0,603.0,170.0,0.0,652.0,169.0,0.0,589.0,163.0,0.0,606.0,172.0,1.0,611.0,171.0,0.0,606.0,172.0,0.0,581.0,175.0,121.0,122.0,120.0,118.0,241.0,
2018-01-28 06:00:00,0.0,608.0,168.0,0.0,654.0,168.0,0.0,595.0,161.0,0.0,612.0,171.0,1.0,614.0,169.0,0.0,609.0,170.0,0.0,585.0,172.0,117.0,118.0,116.0,117.0,337.0,
2018-01-28 07:00:00,0.0,615.0,167.0,0.0,653.0,166.0,0.0,606.0,160.0,0.0,617.0,170.0,0.0,615.0,168.0,0.0,612.0,168.0,0.0,589.0,170.0,115.0,115.0,115.0,115.0,270.0,
2018-01-28 08:00:00,1.0,621.0,166.0,0.0,651.0,165.0,0.0,613.0,159.0,0.0,625.0,169.0,1.0,612.0,167.0,0.0,613.0,167.0,0.0,592.0,168.0,135.0,125.0,113.0,114.0,240.0,1007.0
2018-01-28 09:00:00,10.0,638.0,171.0,2.0,650.0,167.0,0.0,637.0,162.0,0.0,624.0,171.0,3.0,618.0,170.0,8.0,614.0,176.0,5.0,596.0,173.0,398.0,340.0,93.0,181.0,477.0,8062.0
2018-01-28 10:00:00,38.0,694.0,187.0,3.0,648.0,178.0,2.0,639.0,170.0,1.0,616.0,179.0,2.0,625.0,178.0,2.0,589.0,193.0,9.0,594.0,188.0,522.0,466.0,88.0,261.0,1240.0,9520.0
2018-01-28 11:00:00,34.0,781.0,203.0,4.0,650.0,183.0,7.0,659.0,175.0,2.0,631.0,183.0,4.0,701.0,182.0,5.0,643.0,198.0,11.0,593.0,195.0,544.0,430.0,87.0,311.0,629.0,6495.0
2018-01-28 12:00:00,35.0,666.0,199.0,8.0,666.0,180.0,15.0,679.0,175.0,4.0,647.0,183.0,5.0,702.0,181.0,5.0,659.0,195.0,12.0,604.0,191.0,348.0,293.0,91.0,252.0,1725.0,
2018-01-28 13:00:00,15.0,648.0,188.0,10.0,661.0,177.0,8.0,666.0,171.0,4.0,640.0,179.0,4.0,674.0,178.0,5.0,647.0,187.0,10.0,608.0,184.0,209.0,200.0,109.0,152.0,687.0,
2018-01-28 14:00:00,17.0,648.0,180.0,12.0,660.0,174.0,16.0,661.0,169.0,8.0,633.0,177.0,6.0,653.0,176.0,8.0,635.0,182.0,11.0,610.0,179.0,160.0,159.0,120.0,131.0,259.0,
2018-01-28 15:00:00,12.0,654.0,176.0,5.0,659.0,172.0,8.0,658.0,168.0,3.0,630.0,175.0,4.0,648.0,174.0,6.0,636.0,178.0,9.0,612.0,176.0,178.0,149.0,111.0,122.0,504.0,3808.0
2018-01-28 16:00:00,1.0,677.0,184.0,0.0,700.0,179.0,2.0,714.0,171.0,0.0,663.0,183.0,3.0,759.0,182.0,5.0,695.0,210.0,7.0,615.0,187.0,520.0,453.0,99.0,220.0,2479.0,7616.0
2018-01-28 17:00:00,17.0,740.0,195.0,0.0,790.0,188.0,7.0,840.0,182.0,0.0,711.0,189.0,3.0,831.0,191.0,3.0,713.0,237.0,5.0,644.0,196.0,450.0,389.0,84.0,244.0,908.0,6607.0
2018-01-28 18:00:00,50.0,938.0,208.0,0.0,777.0,187.0,6.0,786.0,183.0,0.0,712.0,189.0,1.0,762.0,190.0,1.0,619.0,222.0,4.0,670.0,203.0,465.0,380.0,92.0,359.0,506.0,6270.0
2018-01-28 19:00:00,9.0,936.0,216.0,0.0,774.0,186.0,0.0,732.0,183.0,0.0,704.0,190.0,1.0,760.0,190.0,2.0,659.0,210.0,4.0,620.0,213.0,475.0,423.0,93.0,263.0,1006.0,5600.0
2018-01-28 20:00:00,1.0,838.0,210.0,0.0,773.0,188.0,0.0,708.0,185.0,0.0,696.0,192.0,1.0,753.0,191.0,0.0,675.0,208.0,5.0,603.0,217.0,450.0,414.0,109.0,213.0,1902.0,3248.0
2018-01-28 21:00:00,4.0,781.0,207.0,0.0,768.0,188.0,0.0,693.0,186.0,0.0,689.0,193.0,1.0,738.0,192.0,0.0,648.0,207.0,5.0,600.0,218.0,421.0,382.0,122.0,183.0,396.0,4031.0
2018-01-28 22:00:00,8.0,732.0,209.0,0.0,752.0,188.0,0.0,677.0,186.0,0.0,682.0,194.0,1.0,731.0,192.0,0.0,669.0,203.0,4.0,598.0,217.0,421.0,378.0,117.0,208.0,397.0,4368.0
2018-01-28 23:00:00,0.0,715.0,208.0,0.0,743.0,188.0,0.0,673.0,186.0,0.0,665.0,193.0,1.0,723.0,192.0,0.0,679.0,200.0,4.0,593.0,217.0,372.0,351.0,145.0,170.0,320.0,1791.0
2018-01-29 00:00:00,39.0,679.0,203.0,0.0,732.0,187.0,0.0,678.0,184.0,0.0,664.0,191.0,2.0,702.0,191.0,0.0,676.0,197.0,5.0,605.0,209.0,238.0,238.0,147.0,149.0,291.0,
2018-01-29 01:00:00,14.0,668.0,196.0,0.0,722.0,185.0,0.0,673.0,182.0,0.0,667.0,189.0,1.0,692.0,189.0,0.0,681.0,193.0,0.0,626.0,201.0,401.0,199.0,122.0,256.0,279.0,1232.0
2018-01-29 02:00:00,1.0,665.0,190.0,0.0,713.0,184.0,0.0,667.0,179.0,0.0,673.0,187.0,1.0,672.0,188.0,0.0,668.0,190.0,0.0,637.0,194.0,255.0,181.0,139.0,164.0,255.0,
2018-01-29 03:00:00,1.0,666.0,187.0,0.0,708.0,182.0,0.0,664.0,178.0,0.0,681.0,186.0,1.0,664.0,187.0,0.0,664.0,188.0,0.0,640.0,190.0,184.0,160.0,138.0,141.0,271.0,
2018-01-29 04:00:00,1.0,667.0,184.0,0.0,704.0,181.0,0.0,660.0,176.0,0.0,676.0,185.0,1.0,658.0,185.0,0.0,659.0,186.0,0.0,643.0,187.0,152.0,144.0,133.0,133.0,276.0,
2018-01-29 05:00:00,0.0,668.0,181.0,0.0,703.0,179.0,0.0,659.0,174.0,0.0,672.0,183.0,1.0,656.0,183.0,0.0,659.0,184.0,0.0,642.0,184.0,138.0,135.0,130.0,129.0,240.0,
2018-01-29 06:00:00,1.0,664.0,179.0,0.0,703.0,178.0,0.0,656.0,172.0,0.0,672.0,182.0,1.0,651.0,182.0,0.0,656.0,182.0,0.0,641.0,182.0,131.0,130.0,127.0,128.0,321.0,
2018-01-29 07:00:00,10.0,684.0,178.0,0.0,703.0,177.0,2.0,656.0,171.0,0.0,672.0,181.0,1.0,654.0,181.0,0.0,677.0,182.0,0.0,643.0,179.0,127.0,126.0,98.0,157.0,479.0,560.0
2018-01-29 08:00:00,19.0,692.0,178.0,0.0,702.0,176.0,7.0,679.0,171.0,0.0,662.0,180.0,2.0,669.0,180.0,1.0,677.0,181.0,1.0,648.0,178.0,130.0,128.0,95.0,209.0,295.0,
2018-01-29 09:00:00,16.0,677.0,175.0,12.0,703.0,174.0,6.0,671.0,170.0,3.0,645.0,178.0,4.0,659.0,177.0,3.0,660.0,178.0,10.0,646.0,176.0,128.0,127.0,119.0,140.0,241.0,
2018-01-29 10:00:00,23.0,673.0,172.0,19.0,703.0,172.0,12.0,667.0,169.0,7.0,640.0,176.0,6.0,653.0,175.0,7.0,657.0,176.0,16.0,644.0,174.0,125.0,124.0,125.0,126.0,250.0,
2018-01-29 11:00:00,33.0,669.0,171.0,20.0,701.0,171.0,12.0,665.0,168.0,7.0,637.0,174.0,7.0,649.0,174.0,8.0,654.0,174.0,20.0,643.0,172.0,123.0,122.0,122.0,123.0,266.0,
2018-01-29 12:00:00,53.0,662.0,169.0,24.0,699.0,169.0,21.0,660.0,167.0,14.0,632.0,173.0,9.0,643.0,173.0,12.0,648.0,173.0,32.0,642.0,170.0,120.0,120.0,120.0,121.0,279.0,
2018-01-29 13:00:00,49.0,657.0,168.0,22.0,698.0,168.0,39.0,656.0,166.0,29.0,629.0,172.0,12.0,639.0,171.0,22.0,645.0,171.0,42.0,640.0,169.0,120.0,118.0,120.0,120.0,229.0,
2018-01-29 14:00:00,29.0,655.0,166.0,14.0,695.0,167.0,56.0,655.0,165.0,46.0,630.0,172.0,18.0,640.0,171.0,41.0,645.0,171.0,27.0,639.0,167.0,117.0,117.0,120.0,119.0,264.0,
2018-01-29 15:00:00,12.0,657.0,166.0,8.0,689.0,166.0,24.0,654.0,164.0,19.0,629.0,171.0,9.0,642.0,170.0,15.0,646.0,171.0,9.0,640.0,167.0,169.0,153.0,120.0,120.0,234.0,1904.0
2018-01-29 16:00:00,3.0,661.0,167.0,1.0,685.0,166.0,3.0,658.0,163.0,1.0,624.0,171.0,2.0,644.0,170.0,0.0,646.0,171.0,1.0,636.0,168.0,213.0,196.0,124.0,124.0,256.0,2015.0
2018-01-29 17:00:00,6.0,656.0,169.0,0.0,679.0,166.0,0.0,662.0,163.0,0.0,624.0,171.0,1.0,643.0,170.0,0.0,640.0,173.0,1.0,629.0,170.0,235.0,216.0,114.0,167.0,289.0,2240.0
2018-01-29 18:00:00,8.0,654.0,175.0,0.0,684.0,169.0,12.0,669.0,165.0,0.0,624.0,176.0,1.0,647.0,172.0,1.0,636.0,179.0,3.0,611.0,180.0,486.0,405.0,128.0,163.0,1533.0,11536.0
2018-01-29 19:00:00,2.0,633.0,186.0,0.0,676.0,176.0,3.0,673.0,171.0,0.0,620.0,181.0,1.0,648.0,179.0,1.0,585.0,202.0,3.0,576.0,194.0,503.0,424.0,114.0,234.0,1944.0,3022.0
2018-01-29 20:00:00,1.0,610.0,192.0,0.0,671.0,178.0,0.0,667.0,172.0,0.0,631.0,182.0,1.0,648.0,182.0,0.0,551.0,212.0,5.0,600.0,194.0,513.0,351.0,132.0,182.0,394.0,5152.0
2018-01-29 21:00:00,7.0,602.0,194.0,0.0,663.0,178.0,0.0,659.0,173.0,0.0,624.0,182.0,1.0,638.0,181.0,0.0,569.0,202.0,5.0,601.0,196.0,418.0,358.0,118.0,177.0,382.0,4704.0
2018-01-29 22:00:00,8.0,603.0,194.0,0.0,663.0,178.0,0.0,655.0,173.0,0.0,623.0,183.0,1.0,636.0,181.0,0.0,589.0,196.0,5.0,587.0,199.0,459.0,367.0,97.0,208.0,1551.0,4816.0
2018-01-29 23:00:00,0.0,596.0,194.0,0.0,655.0,179.0,0.0,652.0,174.0,0.0,618.0,184.0,1.0,630.0,182.0,0.0,593.0,195.0,5.0,599.0,200.0,376.0,339.0,122.0,157.0,1173.0,4144.0
2018-01-30 00:00:00,1.0,590.0,194.0,0.0,646.0,179.0,0.0,651.0,174.0,0.0,620.0,184.0,1.0,627.0,182.0,0.0,590.0,195.0,4.0,593.0,200.0,341.0,314.0,144.0,147.0,421.0,3024.0
2018-01-30 01:00:00,1.0,587.0,192.0,0.0,644.0,179.0,0.0,651.0,173.0,0.0,625.0,183.0,0.0,621.0,182.0,0.0,584.0,194.0,0.0,578.0,195.0,244.0,243.0,144.0,142.0,230.0,
2018-01-30 02:00:00,0.0,587.0,186.0,0.0,643.0,177.0,0.0,646.0,170.0,0.0,629.0,181.0,0.0,612.0,180.0,0.0,581.0,189.0,0.0,587.0,186.0,177.0,177.0,136.0,134.0,269.0,
2018-01-30 03:00:00,1.0,595.0,181.0,0.0,644.0,175.0,0.0,642.0,168.0,0.0,639.0,179.0,1.0,608.0,178.0,0.0,583.0,185.0,0.0,592.0,181.0,149.0,150.0,130.0,129.0,264.0,
2018-01-30 04:00:00,1.0,601.0,177.0,0.0,645.0,173.0,0.0,639.0,166.0,0.0,642.0,178.0,1.0,606.0,176.0,0.0,587.0,181.0,0.0,595.0,178.0,134.0,136.0,126.0,125.0,250.0,
2018-01-30 05:00:00,1.0,602.0,173.0,0.0,648.0,172.0,0.0,635.0,164.0,0.0,643.0,176.0,1.0,602.0,175.0,0.0,588.0,178.0,0.0,596.0,175.0,126.0,127.0,123.0,123.0,228.0,
2018-01-30 06:00:00,24.0,743.0,177.0,0.0,651.0,170.0,0.0,635.0,163.0,0.0,643.0,175.0,1.0,605.0,173.0,0.0,593.0,176.0,0.0,598.0,173.0,122.0,125.0,98.0,198.0,328.0,5152.0
2018-01-30 07:00:00,42.0,949.0,184.0,0.0,679.0,169.0,2.0,679.0,164.0,0.0,644.0,174.0,2.0,643.0,172.0,1.0,642.0,174.0,2.0,615.0,171.0,375.0,147.0,79.0,267.0,490.0,4704.0
2018-01-30 08:00:00,2.0,683.0,173.0,0.0,662.0,168.0,0.0,663.0,163.0,0.0,624.0,172.0,1.0,640.0,170.0,0.0,636.0,173.0,1.0,623.0,169.0,229.0,162.0,115.0,152.0,220.0,1008.0
2018-01-30 09:00:00,11.0,675.0,170.0,9.0,658.0,167.0,4.0,656.0,162.0,2.0,621.0,171.0,3.0,644.0,170.0,1.0,639.0,172.0,10.0,620.0,169.0,216.0,192.0,124.0,131.0,261.0,2015.0
2018-01-30 10:00:00,20.0,664.0,170.0,17.0,651.0,166.0,9.0,650.0,162.0,5.0,618.0,171.0,5.0,640.0,170.0,5.0,629.0,173.0,20.0,615.0,170.0,224.0,207.0,129.0,128.0,233.0,2016.0
2018-01-30 11:00:00,22.0,652.0,170.0,20.0,647.0,166.0,10.0,646.0,162.0,6.0,614.0,171.0,5.0,633.0,170.0,5.0,619.0,174.0,22.0,611.0,170.0,228.0,212.0,130.0,128.0,255.0,2016.0
2018-01-30 12:00:00,24.0,643.0,170.0,19.0,643.0,166.0,16.0,643.0,162.0,9.0,608.0,171.0,6.0,627.0,170.0,8.0,611.0,175.0,22.0,607.0,170.0,241.0,221.0,130.0,128.0,253.0,2912.0
2018-01-30 13:00:00,24.0,634.0,171.0,15.0,639.0,165.0,19.0,641.0,162.0,9.0,603.0,171.0,8.0,623.0,169.0,9.0,603.0,176.0,21.0,603.0,170.0,251.0,230.0,130.0,128.0,231.0,2016.0
2018-01-30 14:00:00,11.0,625.0,171.0,6.0,635.0,165.0,4.0,638.0,161.0,2.0,599.0,171.0,3.0,619.0,169.0,2.0,597.0,176.0,8.0,601.0,170.0,237.0,222.0,130.0,128.0,250.0,1792.0
2018-01-30 15:00:00,5.0,620.0,171.0,2.0,633.0,165.0,1.0,635.0,161.0,1.0,595.0,171.0,2.0,617.0,169.0,0.0,593.0,176.0,3.0,601.0,169.0,251.0,227.0,129.0,130.0,264.0,5029.0
2018-01-30 16:00:00,1.0,659.0,179.0,0.0,649.0,173.0,0.0,666.0,165.0,0.0,604.0,178.0,3.0,673.0,175.0,7.0,664.0,201.0,5.0,583.0,188.0,553.0,481.0,121.0,223.0,874.0,9295.0
2018-01-30 17:00:00,1.0,618.0,188.0,0.0,638.0,182.0,0.0,641.0,174.0,0.0,601.0,182.0,2.0,630.0,180.0,2.0,581.0,199.0,4.0,567.0,197.0,540.0,479.0,150.0,157.0,669.0,7727.0
2018-01-30 18:00:00,30.0,593.0,193.0,0.0,628.0,186.0,9.0,631.0,177.0,0.0,589.0,185.0,4.0,621.0,183.0,5.0,571.0,199.0,10.0,549.0,205.0,540.0,481.0,147.0,188.0,740.0,6271.0
2018-01-30 19:00:00,22.0,584.0,195.0,1.0,622.0,187.0,0.0,632.0,180.0,0.0,590.0,187.0,2.0,614.0,184.0,2.0,566.0,199.0,6.0,547.0,206.0,537.0,477.0,139.0,217.0,421.0,6607.0
2018-01-30 20:00:00,30.0,637.0,198.0,1.0,625.0,187.0,0.0,630.0,183.0,0.0,598.0,189.0,2.0,623.0,187.0,1.0,577.0,200.0,5.0,552.0,205.0,523.0,467.0,105.0,291.0,843.0,8959.0
2018-01-30 21:00:00,41.0,952.0,209.0,1.0,646.0,187.0,0.0,622.0,183.0,0.0,605.0,190.0,1.0,675.0,187.0,0.0,610.0,201.0,12.0,595.0,204.0,485.0,375.0,83.0,374.0,2152.0,7392.0
2018-01-30 22:00:00,0.0,859.0,208.0,0.0,655.0,187.0,0.0,624.0,182.0,0.0,632.0,190.0,1.0,719.0,188.0,0.0,632.0,203.0,7.0,593.0,203.0,403.0,362.0,101.0,189.0,1372.0,4928.0
2018-01-30 23:00:00,0.0,741.0,202.0,0.0,657.0,187.0,0.0,619.0,181.0,0.0,615.0,189.0,1.0,663.0,189.0,0.0,605.0,204.0,7.0,591.0,204.0,413.0,366.0,136.0,153.0,438.0,3134.0
2018-01-31 00:00:00,0.0,682.0,199.0,0.0,648.0,187.0,0.0,617.0,181.0,0.0,609.0,190.0,1.0,639.0,190.0,0.0,590.0,204.0,6.0,587.0,205.0,406.0,370.0,148.0,149.0,393.0,3024.0
2018-01-31 01:00:00,1.0,629.0,196.0,0.0,649.0,185.0,0.0,621.0,180.0,0.0,604.0,188.0,1.0,633.0,189.0,0.0,590.0,200.0,2.0,583.0,201.0,261.0,261.0,146.0,143.0,240.0,
2018-01-31 02:00:00,1.0,621.0,190.0,0.0,649.0,183.0,0.0,620.0,177.0,0.0,617.0,186.0,1.0,624.0,186.0,0.0,595.0,194.0,0.0,585.0,194.0,186.0,187.0,137.0,135.0,228.0,
2018-01-31 03:00:00,1.0,618.0,185.0,0.0,655.0,181.0,0.0,612.0,174.0,0.0,616.0,184.0,1.0,615.0,184.0,0.0,596.0,189.0,0.0,584.0,189.0,154.0,156.0,131.0,130.0,223.0,
2018-01-31 04:00:00,1.0,620.0,180.0,0.0,660.0,179.0,0.0,610.0,171.0,0.0,612.0,181.0,1.0,609.0,181.0,0.0,600.0,184.0,0.0,584.0,184.0,135.0,138.0,126.0,125.0,214.0,
2018-01-31 05:00:00,1.0,620.0,178.0,0.0,653.0,177.0,0.0,609.0,168.0,0.0,617.0,180.0,1.0,608.0,179.0,0.0,600.0,182.0,0.0,587.0,182.0,182.0,161.0,125.0,124.0,264.0,2573.0
2018-01-31 06:00:00,5.0,615.0,178.0,0.0,639.0,176.0,0.0,607.0,167.0,0.0,617.0,180.0,0.0,611.0,178.0,0.0,595.0,183.0,0.0,589.0,181.0,225.0,207.0,126.0,126.0,292.0,2351.0
2018-01-31 07:00:00,30.0,698.0,182.0,0.0,646.0,176.0,0.0,631.0,168.0,0.0,611.0,181.0,4.0,621.0,179.0,7.0,604.0,185.0,3.0,588.0,182.0,257.0,228.0,86.0,246.0,516.0,4592.0
2018-01-31 08:00:00,10.0,649.0,183.0,8.0,650.0,175.0,8.0,649.0,169.0,2.0,605.0,180.0,3.0,634.0,178.0,3.0,616.0,187.0,9.0,591.0,182.0,279.0,242.0,110.0,174.0,339.0,2128.0
2018-01-31 09:00:00,18.0,633.0,182.0,16.0,639.0,174.0,11.0,637.0,169.0,5.0,597.0,180.0,5.0,621.0,178.0,4.0,598.0,187.0,17.0,583.0,182.0,322.0,253.0,116.0,216.0,332.0,3245.0
2018-01-31 10:00:00,24.0,620.0,181.0,18.0,635.0,174.0,13.0,633.0,169.0,5.0,596.0,179.0,6.0,618.0,178.0,6.0,592.0,188.0,19.0,583.0,182.0,265.0,248.0,120.0,247.0,581.0,2238.0
2018-01-31 11:00:00,43.0,608.0,182.0,21.0,631.0,174.0,19.0,630.0,169.0,7.0,595.0,179.0,8.0,612.0,178.0,10.0,579.0,189.0,23.0,583.0,181.0,288.0,264.0,129.0,173.0,236.0,2912.0
2018-01-31 12:00:00,22.0,586.0,182.0,11.0,623.0,174.0,12.0,625.0,169.0,4.0,589.0,179.0,5.0,602.0,178.0,5.0,564.0,189.0,12.0,576.0,181.0,292.0,268.0,135.0,140.0,262.0,2800.0
2018-01-31 13:00:00,29.0,575.0,182.0,16.0,616.0,173.0,22.0,620.0,169.0,9.0,583.0,179.0,7.0,596.0,178.0,11.0,555.0,190.0,19.0,572.0,181.0,299.0,271.0,135.0,135.0,226.0,3808.0
2018-01-31 14:00:00,36.0,567.0,182.0,20.0,613.0,173.0,75.0,616.0,169.0,45.0,577.0,179.0,20.0,590.0,178.0,46.0,549.0,190.0,32.0,573.0,181.0,276.0,259.0,135.0,133.0,237.0,2016.0
2018-01-31 15:00:00,17.0,567.0,181.0,12.0,612.0,172.0,72.0,613.0,169.0,48.0,577.0,180.0,25.0,589.0,178.0,38.0,548.0,190.0,14.0,575.0,180.0,277.0,252.0,135.0,133.0,225.0,2800.0
2018-01-31 16:00:00,3.0,566.0,181.0,0.0,608.0,172.0,1.0,611.0,168.0,0.0,572.0,179.0,1.0,587.0,178.0,0.0,546.0,190.0,0.0,572.0,180.0,296.0,266.0,135.0,133.0,246.0,3808.0
2018-01-31 17:00:00,1.0,563.0,182.0,0.0,604.0,172.0,0.0,611.0,168.0,0.0,569.0,179.0,1.0,584.0,178.0,0.0,540.0,191.0,0.0,569.0,180.0,302.0,284.0,137.0,134.0,262.0,1790.0
2018-01-31 18:00:00,18.0,633.0,184.0,0.0,610.0,172.0,6.0,617.0,168.0,0.0,571.0,179.0,2.0,590.0,178.0,2.0,552.0,192.0,4.0,567.0,180.0,326.0,287.0,104.0,301.0,493.0,9184.0
2018-01-31 19:00:00,19.0,792.0,198.0,1.0,649.0,175.0,6.0,655.0,171.0,0.0,597.0,182.0,1.0,671.0,181.0,0.0,598.0,198.0,5.0,580.0,185.0,462.0,427.0,110.0,266.0,2063.0,5705.0
2018-01-31 20:00:00,1.0,674.0,200.0,0.0,675.0,180.0,0.0,658.0,175.0,0.0,625.0,187.0,1.0,685.0,187.0,1.0,579.0,214.0,6.0,590.0,193.0,486.0,433.0,128.0,168.0,1488.0,4591.0
2018-01-31 21:00:00,11.0,675.0,201.0,0.0,670.0,183.0,0.0,646.0,176.0,0.0,623.0,188.0,1.0,658.0,189.0,0.0,556.0,215.0,6.0,594.0,198.0,504.0,418.0,131.0,185.0,400.0,5151.0
2018-01-31 22:00:00,5.0,634.0,200.0,0.0,648.0,184.0,0.0,637.0,177.0,0.0,611.0,189.0,1.0,634.0,189.0,0.0,568.0,207.0,6.0,581.0,200.0,504.0,406.0,123.0,216.0,497.0,6383.0
2018-01-31 23:00:00,1.0,586.0,199.0,0.0,629.0,184.0,0.0,628.0,177.0,0.0,598.0,190.0,1.0,611.0,189.0,0.0,560.0,203.0,7.0,577.0,203.0,550.0,405.0,151.0,159.0,471.0,5040.0
2018-02-01 00:00:00,1.0,574.0,198.0,0.0,618.0,185.0,0.0,624.0,178.0,0.0,595.0,191.0,1.0,603.0,190.0,0.0,552.0,203.0,6.0,569.0,204.0,527.0,394.0,155.0,152.0,476.0,4927.0
2018-02-01 01:00:00,2.0,569.0,197.0,0.0,644.0,185.0,0.0,624.0,179.0,0.0,594.0,191.0,1.0,614.0,190.0,0.0,556.0,205.0,0.0,560.0,202.0,453.0,347.0,126.0,148.0,789.0,1568.0
2018-02-01 02:00:00,4.0,572.0,192.0,0.0,654.0,183.0,0.0,621.0,176.0,0.0,598.0,188.0,1.0,608.0,187.0,0.0,564.0,199.0,0.0,569.0,194.0,257.0,234.0,116.0,138.0,1195.0,
2018-02-01 03:00:00,0.0,574.0,186.0,0.0,658.0,180.0,0.0,613.0,173.0,0.0,597.0,185.0,1.0,601.0,184.0,0.0,568.0,192.0,0.0,574.0,188.0,178.0,175.0,130.0,130.0,229.0,
2018-02-01 04:00:00,1.0,577.0,181.0,0.0,665.0,178.0,0.0,608.0,170.0,0.0,588.0,183.0,1.0,594.0,181.0,0.0,569.0,187.0,0.0,576.0,183.0,147.0,148.0,126.0,125.0,242.0,
2018-02-01 05:00:00,0.0,578.0,176.0,0.0,665.0,175.0,0.0,600.0,167.0,0.0,602.0,180.0,1.0,587.0,178.0,0.0,570.0,182.0,0.0,579.0,180.0,130.0,132.0,122.0,121.0,252.0,
2018-02-01 06:00:00,0.0,580.0,172.0,0.0,663.0,173.0,0.0,599.0,164.0,0.0,601.0,178.0,0.0,583.0,176.0,0.0,572.0,179.0,0.0,581.0,176.0,120.0,122.0,120.0,118.0,247.0,
2018-02-01 07:00:00,4.0,585.0,170.0,0.0,660.0,171.0,1.0,600.0,162.0,0.0,602.0,176.0,1.0,588.0,173.0,0.0,573.0,176.0,0.0,582.0,173.0,115.0,117.0,111.0,115.0,289.0,112.0
2018-02-01 08:00:00,28.0,704.0,174.0,0.0,655.0,168.0,3.0,609.0,162.0,0.0,589.0,174.0,3.0,592.0,171.0,5.0,587.0,173.0,0.0,583.0,170.0,124.0,116.0,81.0,190.0,483.0,7280.0
2018-02-01 09:00:00,33.0,969.0,187.0,10.0,694.0,170.0,10.0,699.0,165.0,3.0,630.0,177.0,4.0,653.0,174.0,5.0,630.0,182.0,13.0,601.0,175.0,447.0,365.0,91.0,303.0,381.0,9855.0
2018-02-01 10:00:00,32.0,829.0,186.0,20.0,663.0,170.0,18.0,648.0,166.0,7.0,606.0,177.0,6.0,627.0,175.0,9.0,592.0,185.0,27.0,597.0,176.0,241.0,243.0,123.0,154.0,279.0,
2018-02-01 11:00:00,22.0,756.0,182.0,11.0,660.0,169.0,14.0,641.0,164.0,4.0,605.0,175.0,4.0,619.0,174.0,6.0,586.0,183.0,15.0,597.0,174.0,386.0,319.0,114.0,209.0,324.0,9632.0
2018-02-01 12:00:00,30.0,717.0,188.0,16.0,671.0,175.0,0.0,629.0,169.0,5.0,616.0,178.0,6.0,608.0,180.0,11.0,557.0,197.0,22.0,576.0,186.0,540.0,484.0,122.0,179.0,988.0,6831.0
2018-02-01 13:00:00,42.0,668.0,194.0,19.0,665.0,180.0,0.0,619.0,173.0,6.0,608.0,180.0,8.0,598.0,185.0,18.0,537.0,203.0,29.0,553.0,194.0,538.0,468.0,111.0,148.0,684.0,6829.0
2018-02-01 14:00:00,42.0,651.0,198.0,19.0,659.0,182.0,58.0,624.0,177.0,39.0,608.0,182.0,17.0,616.0,186.0,35.0,588.0,204.0,38.0,558.0,198.0,535.0,446.0,102.0,243.0,1210.0,5817.0
2018-02-01 15:00:00,12.0,611.0,198.0,5.0,648.0,182.0,10.0,634.0,178.0,5.0,601.0,184.0,4.0,616.0,185.0,5.0,583.0,198.0,9.0,563.0,196.0,398.0,335.0,120.0,186.0,339.0,112.0
2018-02-01 16:00:00,2.0,597.0,190.0,0.0,641.0,178.0,1.0,629.0,174.0,1.0,595.0,182.0,2.0,605.0,181.0,0.0,579.0,189.0,1.0,572.0,186.0,225.0,215.0,135.0,140.0,266.0,
2018-02-01 17:00:00,1.0,597.0,184.0,0.0,650.0,175.0,0.0,626.0,170.0,0.0,589.0,179.0,1.0,597.0,178.0,0.0,580.0,183.0,0.0,577.0,181.0,168.0,167.0,130.0,129.0,287.0,
2018-02-01 18:00:00,15.0,600.0,181.0,0.0,645.0,173.0,0.0,627.0,169.0,0.0,592.0,178.0,1.0,599.0,177.0,0.0,583.0,182.0,2.0,581.0,179.0,363.0,298.0,113.0,185.0,473.0,8399.0
2018-02-01 19:00:00,2.0,584.0,188.0,0.0,645.0,178.0,0.0,637.0,174.0,0.0,605.0,182.0,1.0,599.0,184.0,0.0,564.0,197.0,3.0,571.0,190.0,456.0,418.0,131.0,208.0,290.0,3581.0
2018-02-01 20:00:00,6.0,585.0,192.0,0.0,647.0,180.0,0.0,627.0,176.0,0.0,606.0,184.0,1.0,601.0,186.0,0.0,553.0,201.0,4.0,566.0,193.0,477.0,413.0,136.0,223.0,360.0,5376.0
2018-02-01 21:00:00,1.0,570.0,193.0,0.0,643.0,182.0,0.0,622.0,178.0,0.0,599.0,184.0,1.0,598.0,188.0,0.0,547.0,204.0,5.0,565.0,199.0,514.0,441.0,148.0,158.0,459.0,6941.0
2018-02-01 22:00:00,9.0,579.0,196.0,0.0,635.0,184.0,0.0,625.0,181.0,0.0,599.0,186.0,1.0,596.0,189.0,0.0,544.0,205.0,5.0,563.0,204.0,514.0,444.0,125.0,192.0,464.0,5935.0
2018-02-01 23:00:00,2.0,582.0,198.0,0.0,623.0,185.0,0.0,624.0,182.0,0.0,601.0,186.0,1.0,599.0,189.0,0.0,547.0,205.0,1.0,556.0,204.0,480.0,385.0,139.0,205.0,287.0,1344.0
2018-02-02 00:00:00,1.0,564.0,193.0,0.0,619.0,182.0,0.0,627.0,178.0,0.0,604.0,185.0,1.0,596.0,186.0,0.0,555.0,198.0,0.0,557.0,195.0,260.0,242.0,143.0,157.0,214.0,
2018-02-02 01:00:00,1.0,564.0,186.0,0.0,626.0,179.0,0.0,626.0,174.0,0.0,601.0,183.0,1.0,588.0,182.0,0.0,564.0,190.0,0.0,561.0,187.0,178.0,176.0,134.0,133.0,206.0,
2018-02-02 02:00:00,1.0,572.0,181.0,0.0,635.0,177.0,0.0,626.0,171.0,0.0,604.0,181.0,1.0,589.0,180.0,0.0,569.0,185.0,0.0,564.0,183.0,148.0,149.0,127.0,126.0,231.0,
2018-02-02 03:00:00,1.0,580.0,176.0,0.0,642.0,174.0,0.0,625.0,168.0,0.0,616.0,180.0,1.0,585.0,177.0,0.0,573.0,180.0,0.0,566.0,179.0,131.0,133.0,122.0,121.0,266.0,
2018-02-02 04:00:00,1.0,584.0,173.0,0.0,644.0,173.0,0.0,625.0,167.0,0.0,619.0,178.0,0.0,583.0,176.0,0.0,575.0,177.0,0.0,567.0,176.0,122.0,124.0,120.0,118.0,263.0,
2018-02-02 05:00:00,1.0,588.0,171.0,0.0,641.0,171.0,0.0,625.0,165.0,0.0,627.0,177.0,0.0,582.0,174.0,0.0,575.0,175.0,0.0,570.0,174.0,143.0,134.0,117.0,118.0,229.0,1008.0
2018-02-02 06:00:00,1.0,594.0,170.0,0.0,630.0,170.0,0.0,625.0,163.0,0.0,625.0,176.0,0.0,587.0,172.0,0.0,577.0,175.0,0.0,572.0,173.0,172.0,163.0,120.0,118.0,297.0,896.0
2018-02-02 07:00:00,3.0,603.0,171.0,0.0,619.0,169.0,0.0,630.0,163.0,0.0,581.0,174.0,1.0,592.0,172.0,1.0,577.0,176.0,1.0,572.0,173.0,311.0,245.0,118.0,129.0,312.0,8064.0
2018-02-02 08:00:00,25.0,731.0,186.0,0.0,615.0,173.0,3.0,627.0,169.0,0.0,555.0,179.0,2.0,600.0,178.0,2.0,558.0,191.0,3.0,552.0,183.0,494.0,417.0,100.0,298.0,474.0,9741.0
2018-02-02 09:00:00,45.0,652.0,193.0,16.0,632.0,177.0,11.0,625.0,172.0,5.0,572.0,183.0,6.0,618.0,181.0,6.0,571.0,197.0,21.0,554.0,189.0,458.0,390.0,100.0,256.0,1019.0,3807.0
2018-02-02 10:00:00,31.0,608.0,189.0,23.0,614.0,177.0,15.0,614.0,172.0,9.0,573.0,182.0,6.0,590.0,180.0,12.0,545.0,196.0,33.0,552.0,186.0,388.0,328.0,111.0,173.0,824.0,6046.0
2018-02-02 11:00:00,48.0,633.0,190.0,22.0,632.0,180.0,19.0,633.0,175.0,10.0,586.0,185.0,5.0,633.0,183.0,16.0,606.0,210.0,46.0,559.0,191.0,491.0,411.0,121.0,212.0,625.0,5600.0
2018-02-02 12:00:00,67.0,634.0,194.0,31.0,632.0,185.0,17.0,630.0,180.0,15.0,590.0,187.0,9.0,608.0,187.0,24.0,613.0,207.0,68.0,561.0,198.0,539.0,481.0,120.0,260.0,441.0,7168.0
2018-02-02 13:00:00,51.0,597.0,195.0,25.0,623.0,188.0,0.0,625.0,183.0,29.0,586.0,190.0,13.0,605.0,190.0,32.0,563.0,204.0,81.0,550.0,203.0,486.0,445.0,127.0,202.0,331.0,4144.0
2018-02-02 14:00:00,37.0,512.0,192.0,21.0,533.0,184.0,35.0,611.0,182.0,51.0,529.0,189.0,19.0,538.0,185.0,54.0,475.0,198.0,51.0,476.0,196.0,370.0,286.0,99.0,213.0,609.0,
2018-02-02 15:00:00,15.0,541.0,186.0,8.0,572.0,180.0,50.0,573.0,178.0,37.0,546.0,186.0,44.0,562.0,181.0,28.0,532.0,189.0,18.0,516.0,188.0,213.0,195.0,112.0,165.0,284.0,
2018-02-02 16:00:00,9.0,568.0,184.0,2.0,585.0,179.0,6.0,579.0,177.0,6.0,547.0,186.0,9.0,565.0,181.0,3.0,540.0,190.0,10.0,534.0,188.0,403.0,341.0,112.0,196.0,985.0,7727.0
2018-02-02 17:00:00,6.0,609.0,189.0,0.0,594.0,183.0,0.0,592.0,180.0,0.0,553.0,189.0,6.0,590.0,187.0,1.0,552.0,203.0,6.0,544.0,197.0,471.0,419.0,97.0,268.0,772.0,6159.0
2018-02-02 18:00:00,11.0,673.0,192.0,0.0,617.0,187.0,1.0,637.0,184.0,0.0,590.0,190.0,7.0,660.0,190.0,3.0,606.0,213.0,5.0,544.0,201.0,485.0,415.0,106.0,264.0,535.0,8176.0
2018-02-02 19:00:00,30.0,719.0,200.0,0.0,619.0,188.0,4.0,640.0,185.0,0.0,599.0,191.0,6.0,641.0,191.0,1.0,599.0,205.0,6.0,547.0,202.0,519.0,392.0,118.0,198.0,1849.0,4815.0
2018-02-02 20:00:00,2.0,655.0,201.0,0.0,621.0,189.0,0.0,645.0,185.0,0.0,605.0,192.0,6.0,648.0,191.0,0.0,579.0,211.0,7.0,557.0,202.0,427.0,345.0,123.0,244.0,1136.0,3248.0
2018-02-02 21:00:00,0.0,636.0,200.0,0.0,611.0,189.0,0.0,643.0,184.0,0.0,594.0,193.0,2.0,618.0,192.0,0.0,557.0,209.0,6.0,561.0,203.0,393.0,355.0,115.0,158.0,1461.0,4031.0
2018-02-02 22:00:00,14.0,623.0,201.0,0.0,610.0,189.0,0.0,642.0,184.0,0.0,590.0,193.0,1.0,607.0,191.0,0.0,567.0,204.0,4.0,558.0,204.0,425.0,355.0,118.0,239.0,332.0,4591.0
2018-02-02 23:00:00,0.0,636.0,200.0,0.0,617.0,188.0,0.0,637.0,183.0,0.0,606.0,193.0,0.0,617.0,191.0,0.0,579.0,200.0,0.0,560.0,201.0,283.0,282.0,134.0,228.0,241.0,
2018-02-03 00:00:00,0.0,596.0,195.0,0.0,622.0,185.0,0.0,635.0,181.0,0.0,615.0,190.0,0.0,605.0,188.0,0.0,580.0,195.0,0.0,561.0,194.0,195.0,197.0,139.0,149.0,242.0,
2018-02-03 01:00:00,0.0,592.0,192.0,0.0,625.0,184.0,0.0,635.0,180.0,0.0,622.0,189.0,1.0,603.0,187.0,0.0,583.0,193.0,0.0,563.0,191.0,170.0,173.0,135.0,138.0,306.0,
2018-02-03 03:00:00,0.0,593.0,180.0,0.0,638.0,178.0,0.0,630.0,174.0,0.0,624.0,185.0,0.0,593.0,180.0,0.0,579.0,183.0,0.0,570.0,181.0,129.0,129.0,125.0,123.0,223.0,
2018-02-03 05:00:00,,,,,,,,629.0,169.0,,,,,588.0,175.0,,,,,,,,,120.0,118.0,1.0,
2018-02-03 06:00:00,0.0,594.0,173.0,0.0,632.0,172.0,0.0,629.0,168.0,0.0,632.0,180.0,1.0,588.0,175.0,0.0,576.0,177.0,0.0,571.0,174.0,115.0,118.0,116.0,118.0,234.0,
2018-02-03 08:00:00,5.0,986.0,180.0,2.0,665.0,169.0,14.0,664.0,166.0,0.0,609.0,176.0,2.0,618.0,171.0,4.0,615.0,173.0,5.0,599.0,168.0,527.0,155.0,91.0,302.0,545.0,
2018-02-03 09:00:00,5.0,879.0,173.0,2.0,657.0,169.0,24.0,657.0,167.0,1.0,641.0,176.0,2.0,646.0,171.0,1.0,643.0,175.0,8.0,610.0,168.0,561.0,330.0,96.0,240.0,2192.0,
2018-02-03 11:00:00,12.0,590.0,193.0,7.0,640.0,182.0,5.0,620.0,180.0,2.0,628.0,184.0,4.0,602.0,185.0,3.0,554.0,200.0,11.0,556.0,193.0,471.0,423.0,144.0,152.0,301.0,1344.0
2018-02-03 14:00:00,13.0,683.0,196.0,17.0,660.0,184.0,9.0,629.0,182.0,1.0,616.0,187.0,3.0,616.0,187.0,4.0,578.0,201.0,13.0,565.0,198.0,427.0,378.0,130.0,147.0,617.0,1568.0
2018-02-03 16:00:00,1.0,678.0,197.0,3.0,639.0,184.0,0.0,617.0,182.0,0.0,602.0,189.0,1.0,603.0,188.0,4.0,610.0,200.0,5.0,550.0,198.0,541.0,326.0,96.0,243.0,2914.0,1008.0
2018-02-03 17:00:00,6.0,679.0,198.0,0.0,654.0,185.0,19.0,654.0,183.0,0.0,614.0,188.0,2.0,657.0,189.0,2.0,616.0,210.0,4.0,566.0,198.0,330.0,307.0,93.0,203.0,1978.0,1007.0
2018-02-03 18:00:00,23.0,672.0,197.0,0.0,652.0,185.0,4.0,656.0,184.0,0.0,620.0,187.0,2.0,643.0,191.0,1.0,557.0,215.0,4.0,578.0,196.0,479.0,278.0,102.0,179.0,537.0,2800.0
2018-02-03 19:00:00,5.0,643.0,197.0,0.0,637.0,185.0,0.0,643.0,184.0,0.0,621.0,189.0,1.0,632.0,191.0,1.0,562.0,213.0,5.0,573.0,199.0,470.0,386.0,112.0,216.0,1435.0,4032.0
2018-02-03 20:00:00,1.0,628.0,199.0,0.0,631.0,187.0,0.0,644.0,185.0,0.0,614.0,191.0,1.0,625.0,193.0,0.0,550.0,215.0,6.0,564.0,202.0,440.0,365.0,142.0,168.0,400.0,3808.0
2018-02-03 21:00:00,5.0,616.0,200.0,0.0,621.0,188.0,0.0,642.0,186.0,0.0,604.0,192.0,1.0,603.0,192.0,0.0,554.0,209.0,7.0,559.0,204.0,465.0,377.0,134.0,198.0,491.0,5488.0
2018-02-03 22:00:00,1.0,607.0,200.0,0.0,608.0,189.0,0.0,638.0,187.0,0.0,598.0,193.0,1.0,596.0,192.0,0.0,557.0,204.0,6.0,552.0,206.0,424.0,385.0,148.0,165.0,426.0,4032.0
2018-02-03 23:00:00,3.0,594.0,200.0,0.0,604.0,188.0,0.0,637.0,188.0,0.0,601.0,193.0,1.0,594.0,193.0,0.0,558.0,204.0,6.0,555.0,207.0,461.0,361.0,127.0,150.0,656.0,3920.0
2018-02-04 00:00:00,8.0,644.0,200.0,0.0,607.0,188.0,0.0,637.0,187.0,0.0,601.0,193.0,1.0,593.0,193.0,0.0,558.0,204.0,0.0,546.0,205.0,330.0,293.0,108.0,250.0,1385.0,893.0
2018-02-04 01:00:00,0.0,651.0,196.0,0.0,608.0,186.0,0.0,637.0,184.0,0.0,605.0,190.0,1.0,597.0,191.0,0.0,565.0,201.0,0.0,547.0,197.0,202.0,203.0,131.0,165.0,224.0,
2018-02-04 02:00:00,0.0,648.0,190.0,0.0,608.0,183.0,0.0,637.0,180.0,0.0,601.0,187.0,1.0,596.0,187.0,0.0,570.0,195.0,0.0,551.0,190.0,156.0,158.0,132.0,134.0,204.0,
2018-02-04 03:00:00,0.0,647.0,186.0,0.0,607.0,181.0,0.0,636.0,178.0,0.0,601.0,186.0,1.0,591.0,185.0,0.0,571.0,191.0,0.0,555.0,187.0,139.0,142.0,128.0,127.0,206.0,
2018-02-04 04:00:00,0.0,623.0,182.0,0.0,606.0,179.0,0.0,634.0,176.0,0.0,601.0,184.0,1.0,593.0,183.0,0.0,575.0,187.0,0.0,557.0,183.0,129.0,131.0,125.0,124.0,206.0,
2018-02-04 05:00:00,0.0,612.0,178.0,0.0,604.0,177.0,0.0,632.0,174.0,0.0,606.0,182.0,0.0,593.0,180.0,0.0,577.0,184.0,0.0,560.0,180.0,123.0,124.0,121.0,121.0,242.0,
2018-02-04 06:00:00,0.0,612.0,175.0,0.0,603.0,175.0,0.0,632.0,172.0,0.0,609.0,180.0,1.0,591.0,178.0,0.0,578.0,182.0,0.0,562.0,178.0,120.0,120.0,120.0,119.0,234.0,
2018-02-04 07:00:00,0.0,611.0,173.0,0.0,602.0,174.0,0.0,632.0,170.0,0.0,611.0,179.0,0.0,587.0,177.0,0.0,577.0,179.0,0.0,564.0,175.0,115.0,117.0,118.0,118.0,234.0,
2018-02-04 08:00:00,8.0,566.0,171.0,0.0,587.0,172.0,2.0,608.0,169.0,0.0,612.0,177.0,1.0,562.0,174.0,3.0,551.0,177.0,0.0,546.0,172.0,115.0,114.0,115.0,115.0,227.0,
2018-02-04 09:00:00,13.0,571.0,169.0,0.0,589.0,170.0,8.0,598.0,169.0,0.0,606.0,175.0,4.0,565.0,172.0,11.0,604.0,183.0,0.0,549.0,169.0,111.0,112.0,103.0,128.0,1132.0,672.0
2018-02-04 10:00:00,24.0,622.0,176.0,7.0,600.0,174.0,18.0,604.0,172.0,0.0,622.0,180.0,4.0,580.0,176.0,6.0,540.0,194.0,14.0,564.0,178.0,532.0,427.0,101.0,226.0,391.0,11760.0
2018-02-04 11:00:00,37.0,632.0,188.0,20.0,613.0,182.0,18.0,597.0,179.0,1.0,612.0,186.0,6.0,573.0,183.0,12.0,525.0,201.0,28.0,542.0,191.0,529.0,470.0,126.0,190.0,410.0,6944.0
2018-02-04 12:00:00,40.0,627.0,194.0,16.0,622.0,186.0,20.0,593.0,184.0,2.0,609.0,187.0,6.0,568.0,187.0,13.0,521.0,203.0,29.0,530.0,198.0,519.0,467.0,136.0,186.0,389.0,5151.0
2018-02-04 13:00:00,59.0,599.0,197.0,14.0,617.0,189.0,62.0,591.0,189.0,19.0,609.0,190.0,9.0,579.0,190.0,30.0,532.0,204.0,53.0,531.0,201.0,514.0,458.0,139.0,162.0,277.0,5821.0
2018-02-04 14:00:00,33.0,574.0,200.0,0.0,603.0,188.0,54.0,589.0,191.0,26.0,607.0,193.0,9.0,576.0,191.0,37.0,532.0,204.0,44.0,524.0,204.0,506.0,453.0,149.0,158.0,260.0,5935.0
2018-02-04 15:00:00,18.0,541.0,201.0,0.0,571.0,188.0,89.0,562.0,192.0,22.0,588.0,195.0,12.0,563.0,191.0,49.0,518.0,202.0,22.0,501.0,204.0,482.0,391.0,130.0,218.0,294.0,2686.0
2018-02-04 16:00:00,6.0,532.0,196.0,0.0,552.0,186.0,39.0,538.0,188.0,3.0,559.0,193.0,1.0,553.0,187.0,3.0,517.0,196.0,9.0,492.0,197.0,340.0,265.0,104.0,212.0,1100.0,447.0
2018-02-04 17:00:00,6.0,570.0,188.0,0.0,578.0,183.0,4.0,572.0,183.0,0.0,560.0,190.0,5.0,580.0,184.0,2.0,576.0,193.0,4.0,526.0,190.0,286.0,191.0,89.0,190.0,2547.0,784.0
2018-02-04 18:00:00,47.0,683.0,188.0,0.0,628.0,183.0,2.0,642.0,184.0,0.0,590.0,189.0,8.0,642.0,187.0,4.0,591.0,210.0,5.0,564.0,189.0,391.0,271.0,83.0,290.0,1735.0,11871.0
2018-02-04 19:00:00,49.0,809.0,200.0,2.0,630.0,186.0,1.0,631.0,185.0,0.0,599.0,191.0,7.0,621.0,190.0,3.0,531.0,215.0,5.0,571.0,193.0,435.0,269.0,83.0,338.0,412.0,8053.0
2018-02-04 20:00:00,37.0,835.0,208.0,1.0,658.0,186.0,0.0,645.0,183.0,0.0,633.0,191.0,1.0,651.0,190.0,0.0,560.0,209.0,5.0,584.0,193.0,337.0,283.0,112.0,244.0,343.0,3472.0
2018-02-04 21:00:00,1.0,642.0,204.0,0.0,657.0,185.0,0.0,642.0,182.0,0.0,639.0,192.0,1.0,658.0,190.0,0.0,581.0,206.0,6.0,591.0,194.0,318.0,286.0,139.0,156.0,307.0,3920.0
2018-02-04 22:00:00,10.0,641.0,202.0,0.0,632.0,185.0,0.0,638.0,182.0,0.0,622.0,193.0,1.0,628.0,191.0,0.0,573.0,206.0,5.0,589.0,195.0,318.0,296.0,120.0,163.0,694.0,1904.0
2018-02-04 23:00:00,1.0,621.0,199.0,0.0,625.0,184.0,0.0,634.0,181.0,0.0,622.0,191.0,1.0,610.0,189.0,0.0,565.0,203.0,6.0,581.0,192.0,230.0,217.0,102.0,147.0,1338.0,1120.0
2018-02-05 00:00:00,0.0,603.0,195.0,0.0,619.0,182.0,0.0,634.0,179.0,0.0,624.0,190.0,1.0,602.0,188.0,1.0,567.0,200.0,6.0,581.0,190.0,214.0,208.0,124.0,134.0,402.0,336.0
2018-02-05 01:00:00,1.0,599.0,190.0,1.0,623.0,181.0,0.0,633.0,177.0,0.0,629.0,188.0,1.0,599.0,186.0,0.0,570.0,197.0,6.0,582.0,187.0,170.0,170.0,130.0,129.0,344.0,
2018-02-05 02:00:00,1.0,604.0,185.0,0.0,627.0,179.0,0.0,634.0,175.0,0.0,629.0,185.0,1.0,599.0,184.0,0.0,572.0,192.0,5.0,579.0,184.0,144.0,145.0,122.0,125.0,332.0,
2018-02-05 03:00:00,1.0,600.0,180.0,0.0,626.0,177.0,0.0,633.0,173.0,0.0,632.0,184.0,1.0,594.0,182.0,0.0,573.0,188.0,0.0,579.0,181.0,131.0,132.0,115.0,121.0,223.0,
2018-02-05 04:00:00,1.0,598.0,176.0,0.0,622.0,175.0,0.0,632.0,172.0,0.0,639.0,182.0,1.0,588.0,179.0,0.0,571.0,184.0,0.0,576.0,177.0,123.0,124.0,120.0,119.0,262.0,
2018-02-05 05:00:00,1.0,598.0,173.0,0.0,619.0,173.0,0.0,631.0,170.0,0.0,642.0,180.0,1.0,585.0,177.0,0.0,569.0,181.0,0.0,574.0,175.0,119.0,119.0,118.0,118.0,285.0,
2018-02-05 06:00:00,1.0,600.0,171.0,0.0,615.0,171.0,0.0,630.0,168.0,0.0,647.0,179.0,1.0,586.0,175.0,0.0,570.0,179.0,0.0,574.0,172.0,115.0,116.0,115.0,115.0,329.0,
2018-02-05 07:00:00,8.0,613.0,169.0,0.0,619.0,170.0,0.0,632.0,167.0,0.0,636.0,178.0,1.0,594.0,174.0,1.0,603.0,180.0,0.0,579.0,170.0,134.0,118.0,88.0,124.0,303.0,2462.0
2018-02-05 08:00:00,4.0,605.0,178.0,0.0,618.0,173.0,11.0,627.0,170.0,0.0,598.0,180.0,1.0,598.0,177.0,1.0,561.0,191.0,1.0,584.0,176.0,478.0,404.0,104.0,194.0,346.0,6272.0
2018-02-05 09:00:00,6.0,567.0,183.0,3.0,608.0,173.0,3.0,602.0,172.0,0.0,582.0,181.0,2.0,584.0,178.0,1.0,537.0,193.0,3.0,574.0,177.0,246.0,251.0,129.0,148.0,268.0,
2018-02-05 10:00:00,11.0,567.0,176.0,9.0,609.0,170.0,,,,1.0,581.0,178.0,3.0,578.0,175.0,4.0,538.0,186.0,8.0,577.0,172.0,171.0,176.0,125.0,126.0,250.0,
2018-02-05 11:00:00,14.0,571.0,171.0,11.0,609.0,168.0,,,,2.0,576.0,175.0,4.0,574.0,172.0,5.0,541.0,181.0,11.0,576.0,168.0,141.0,144.0,120.0,119.0,260.0,
2018-02-05 12:00:00,11.0,576.0,167.0,9.0,608.0,166.0,,,,1.0,572.0,172.0,4.0,573.0,170.0,3.0,546.0,177.0,9.0,575.0,165.0,142.0,136.0,116.0,116.0,249.0,1008.0
2018-02-05 13:00:00,9.0,577.0,166.0,6.0,599.0,164.0,,,,1.0,570.0,171.0,3.0,573.0,168.0,2.0,548.0,176.0,6.0,575.0,165.0,189.0,174.0,118.0,117.0,237.0,1232.0
2018-02-05 14:00:00,7.0,571.0,167.0,4.0,592.0,164.0,,,,1.0,570.0,170.0,2.0,572.0,168.0,1.0,545.0,176.0,4.0,573.0,165.0,215.0,200.0,120.0,119.0,283.0,1678.0
2018-02-05 15:00:00,5.0,567.0,169.0,2.0,588.0,163.0,,,,0.0,572.0,169.0,2.0,571.0,168.0,0.0,541.0,177.0,2.0,571.0,165.0,223.0,211.0,124.0,121.0,252.0,1008.0
2018-02-05 16:00:00,2.0,563.0,170.0,0.0,584.0,163.0,,,,0.0,573.0,169.0,1.0,569.0,168.0,0.0,538.0,178.0,0.0,569.0,165.0,233.0,223.0,125.0,123.0,244.0,2570.0
2018-02-05 17:00:00,1.0,556.0,171.0,0.0,581.0,163.0,0.0,571.0,162.0,0.0,567.0,169.0,1.0,566.0,168.0,0.0,533.0,179.0,0.0,566.0,166.0,254.0,234.0,124.0,126.0,280.0,2351.0
2018-02-05 18:00:00,8.0,562.0,175.0,3.0,592.0,165.0,0.0,577.0,163.0,0.0,561.0,172.0,1.0,564.0,170.0,0.0,522.0,185.0,3.0,563.0,170.0,486.0,405.0,105.0,172.0,872.0,11423.0
2018-02-05 19:00:00,1.0,541.0,189.0,2.0,597.0,175.0,0.0,581.0,168.0,0.0,559.0,180.0,1.0,578.0,178.0,1.0,514.0,202.0,3.0,543.0,183.0,551.0,488.0,137.0,147.0,1029.0,8847.0
2018-02-05 20:00:00,1.0,521.0,198.0,2.0,590.0,181.0,0.0,615.0,177.0,0.0,552.0,186.0,1.0,571.0,181.0,0.0,507.0,202.0,6.0,538.0,191.0,551.0,489.0,116.0,153.0,1596.0,6490.0
2018-02-05 21:00:00,11.0,544.0,201.0,2.0,599.0,183.0,0.0,613.0,178.0,0.0,553.0,191.0,1.0,592.0,183.0,1.0,535.0,200.0,7.0,542.0,197.0,456.0,403.0,88.0,244.0,1159.0,6606.0
2018-02-05 22:00:00,10.0,576.0,196.0,1.0,612.0,183.0,0.0,613.0,177.0,0.0,569.0,190.0,1.0,585.0,184.0,0.0,533.0,202.0,3.0,538.0,197.0,392.0,375.0,107.0,189.0,1495.0,1568.0
2018-02-05 23:00:00,1.0,561.0,191.0,0.0,603.0,179.0,0.0,615.0,175.0,0.0,568.0,186.0,1.0,587.0,181.0,0.0,541.0,196.0,5.0,556.0,190.0,233.0,235.0,128.0,140.0,465.0,
2018-02-06 00:00:00,1.0,564.0,184.0,0.0,616.0,176.0,0.0,615.0,172.0,0.0,570.0,183.0,1.0,587.0,178.0,0.0,546.0,190.0,1.0,561.0,184.0,171.0,174.0,117.0,128.0,332.0,
2018-02-06 01:00:00,4.0,567.0,178.0,0.0,631.0,174.0,0.0,613.0,169.0,0.0,569.0,180.0,1.0,582.0,176.0,0.0,550.0,185.0,0.0,560.0,179.0,144.0,147.0,108.0,125.0,297.0,
2018-02-06 03:00:00,1.0,573.0,168.0,0.0,638.0,169.0,0.0,610.0,164.0,0.0,583.0,175.0,1.0,570.0,171.0,0.0,553.0,175.0,0.0,561.0,170.0,115.0,118.0,115.0,113.0,222.0,
2018-02-06 04:00:00,1.0,573.0,167.0,0.0,639.0,168.0,0.0,609.0,164.0,0.0,591.0,175.0,1.0,569.0,171.0,0.0,554.0,174.0,0.0,561.0,169.0,115.0,118.0,115.0,113.0,362.0,
2018-02-06 06:00:00,4.0,580.0,165.0,0.0,625.0,165.0,0.0,606.0,159.0,0.0,609.0,173.0,1.0,572.0,167.0,0.0,556.0,171.0,0.0,568.0,165.0,200.0,180.0,115.0,115.0,301.0,1008.0
2018-02-06 08:00:00,7.0,663.0,171.0,5.0,661.0,164.0,3.0,646.0,161.0,1.0,595.0,172.0,2.0,630.0,167.0,1.0,617.0,175.0,3.0,611.0,165.0,215.0,184.0,115.0,160.0,311.0,672.0
2018-02-06 09:00:00,20.0,654.0,169.0,17.0,650.0,163.0,13.0,637.0,160.0,5.0,594.0,171.0,6.0,630.0,166.0,7.0,609.0,175.0,12.0,605.0,165.0,224.0,208.0,120.0,136.0,259.0,1904.0
2018-02-06 10:00:00,37.0,631.0,168.0,32.0,639.0,163.0,23.0,627.0,160.0,9.0,591.0,170.0,10.0,615.0,166.0,15.0,590.0,175.0,26.0,597.0,166.0,239.0,217.0,124.0,124.0,292.0,2688.0
2018-02-06 11:00:00,40.0,615.0,168.0,36.0,631.0,163.0,27.0,622.0,160.0,11.0,588.0,169.0,12.0,607.0,166.0,18.0,578.0,175.0,30.0,591.0,166.0,243.0,224.0,125.0,123.0,302.0,1792.0
2018-02-06 12:00:00,34.0,605.0,168.0,29.0,624.0,162.0,32.0,617.0,160.0,12.0,586.0,168.0,12.0,599.0,166.0,18.0,568.0,176.0,28.0,585.0,166.0,249.0,232.0,125.0,123.0,287.0,2797.0
2018-02-06 13:00:00,39.0,596.0,168.0,31.0,620.0,162.0,40.0,614.0,160.0,22.0,583.0,168.0,13.0,595.0,166.0,25.0,560.0,177.0,36.0,583.0,167.0,277.0,232.0,125.0,123.0,272.0,1904.0
2018-02-06 14:00:00,32.0,588.0,168.0,25.0,617.0,162.0,64.0,610.0,160.0,47.0,581.0,169.0,20.0,590.0,166.0,46.0,555.0,177.0,41.0,582.0,166.0,228.0,218.0,125.0,123.0,271.0,2125.0
2018-02-06 15:00:00,17.0,584.0,168.0,14.0,617.0,161.0,85.0,606.0,160.0,50.0,578.0,169.0,44.0,586.0,166.0,43.0,552.0,176.0,15.0,582.0,165.0,224.0,210.0,125.0,122.0,256.0,1792.0
2018-02-06 16:00:00,6.0,581.0,167.0,3.0,612.0,161.0,38.0,601.0,159.0,10.0,574.0,169.0,16.0,583.0,166.0,5.0,550.0,176.0,4.0,579.0,165.0,254.0,230.0,125.0,123.0,254.0,2911.0
2018-02-06 17:00:00,1.0,576.0,168.0,0.0,602.0,161.0,0.0,598.0,159.0,0.0,565.0,169.0,1.0,578.0,166.0,0.0,543.0,177.0,0.0,573.0,166.0,277.0,255.0,127.0,124.0,299.0,2800.0
2018-02-06 18:00:00,36.0,612.0,174.0,0.0,625.0,165.0,2.0,609.0,162.0,0.0,572.0,172.0,8.0,615.0,170.0,4.0,564.0,188.0,4.0,565.0,173.0,533.0,432.0,106.0,265.0,639.0,14336.0
2018-02-06 19:00:00,19.0,605.0,185.0,3.0,636.0,174.0,0.0,633.0,169.0,0.0,574.0,178.0,8.0,602.0,176.0,4.0,546.0,195.0,4.0,560.0,184.0,549.0,486.0,134.0,198.0,678.0,7839.0
2018-02-06 20:00:00,5.0,605.0,194.0,4.0,645.0,181.0,0.0,631.0,174.0,0.0,591.0,185.0,7.0,676.0,181.0,2.0,649.0,211.0,5.0,562.0,191.0,548.0,484.0,89.0,246.0,2856.0,9182.0
2018-02-06 21:00:00,37.0,614.0,205.0,3.0,628.0,184.0,0.0,622.0,177.0,0.0,587.0,189.0,8.0,614.0,184.0,3.0,574.0,204.0,5.0,560.0,196.0,536.0,461.0,89.0,283.0,1771.0,16347.0
2018-02-06 22:00:00,43.0,827.0,207.0,2.0,623.0,184.0,0.0,620.0,178.0,0.0,593.0,194.0,4.0,648.0,186.0,0.0,585.0,202.0,5.0,551.0,196.0,494.0,434.0,81.0,304.0,1076.0,8064.0
2018-02-06 23:00:00,1.0,652.0,200.0,0.0,636.0,182.0,0.0,620.0,176.0,0.0,603.0,191.0,1.0,645.0,184.0,0.0,608.0,197.0,6.0,559.0,193.0,297.0,301.0,89.0,200.0,1362.0,
2018-02-07 00:00:00,3.0,617.0,187.0,0.0,620.0,178.0,0.0,622.0,171.0,0.0,604.0,185.0,1.0,627.0,179.0,0.0,592.0,189.0,3.0,562.0,184.0,184.0,189.0,110.0,137.0,265.0,
2018-02-07 01:00:00,0.0,608.0,179.0,0.0,616.0,175.0,0.0,618.0,169.0,0.0,603.0,181.0,1.0,601.0,177.0,0.0,576.0,184.0,0.0,562.0,179.0,147.0,152.0,103.0,133.0,281.0,
2018-02-07 02:00:00,0.0,605.0,173.0,0.0,601.0,172.0,0.0,613.0,166.0,0.0,608.0,179.0,1.0,587.0,174.0,0.0,567.0,180.0,0.0,557.0,175.0,189.0,171.0,116.0,120.0,262.0,2128.0
2018-02-07 03:00:00,0.0,598.0,173.0,0.0,584.0,171.0,0.0,613.0,164.0,0.0,613.0,179.0,1.0,579.0,174.0,0.0,557.0,180.0,0.0,553.0,175.0,257.0,231.0,122.0,121.0,276.0,3135.0
2018-02-07 04:00:00,0.0,582.0,174.0,0.0,578.0,170.0,0.0,614.0,164.0,0.0,613.0,179.0,0.0,570.0,174.0,0.0,540.0,182.0,0.0,547.0,176.0,278.0,254.0,125.0,124.0,236.0,3023.0
2018-02-07 05:00:00,0.0,567.0,175.0,0.0,571.0,170.0,0.0,614.0,163.0,0.0,614.0,180.0,1.0,562.0,174.0,0.0,527.0,184.0,0.0,543.0,176.0,302.0,270.0,130.0,125.0,255.0,4144.0
2018-02-07 06:00:00,4.0,557.0,175.0,0.0,564.0,170.0,0.0,612.0,163.0,0.0,613.0,180.0,1.0,556.0,174.0,0.0,516.0,185.0,0.0,539.0,176.0,308.0,282.0,122.0,141.0,306.0,3135.0
2018-02-07 07:00:00,23.0,677.0,179.0,0.0,594.0,169.0,4.0,623.0,164.0,0.0,606.0,181.0,2.0,584.0,174.0,1.0,544.0,188.0,0.0,542.0,176.0,302.0,278.0,89.0,213.0,519.0,6496.0
2018-02-07 08:00:00,7.0,592.0,179.0,4.0,589.0,169.0,2.0,604.0,165.0,1.0,577.0,179.0,3.0,591.0,174.0,2.0,544.0,189.0,5.0,545.0,176.0,323.0,291.0,108.0,173.0,326.0,3808.0
2018-02-07 09:00:00,19.0,576.0,179.0,18.0,576.0,169.0,8.0,583.0,165.0,4.0,566.0,178.0,7.0,578.0,173.0,6.0,534.0,188.0,27.0,538.0,177.0,332.0,300.0,121.0,155.0,264.0,4368.0
2018-02-07 10:00:00,31.0,581.0,179.0,33.0,578.0,169.0,17.0,587.0,166.0,9.0,567.0,178.0,10.0,585.0,174.0,13.0,543.0,189.0,42.0,540.0,177.0,286.0,271.0,112.0,199.0,394.0,2352.0
2018-02-07 11:00:00,29.0,592.0,178.0,23.0,582.0,169.0,14.0,590.0,166.0,6.0,571.0,178.0,8.0,587.0,174.0,11.0,541.0,188.0,26.0,550.0,177.0,298.0,268.0,119.0,174.0,248.0,3136.0
2018-02-07 12:00:00,37.0,564.0,177.0,24.0,574.0,169.0,22.0,581.0,166.0,9.0,564.0,177.0,10.0,571.0,174.0,16.0,526.0,188.0,28.0,541.0,177.0,296.0,273.0,130.0,132.0,291.0,3024.0
2018-02-07 13:00:00,33.0,551.0,178.0,17.0,569.0,169.0,20.0,575.0,166.0,9.0,557.0,177.0,9.0,563.0,173.0,15.0,517.0,188.0,24.0,537.0,176.0,306.0,274.0,130.0,128.0,260.0,3920.0
2018-02-07 14:00:00,21.0,541.0,177.0,11.0,565.0,168.0,11.0,570.0,165.0,4.0,551.0,177.0,5.0,557.0,173.0,8.0,510.0,188.0,14.0,536.0,176.0,300.0,274.0,130.0,127.0,254.0,3695.0
2018-02-07 15:00:00,16.0,535.0,177.0,9.0,563.0,168.0,30.0,567.0,165.0,19.0,547.0,176.0,31.0,553.0,173.0,19.0,506.0,187.0,11.0,535.0,176.0,306.0,275.0,130.0,127.0,299.0,3360.0
2018-02-07 16:00:00,3.0,531.0,177.0,0.0,559.0,168.0,0.0,565.0,165.0,0.0,541.0,176.0,1.0,549.0,173.0,0.0,502.0,188.0,0.0,533.0,176.0,316.0,291.0,130.0,127.0,311.0,3247.0
2018-02-07 17:00:00,0.0,531.0,177.0,0.0,558.0,168.0,0.0,563.0,165.0,0.0,539.0,176.0,1.0,547.0,173.0,0.0,499.0,188.0,0.0,531.0,176.0,318.0,289.0,130.0,128.0,292.0,3920.0
2018-02-07 18:00:00,3.0,532.0,178.0,0.0,600.0,168.0,0.0,616.0,165.0,0.0,543.0,176.0,2.0,586.0,173.0,5.0,559.0,196.0,0.0,535.0,176.0,325.0,284.0,111.0,165.0,636.0,6048.0
2018-02-07 19:00:00,25.0,575.0,184.0,2.0,589.0,170.0,7.0,604.0,167.0,0.0,557.0,178.0,2.0,575.0,177.0,3.0,528.0,199.0,3.0,546.0,181.0,540.0,468.0,96.0,245.0,409.0,6832.0
2018-02-07 20:00:00,16.0,548.0,191.0,3.0,628.0,176.0,0.0,595.0,172.0,0.0,555.0,187.0,1.0,581.0,182.0,1.0,512.0,205.0,4.0,533.0,207.0,545.0,476.0,101.0,236.0,1492.0,10076.0
2018-02-07 21:00:00,11.0,569.0,193.0,3.0,635.0,179.0,0.0,583.0,174.0,0.0,543.0,193.0,1.0,588.0,184.0,0.0,517.0,206.0,4.0,532.0,222.0,544.0,481.0,96.0,256.0,598.0,9631.0
2018-02-07 22:00:00,51.0,859.0,203.0,3.0,641.0,181.0,0.0,577.0,175.0,0.0,537.0,197.0,1.0,650.0,184.0,0.0,553.0,205.0,0.0,596.0,203.0,524.0,440.0,111.0,283.0,273.0,10302.0
2018-02-07 23:00:00,51.0,889.0,213.0,3.0,634.0,183.0,0.0,572.0,177.0,0.0,531.0,201.0,1.0,652.0,186.0,0.0,542.0,207.0,0.0,588.0,198.0,522.0,469.0,146.0,163.0,286.0,6943.0
2018-02-08 00:00:00,34.0,840.0,217.0,1.0,629.0,184.0,0.0,574.0,178.0,0.0,536.0,203.0,1.0,652.0,186.0,0.0,561.0,205.0,0.0,570.0,198.0,496.0,419.0,141.0,168.0,231.0,3024.0
2018-02-08 01:00:00,1.0,654.0,201.0,0.0,625.0,181.0,0.0,584.0,176.0,0.0,558.0,197.0,1.0,649.0,184.0,0.0,600.0,197.0,0.0,569.0,191.0,275.0,255.0,137.0,146.0,202.0,
2018-02-08 02:00:00,1.0,622.0,189.0,0.0,623.0,178.0,0.0,585.0,172.0,0.0,569.0,192.0,1.0,620.0,181.0,0.0,584.0,190.0,0.0,570.0,185.0,185.0,183.0,129.0,128.0,245.0,
2018-02-08 03:00:00,1.0,615.0,181.0,0.0,621.0,175.0,0.0,586.0,169.0,0.0,585.0,188.0,1.0,603.0,178.0,0.0,579.0,184.0,0.0,573.0,180.0,176.0,167.0,123.0,121.0,229.0,1118.0
2018-02-08 04:00:00,1.0,615.0,178.0,0.0,613.0,173.0,0.0,587.0,167.0,0.0,593.0,188.0,0.0,597.0,177.0,0.0,576.0,182.0,0.0,576.0,177.0,210.0,191.0,121.0,120.0,251.0,2016.0
2018-02-08 05:00:00,1.0,612.0,177.0,0.0,608.0,173.0,0.0,590.0,167.0,0.0,595.0,188.0,0.0,595.0,176.0,0.0,570.0,182.0,0.0,576.0,177.0,244.0,225.0,125.0,122.0,264.0,2240.0
2018-02-08 06:00:00,1.0,605.0,178.0,0.0,604.0,172.0,0.0,593.0,166.0,0.0,600.0,189.0,0.0,591.0,176.0,0.0,563.0,184.0,0.0,573.0,177.0,272.0,246.0,125.0,124.0,325.0,3360.0
2018-02-08 07:00:00,1.0,598.0,179.0,0.0,602.0,172.0,0.0,598.0,166.0,0.0,604.0,190.0,0.0,589.0,176.0,0.0,557.0,185.0,0.0,570.0,177.0,260.0,247.0,130.0,125.0,287.0,1568.0
2018-02-08 08:00:00,24.0,728.0,184.0,2.0,637.0,173.0,1.0,616.0,168.0,0.0,584.0,189.0,2.0,629.0,178.0,2.0,573.0,191.0,6.0,576.0,179.0,399.0,335.0,77.0,255.0,982.0,10521.0
2018-02-08 09:00:00,31.0,690.0,187.0,18.0,656.0,174.0,8.0,626.0,169.0,4.0,595.0,189.0,6.0,661.0,180.0,7.0,581.0,194.0,32.0,589.0,183.0,317.0,289.0,97.0,226.0,1149.0,1791.0
2018-02-08 10:00:00,35.0,702.0,184.0,23.0,642.0,173.0,11.0,630.0,168.0,7.0,581.0,185.0,7.0,615.0,178.0,11.0,572.0,191.0,33.0,584.0,179.0,204.0,204.0,121.0,147.0,225.0,
2018-02-08 11:00:00,47.0,703.0,182.0,23.0,645.0,173.0,24.0,627.0,168.0,11.0,582.0,183.0,9.0,607.0,177.0,18.0,566.0,189.0,36.0,591.0,178.0,387.0,316.0,107.0,189.0,360.0,8511.0
2018-02-08 12:00:00,47.0,722.0,188.0,21.0,647.0,181.0,39.0,625.0,175.0,11.0,589.0,186.0,9.0,610.0,183.0,19.0,576.0,201.0,35.0,576.0,188.0,516.0,460.0,129.0,211.0,459.0,8287.0
2018-02-08 13:00:00,28.0,680.0,193.0,14.0,642.0,188.0,20.0,627.0,180.0,9.0,588.0,191.0,6.0,620.0,187.0,11.0,590.0,203.0,28.0,579.0,195.0,533.0,484.0,139.0,153.0,418.0,5822.0
2018-02-08 14:00:00,20.0,633.0,197.0,8.0,643.0,191.0,8.0,622.0,184.0,6.0,580.0,194.0,4.0,616.0,190.0,6.0,570.0,204.0,22.0,581.0,199.0,534.0,479.0,142.0,186.0,452.0,5375.0
2018-02-08 15:00:00,21.0,619.0,199.0,7.0,640.0,190.0,11.0,616.0,185.0,4.0,573.0,196.0,5.0,607.0,190.0,7.0,563.0,203.0,15.0,562.0,201.0,420.0,407.0,110.0,187.0,272.0,1680.0
2018-02-08 16:00:00,9.0,616.0,194.0,0.0,624.0,185.0,0.0,609.0,181.0,0.0,563.0,193.0,2.0,599.0,186.0,0.0,561.0,196.0,7.0,553.0,194.0,244.0,249.0,118.0,173.0,306.0,336.0
2018-02-08 17:00:00,2.0,629.0,190.0,0.0,634.0,184.0,2.0,631.0,180.0,0.0,573.0,191.0,2.0,623.0,187.0,5.0,614.0,202.0,7.0,570.0,192.0,402.0,359.0,101.0,161.0,2584.0,5824.0
2018-02-08 18:00:00,38.0,712.0,195.0,1.0,707.0,187.0,7.0,716.0,183.0,0.0,621.0,194.0,3.0,698.0,192.0,2.0,611.0,223.0,5.0,593.0,194.0,423.0,304.0,78.0,271.0,2086.0,7839.0
2018-02-08 19:00:00,1.0,673.0,200.0,0.0,687.0,186.0,0.0,705.0,183.0,0.0,630.0,195.0,1.0,674.0,193.0,1.0,576.0,220.0,5.0,612.0,194.0,308.0,293.0,102.0,185.0,1666.0,2236.0
2018-02-08 20:00:00,37.0,716.0,200.0,0.0,683.0,186.0,0.0,689.0,180.0,0.0,620.0,195.0,2.0,671.0,192.0,0.0,589.0,215.0,6.0,615.0,193.0,444.0,267.0,86.0,322.0,753.0,12990.0
2018-02-08 21:00:00,23.0,747.0,205.0,0.0,702.0,189.0,0.0,668.0,181.0,0.0,611.0,198.0,1.0,722.0,195.0,0.0,609.0,215.0,5.0,623.0,198.0,466.0,398.0,100.0,237.0,2409.0,1344.0
2018-02-08 22:00:00,2.0,678.0,200.0,0.0,673.0,188.0,0.0,665.0,180.0,0.0,618.0,196.0,1.0,667.0,193.0,0.0,604.0,211.0,6.0,619.0,196.0,253.0,243.0,95.0,149.0,1592.0,
2018-02-08 23:00:00,0.0,672.0,193.0,0.0,668.0,186.0,0.0,656.0,177.0,0.0,612.0,191.0,1.0,653.0,191.0,0.0,603.0,205.0,7.0,619.0,191.0,174.0,175.0,104.0,131.0,524.0,
2018-02-09 00:00:00,0.0,664.0,188.0,0.0,657.0,184.0,0.0,647.0,175.0,0.0,612.0,189.0,1.0,638.0,189.0,0.0,596.0,199.0,7.0,617.0,188.0,146.0,148.0,118.0,125.0,482.0,
2018-02-09 01:00:00,2.0,649.0,184.0,0.0,654.0,182.0,0.0,645.0,173.0,0.0,613.0,186.0,1.0,628.0,186.0,0.0,595.0,193.0,0.0,611.0,185.0,130.0,132.0,117.0,119.0,235.0,
2018-02-09 02:00:00,3.0,643.0,182.0,0.0,653.0,180.0,0.0,642.0,171.0,0.0,622.0,185.0,1.0,622.0,184.0,0.0,596.0,190.0,0.0,606.0,183.0,125.0,126.0,104.0,129.0,269.0,112.0
2018-02-09 03:00:00,1.0,632.0,178.0,0.0,653.0,178.0,0.0,641.0,169.0,0.0,623.0,183.0,1.0,612.0,182.0,0.0,593.0,185.0,0.0,603.0,180.0,120.0,122.0,111.0,125.0,246.0,
2018-02-09 04:00:00,1.0,627.0,175.0,0.0,651.0,176.0,0.0,638.0,167.0,0.0,620.0,181.0,1.0,606.0,179.0,0.0,591.0,183.0,0.0,601.0,177.0,119.0,119.0,115.0,119.0,231.0,
2018-02-09 05:00:00,1.0,625.0,173.0,0.0,649.0,174.0,0.0,637.0,165.0,0.0,625.0,179.0,0.0,603.0,178.0,0.0,591.0,180.0,0.0,600.0,175.0,115.0,116.0,115.0,116.0,266.0,
2018-02-09 06:00:00,0.0,624.0,171.0,0.0,648.0,172.0,0.0,634.0,164.0,0.0,627.0,178.0,0.0,601.0,176.0,0.0,590.0,178.0,0.0,600.0,173.0,114.0,114.0,115.0,115.0,262.0,
2018-02-09 07:00:00,1.0,624.0,168.0,0.0,646.0,170.0,0.0,629.0,162.0,0.0,627.0,176.0,1.0,598.0,174.0,0.0,590.0,176.0,0.0,600.0,170.0,110.0,111.0,115.0,113.0,268.0,
2018-02-09 08:00:00,20.0,730.0,172.0,1.0,655.0,170.0,11.0,648.0,162.0,0.0,631.0,175.0,3.0,625.0,174.0,4.0,609.0,178.0,1.0,605.0,170.0,377.0,269.0,93.0,250.0,427.0,13327.0
2018-02-09 09:00:00,56.0,841.0,193.0,24.0,705.0,179.0,10.0,665.0,169.0,3.0,632.0,184.0,4.0,745.0,182.0,5.0,577.0,195.0,27.0,611.0,185.0,475.0,432.0,92.0,304.0,474.0,8958.0
2018-02-09 10:00:00,24.0,662.0,193.0,28.0,659.0,179.0,11.0,670.0,171.0,4.0,629.0,185.0,8.0,712.0,181.0,10.0,626.0,195.0,41.0,596.0,187.0,309.0,309.0,124.0,182.0,254.0,
2018-02-09 11:00:00,44.0,634.0,183.0,17.0,652.0,175.0,13.0,651.0,169.0,5.0,606.0,181.0,9.0,646.0,178.0,16.0,605.0,188.0,29.0,592.0,180.0,196.0,199.0,128.0,135.0,285.0,
2018-02-09 12:00:00,60.0,622.0,176.0,20.0,651.0,172.0,22.0,640.0,166.0,8.0,594.0,178.0,11.0,621.0,175.0,21.0,592.0,182.0,41.0,595.0,175.0,154.0,157.0,124.0,123.0,251.0,
2018-02-09 13:00:00,56.0,647.0,177.0,24.0,643.0,174.0,10.0,635.0,167.0,21.0,595.0,179.0,14.0,606.0,177.0,32.0,572.0,187.0,53.0,585.0,179.0,473.0,386.0,109.0,129.0,309.0,10863.0
2018-02-09 14:00:00,37.0,646.0,187.0,23.0,638.0,181.0,0.0,622.0,174.0,42.0,590.0,185.0,24.0,598.0,184.0,62.0,546.0,200.0,49.0,558.0,190.0,476.0,424.0,139.0,138.0,276.0,5148.0
2018-02-09 15:00:00,25.0,631.0,191.0,18.0,630.0,183.0,11.0,616.0,176.0,80.0,582.0,189.0,86.0,599.0,186.0,78.0,541.0,202.0,25.0,553.0,193.0,433.0,390.0,141.0,145.0,304.0,4928.0
2018-02-09 16:00:00,8.0,622.0,192.0,4.0,623.0,183.0,23.0,623.0,178.0,15.0,580.0,191.0,34.0,606.0,187.0,8.0,552.0,202.0,11.0,560.0,193.0,416.0,364.0,109.0,194.0,360.0,5599.0
2018-02-09 17:00:00,4.0,607.0,194.0,0.0,619.0,183.0,19.0,626.0,179.0,0.0,575.0,192.0,1.0,594.0,188.0,1.0,540.0,204.0,3.0,556.0,195.0,446.0,372.0,116.0,195.0,1163.0,4142.0
2018-02-09 18:00:00,22.0,623.0,194.0,0.0,612.0,184.0,15.0,618.0,180.0,0.0,568.0,192.0,3.0,594.0,188.0,5.0,552.0,204.0,3.0,551.0,195.0,492.0,358.0,94.0,272.0,1649.0,4368.0
2018-02-09 19:00:00,4.0,600.0,199.0,0.0,630.0,184.0,0.0,643.0,181.0,0.0,580.0,192.0,1.0,634.0,189.0,1.0,577.0,210.0,3.0,563.0,196.0,476.0,319.0,115.0,204.0,1635.0,2349.0
2018-02-09 20:00:00,5.0,571.0,203.0,0.0,616.0,184.0,0.0,649.0,179.0,0.0,584.0,191.0,1.0,607.0,190.0,1.0,530.0,213.0,7.0,576.0,195.0,428.0,296.0,128.0,182.0,378.0,3017.0
2018-02-09 21:00:00,8.0,578.0,204.0,0.0,607.0,184.0,0.0,641.0,177.0,0.0,586.0,191.0,1.0,598.0,190.0,1.0,535.0,209.0,5.0,568.0,194.0,349.0,305.0,113.0,149.0,348.0,4810.0
2018-02-09 22:00:00,1.0,578.0,198.0,0.0,601.0,184.0,0.0,635.0,177.0,0.0,585.0,191.0,0.0,590.0,190.0,0.0,531.0,207.0,5.0,566.0,196.0,401.0,335.0,135.0,132.0,427.0,2911.0
2018-02-09 23:00:00,0.0,571.0,196.0,0.0,591.0,184.0,0.0,630.0,177.0,0.0,581.0,191.0,0.0,578.0,190.0,0.0,525.0,207.0,5.0,562.0,198.0,405.0,346.0,145.0,141.0,462.0,3694.0
2018-02-10 00:00:00,0.0,567.0,194.0,0.0,589.0,183.0,0.0,626.0,177.0,0.0,580.0,191.0,1.0,576.0,189.0,0.0,522.0,205.0,5.0,558.0,198.0,278.0,281.0,143.0,139.0,425.0,
2018-02-10 01:00:00,2.0,565.0,188.0,0.0,589.0,181.0,0.0,623.0,175.0,0.0,580.0,188.0,1.0,573.0,186.0,0.0,527.0,199.0,4.0,551.0,193.0,228.0,215.0,128.0,141.0,367.0,1344.0
2018-02-10 02:00:00,0.0,567.0,186.0,0.0,585.0,180.0,,,,0.0,586.0,188.0,1.0,570.0,185.0,0.0,530.0,196.0,0.0,540.0,189.0,269.0,240.0,122.0,144.0,288.0,3244.0
2018-02-10 03:00:00,1.0,559.0,187.0,0.0,578.0,180.0,,,,0.0,592.0,188.0,1.0,562.0,185.0,0.0,523.0,197.0,0.0,537.0,189.0,293.0,273.0,134.0,133.0,246.0,2240.0
2018-02-10 04:00:00,1.0,553.0,187.0,0.0,573.0,179.0,0.0,,,0.0,595.0,188.0,1.0,558.0,185.0,0.0,517.0,198.0,0.0,534.0,189.0,304.0,277.0,135.0,133.0,263.0,3470.0
2018-02-10 05:00:00,1.0,547.0,188.0,0.0,569.0,179.0,,,,0.0,599.0,189.0,1.0,554.0,185.0,0.0,511.0,199.0,0.0,532.0,189.0,318.0,285.0,139.0,134.0,280.0,4032.0
2018-02-10 06:00:00,1.0,541.0,188.0,0.0,568.0,179.0,0.0,615.0,171.0,0.0,599.0,189.0,1.0,551.0,185.0,0.0,507.0,199.0,0.0,531.0,189.0,319.0,292.0,140.0,135.0,323.0,3247.0
2018-02-10 07:00:00,1.0,536.0,187.0,0.0,566.0,178.0,0.0,614.0,171.0,0.0,598.0,189.0,0.0,548.0,185.0,0.0,501.0,199.0,0.0,528.0,188.0,319.0,291.0,140.0,134.0,328.0,3360.0
2018-02-10 08:00:00,23.0,546.0,188.0,0.0,576.0,178.0,18.0,614.0,171.0,0.0,596.0,189.0,2.0,559.0,185.0,2.0,526.0,203.0,1.0,531.0,188.0,327.0,297.0,118.0,190.0,886.0,3583.0
2018-02-10 09:00:00,22.0,540.0,188.0,9.0,602.0,180.0,28.0,605.0,175.0,2.0,576.0,188.0,4.0,561.0,186.0,7.0,474.0,221.0,15.0,536.0,189.0,409.0,355.0,84.0,206.0,2114.0,7503.0
2018-02-10 10:00:00,65.0,839.0,202.0,22.0,644.0,182.0,30.0,650.0,177.0,6.0,587.0,190.0,7.0,619.0,188.0,10.0,504.0,215.0,21.0,549.0,192.0,477.0,305.0,71.0,336.0,1574.0,10080.0
2018-02-10 11:00:00,57.0,726.0,199.0,23.0,662.0,182.0,27.0,674.0,177.0,12.0,607.0,191.0,9.0,635.0,188.0,17.0,536.0,209.0,29.0,575.0,191.0,274.0,258.0,99.0,267.0,388.0,1680.0
2018-02-10 12:00:00,54.0,657.0,190.0,22.0,643.0,179.0,28.0,637.0,175.0,18.0,584.0,188.0,10.0,602.0,185.0,21.0,535.0,201.0,33.0,575.0,186.0,185.0,186.0,124.0,150.0,279.0,
2018-02-10 13:00:00,47.0,628.0,184.0,29.0,637.0,177.0,47.0,626.0,173.0,34.0,581.0,185.0,14.0,589.0,183.0,30.0,537.0,194.0,42.0,575.0,182.0,149.0,152.0,125.0,128.0,276.0,
2018-02-10 14:00:00,26.0,615.0,180.0,15.0,636.0,175.0,24.0,619.0,171.0,16.0,578.0,182.0,9.0,582.0,181.0,16.0,543.0,189.0,18.0,574.0,178.0,132.0,134.0,122.0,122.0,297.0,
2018-02-10 15:00:00,20.0,612.0,176.0,13.0,636.0,173.0,27.0,618.0,170.0,18.0,577.0,180.0,10.0,581.0,179.0,16.0,552.0,185.0,15.0,576.0,176.0,122.0,125.0,120.0,119.0,265.0,
2018-02-10 16:00:00,7.0,633.0,176.0,2.0,640.0,173.0,15.0,625.0,169.0,2.0,575.0,181.0,3.0,592.0,179.0,2.0,571.0,187.0,5.0,585.0,178.0,383.0,301.0,104.0,200.0,541.0,12094.0
2018-02-10 17:00:00,11.0,637.0,189.0,0.0,647.0,183.0,18.0,636.0,177.0,0.0,566.0,193.0,1.0,601.0,188.0,1.0,552.0,204.0,5.0,581.0,194.0,550.0,489.0,123.0,186.0,547.0,10750.0
2018-02-10 18:00:00,28.0,761.0,199.0,0.0,648.0,188.0,2.0,645.0,181.0,0.0,573.0,199.0,2.0,636.0,192.0,2.0,582.0,209.0,5.0,599.0,205.0,546.0,476.0,98.0,265.0,629.0,9184.0
2018-02-10 19:00:00,1.0,634.0,204.0,0.0,638.0,190.0,0.0,660.0,187.0,0.0,580.0,202.0,1.0,620.0,195.0,2.0,575.0,210.0,5.0,576.0,213.0,531.0,474.0,133.0,184.0,513.0,6831.0
2018-02-10 20:00:00,1.0,625.0,206.0,0.0,643.0,192.0,0.0,652.0,188.0,0.0,578.0,204.0,1.0,631.0,196.0,0.0,602.0,210.0,5.0,577.0,215.0,477.0,432.0,109.0,224.0,1925.0,4143.0
2018-02-10 21:00:00,10.0,628.0,206.0,0.0,637.0,192.0,0.0,656.0,189.0,0.0,571.0,204.0,1.0,622.0,196.0,0.0,582.0,209.0,6.0,586.0,210.0,448.0,385.0,92.0,213.0,1460.0,5486.0
2018-02-10 22:00:00,11.0,638.0,204.0,0.0,652.0,192.0,0.0,648.0,188.0,0.0,589.0,203.0,1.0,634.0,197.0,0.0,579.0,210.0,6.0,612.0,210.0,454.0,363.0,115.0,217.0,406.0,3136.0
2018-02-10 23:00:00,2.0,627.0,200.0,0.0,662.0,190.0,0.0,648.0,186.0,0.0,611.0,199.0,1.0,643.0,194.0,0.0,599.0,205.0,6.0,624.0,207.0,287.0,256.0,130.0,171.0,432.0,
2018-02-11 00:00:00,2.0,630.0,193.0,0.0,650.0,186.0,0.0,645.0,183.0,0.0,613.0,196.0,1.0,634.0,191.0,0.0,603.0,199.0,2.0,622.0,199.0,194.0,187.0,135.0,139.0,290.0,
2018-02-11 01:00:00,1.0,630.0,190.0,0.0,651.0,185.0,0.0,642.0,181.0,0.0,614.0,194.0,1.0,626.0,190.0,0.0,606.0,196.0,0.0,625.0,195.0,166.0,164.0,131.0,133.0,303.0,
2018-02-11 03:00:00,0.0,620.0,180.0,0.0,659.0,180.0,0.0,631.0,175.0,0.0,624.0,189.0,1.0,604.0,184.0,0.0,596.0,186.0,0.0,627.0,184.0,125.0,126.0,120.0,120.0,253.0,
2018-02-11 06:00:00,1.0,612.0,174.0,0.0,661.0,176.0,0.0,619.0,169.0,0.0,623.0,183.0,1.0,594.0,178.0,0.0,588.0,180.0,0.0,627.0,176.0,177.0,161.0,116.0,117.0,206.0,112.0
2018-02-11 08:00:00,17.0,653.0,182.0,13.0,664.0,175.0,8.0,662.0,170.0,1.0,621.0,181.0,4.0,627.0,177.0,4.0,608.0,185.0,13.0,636.0,178.0,266.0,257.0,113.0,178.0,268.0,
2018-02-11 09:00:00,58.0,666.0,182.0,7.0,663.0,174.0,9.0,661.0,170.0,1.0,622.0,181.0,4.0,626.0,177.0,5.0,602.0,185.0,56.0,633.0,179.0,241.0,238.0,86.0,293.0,558.0,3024.0
2018-02-11 11:00:00,58.0,622.0,199.0,11.0,653.0,188.0,24.0,666.0,179.0,19.0,622.0,191.0,8.0,639.0,188.0,21.0,522.0,212.0,34.0,578.0,194.0,346.0,348.0,115.0,182.0,842.0,
2018-02-11 12:00:00,51.0,605.0,197.0,12.0,652.0,187.0,26.0,665.0,179.0,20.0,619.0,190.0,8.0,628.0,187.0,20.0,518.0,209.0,33.0,580.0,192.0,305.0,307.0,120.0,165.0,244.0,
2018-02-11 14:00:00,28.0,638.0,179.0,8.0,648.0,176.0,28.0,620.0,171.0,28.0,601.0,183.0,7.0,559.0,178.0,17.0,507.0,188.0,24.0,590.0,177.0,139.0,144.0,123.0,122.0,220.0,
2018-02-11 17:00:00,1.0,590.0,182.0,0.0,621.0,180.0,1.0,617.0,176.0,0.0,552.0,189.0,1.0,582.0,185.0,0.0,521.0,202.0,0.0,554.0,188.0,301.0,300.0,125.0,171.0,225.0,
2018-02-11 19:00:00,11.0,572.0,175.0,0.0,624.0,174.0,3.0,599.0,170.0,0.0,550.0,179.0,2.0,565.0,177.0,0.0,526.0,188.0,1.0,566.0,176.0,267.0,192.0,119.0,135.0,283.0,2352.0
2018-02-11 21:00:00,55.0,611.0,196.0,0.0,613.0,189.0,0.0,601.0,181.0,0.0,544.0,199.0,1.0,581.0,191.0,0.0,518.0,209.0,6.0,559.0,206.0,577.0,482.0,130.0,215.0,475.0,560.0
2018-02-11 22:00:00,7.0,609.0,196.0,0.0,609.0,189.0,0.0,599.0,181.0,0.0,540.0,199.0,1.0,581.0,190.0,0.0,517.0,209.0,9.0,572.0,206.0,449.0,439.0,113.0,197.0,698.0,224.0
2018-02-12 00:00:00,1.0,553.0,188.0,0.0,632.0,181.0,0.0,599.0,174.0,0.0,547.0,190.0,1.0,571.0,185.0,0.0,520.0,198.0,0.0,547.0,194.0,195.0,197.0,117.0,150.0,179.0,
2018-02-12 01:00:00,1.0,552.0,188.0,0.0,632.0,181.0,0.0,597.0,173.0,0.0,550.0,189.0,1.0,568.0,185.0,0.0,524.0,197.0,0.0,547.0,192.0,184.0,186.0,120.0,142.0,290.0,
2018-02-12 03:00:00,1.0,543.0,180.0,0.0,638.0,176.0,0.0,588.0,167.0,0.0,574.0,183.0,1.0,549.0,179.0,0.0,519.0,187.0,0.0,543.0,182.0,215.0,207.0,124.0,123.0,285.0,
2018-02-12 06:00:00,1.0,524.0,181.0,0.0,668.0,175.0,0.0,582.0,164.0,0.0,574.0,184.0,1.0,538.0,179.0,0.0,500.0,190.0,0.0,529.0,182.0,301.0,265.0,130.0,125.0,287.0,784.0
2018-02-12 08:00:00,12.0,599.0,189.0,5.0,626.0,175.0,0.0,623.0,169.0,2.0,554.0,184.0,4.0,605.0,180.0,5.0,550.0,198.0,13.0,543.0,184.0,477.0,318.0,91.0,251.0,369.0,4139.0
2018-02-12 09:00:00,27.0,569.0,184.0,15.0,606.0,174.0,0.0,600.0,168.0,5.0,545.0,182.0,6.0,594.0,178.0,6.0,532.0,194.0,39.0,546.0,181.0,301.0,235.0,126.0,175.0,246.0,
2018-02-12 10:00:00,39.0,565.0,177.0,18.0,606.0,172.0,0.0,590.0,165.0,8.0,543.0,179.0,8.0,581.0,175.0,11.0,539.0,186.0,39.0,551.0,175.0,184.0,171.0,126.0,130.0,277.0,
2018-02-12 11:00:00,48.0,566.0,172.0,12.0,604.0,169.0,0.0,587.0,163.0,9.0,540.0,176.0,9.0,575.0,172.0,14.0,543.0,180.0,32.0,554.0,171.0,145.0,142.0,120.0,119.0,252.0,
2018-02-12 12:00:00,65.0,567.0,167.0,12.0,600.0,167.0,0.0,583.0,161.0,14.0,536.0,173.0,10.0,571.0,170.0,17.0,547.0,176.0,42.0,554.0,168.0,124.0,125.0,115.0,114.0,265.0,
2018-02-12 13:00:00,53.0,569.0,165.0,12.0,598.0,165.0,0.0,580.0,160.0,25.0,536.0,171.0,12.0,568.0,168.0,24.0,548.0,172.0,47.0,554.0,165.0,115.0,116.0,110.0,110.0,296.0,
2018-02-12 14:00:00,34.0,572.0,162.0,11.0,594.0,164.0,0.0,577.0,159.0,58.0,537.0,171.0,24.0,565.0,166.0,65.0,551.0,170.0,47.0,555.0,163.0,108.0,109.0,110.0,108.0,261.0,
2018-02-12 15:00:00,17.0,574.0,161.0,5.0,590.0,163.0,0.0,575.0,158.0,21.0,539.0,170.0,12.0,565.0,165.0,22.0,552.0,168.0,16.0,558.0,161.0,132.0,124.0,108.0,108.0,252.0,896.0
2018-02-12 16:00:00,7.0,574.0,162.0,1.0,583.0,162.0,0.0,573.0,157.0,6.0,534.0,168.0,14.0,567.0,165.0,3.0,549.0,169.0,5.0,557.0,161.0,196.0,174.0,110.0,110.0,287.0,3024.0
2018-02-12 17:00:00,1.0,572.0,169.0,0.0,581.0,163.0,0.0,577.0,157.0,0.0,544.0,169.0,1.0,579.0,167.0,2.0,559.0,180.0,0.0,554.0,165.0,453.0,374.0,109.0,141.0,515.0,11760.0
2018-02-12 18:00:00,1.0,596.0,184.0,0.0,601.0,172.0,1.0,618.0,166.0,0.0,572.0,175.0,1.0,631.0,176.0,0.0,571.0,206.0,5.0,563.0,179.0,528.0,470.0,106.0,179.0,534.0,8060.0
2018-02-12 19:00:00,3.0,564.0,192.0,4.0,600.0,178.0,0.0,613.0,170.0,0.0,562.0,178.0,1.0,577.0,178.0,0.0,520.0,201.0,3.0,554.0,186.0,513.0,459.0,101.0,243.0,386.0,6718.0
2018-02-12 20:00:00,2.0,536.0,196.0,2.0,604.0,182.0,0.0,614.0,171.0,0.0,555.0,181.0,1.0,582.0,180.0,0.0,536.0,202.0,5.0,544.0,190.0,477.0,426.0,99.0,210.0,2016.0,6602.0
2018-02-12 21:00:00,12.0,539.0,199.0,0.0,594.0,181.0,0.0,610.0,171.0,0.0,564.0,183.0,1.0,581.0,181.0,0.0,550.0,200.0,4.0,550.0,192.0,401.0,380.0,114.0,206.0,629.0,1792.0
2018-02-12 22:00:00,12.0,545.0,195.0,0.0,595.0,178.0,0.0,612.0,168.0,0.0,574.0,182.0,1.0,584.0,179.0,0.0,551.0,195.0,2.0,547.0,187.0,254.0,261.0,101.0,244.0,406.0,447.0
2018-02-12 23:00:00,0.0,544.0,184.0,0.0,594.0,173.0,0.0,612.0,165.0,0.0,571.0,178.0,1.0,576.0,175.0,0.0,543.0,186.0,4.0,555.0,180.0,169.0,174.0,124.0,136.0,486.0,
2018-02-13 00:00:00,1.0,553.0,176.0,0.0,591.0,171.0,0.0,610.0,163.0,0.0,572.0,175.0,1.0,569.0,173.0,0.0,542.0,180.0,4.0,558.0,176.0,137.0,141.0,119.0,120.0,396.0,
2018-02-13 01:00:00,2.0,561.0,173.0,0.0,586.0,170.0,0.0,609.0,161.0,0.0,573.0,174.0,1.0,568.0,171.0,0.0,544.0,177.0,4.0,558.0,175.0,125.0,128.0,115.0,115.0,353.0,
2018-02-13 03:00:00,1.0,568.0,163.0,0.0,578.0,164.0,0.0,605.0,157.0,0.0,589.0,171.0,0.0,560.0,166.0,0.0,544.0,169.0,0.0,545.0,165.0,110.0,110.0,109.0,110.0,185.0,
2018-02-13 04:00:00,1.0,567.0,162.0,0.0,578.0,164.0,0.0,606.0,156.0,0.0,591.0,170.0,0.0,559.0,166.0,0.0,543.0,169.0,0.0,544.0,164.0,110.0,110.0,110.0,110.0,281.0,
2018-02-13 06:00:00,1.0,546.0,167.0,0.0,562.0,161.0,0.0,611.0,154.0,0.0,607.0,170.0,1.0,552.0,164.0,0.0,528.0,170.0,0.0,541.0,163.0,374.0,211.0,117.0,115.0,287.0,
2018-02-13 09:00:00,8.0,640.0,170.0,3.0,622.0,160.0,3.0,645.0,156.0,1.0,583.0,167.0,2.0,620.0,164.0,1.0,596.0,174.0,,,,231.0,210.0,119.0,142.0,283.0,2016.0
2018-02-13 10:00:00,14.0,620.0,168.0,6.0,610.0,160.0,8.0,624.0,156.0,2.0,579.0,166.0,4.0,601.0,164.0,4.0,574.0,174.0,,,,259.0,227.0,123.0,124.0,216.0,3136.0
2018-02-13 11:00:00,24.0,606.0,167.0,11.0,604.0,160.0,16.0,613.0,156.0,5.0,577.0,166.0,6.0,593.0,164.0,9.0,561.0,175.0,,,,259.0,235.0,124.0,120.0,231.0,3136.0
2018-02-13 12:00:00,37.0,593.0,168.0,18.0,599.0,160.0,27.0,606.0,156.0,9.0,574.0,166.0,10.0,588.0,164.0,15.0,552.0,175.0,,,,254.0,236.0,125.0,120.0,249.0,2128.0
2018-02-13 13:00:00,41.0,584.0,167.0,22.0,597.0,160.0,41.0,601.0,156.0,16.0,571.0,166.0,12.0,584.0,164.0,21.0,545.0,176.0,,,,241.0,225.0,124.0,120.0,246.0,2016.0
2018-02-13 14:00:00,39.0,575.0,167.0,22.0,595.0,159.0,91.0,598.0,156.0,50.0,567.0,166.0,24.0,580.0,164.0,60.0,542.0,175.0,,,,228.0,212.0,120.0,119.0,233.0,1904.0
2018-02-13 15:00:00,22.0,578.0,166.0,12.0,595.0,159.0,181.0,596.0,157.0,79.0,564.0,167.0,78.0,579.0,164.0,79.0,543.0,175.0,,,,196.0,186.0,120.0,118.0,238.0,1120.0
2018-02-13 16:00:00,7.0,581.0,165.0,2.0,594.0,158.0,39.0,593.0,156.0,6.0,563.0,167.0,16.0,579.0,163.0,4.0,545.0,174.0,8.0,,,224.0,203.0,120.0,118.0,226.0,3024.0
2018-02-13 17:00:00,1.0,578.0,165.0,0.0,588.0,158.0,0.0,588.0,156.0,0.0,558.0,166.0,1.0,575.0,163.0,0.0,540.0,174.0,0.0,565.0,162.0,272.0,243.0,123.0,120.0,296.0,3024.0
2018-02-13 18:00:00,37.0,636.0,175.0,0.0,603.0,165.0,7.0,596.0,159.0,0.0,566.0,172.0,3.0,606.0,170.0,2.0,528.0,195.0,4.0,560.0,174.0,550.0,480.0,83.0,214.0,3281.0,11420.0
2018-02-13 19:00:00,20.0,598.0,185.0,0.0,609.0,172.0,0.0,612.0,167.0,0.0,567.0,177.0,2.0,603.0,175.0,2.0,528.0,202.0,8.0,545.0,188.0,553.0,494.0,93.0,187.0,2961.0,5598.0
2018-02-13 20:00:00,20.0,595.0,191.0,0.0,597.0,179.0,0.0,612.0,171.0,0.0,569.0,183.0,2.0,600.0,180.0,1.0,529.0,204.0,3.0,536.0,192.0,521.0,477.0,107.0,259.0,567.0,11745.0
2018-02-13 21:00:00,43.0,789.0,199.0,0.0,598.0,183.0,0.0,608.0,174.0,0.0,567.0,190.0,1.0,613.0,183.0,0.0,553.0,200.0,0.0,539.0,194.0,526.0,460.0,81.0,338.0,365.0,10528.0
2018-02-13 22:00:00,2.0,724.0,199.0,0.0,598.0,182.0,0.0,611.0,173.0,0.0,602.0,190.0,1.0,671.0,182.0,0.0,590.0,197.0,0.0,547.0,192.0,329.0,331.0,113.0,243.0,268.0,
2018-02-13 23:00:00,0.0,632.0,186.0,0.0,592.0,177.0,0.0,612.0,168.0,0.0,601.0,184.0,0.0,604.0,177.0,0.0,569.0,187.0,0.0,550.0,182.0,197.0,202.0,129.0,140.0,255.0,
2018-02-14 00:00:00,1.0,609.0,177.0,0.0,590.0,173.0,0.0,608.0,165.0,0.0,600.0,181.0,1.0,593.0,174.0,0.0,565.0,181.0,0.0,550.0,176.0,152.0,156.0,117.0,132.0,248.0,
2018-02-14 01:00:00,10.0,606.0,173.0,0.0,586.0,171.0,0.0,606.0,163.0,0.0,605.0,179.0,1.0,586.0,173.0,0.0,564.0,178.0,0.0,550.0,174.0,134.0,138.0,96.0,125.0,240.0,
2018-02-14 03:00:00,1.0,599.0,162.0,0.0,577.0,165.0,0.0,601.0,159.0,0.0,613.0,174.0,1.0,573.0,167.0,0.0,558.0,170.0,0.0,544.0,165.0,110.0,112.0,110.0,110.0,288.0,
2018-02-14 06:00:00,1.0,594.0,157.0,0.0,572.0,161.0,,,,0.0,620.0,169.0,1.0,568.0,162.0,0.0,560.0,164.0,0.0,545.0,159.0,110.0,110.0,107.0,132.0,325.0,
2018-02-14 07:00:00,16.0,598.0,155.0,0.0,570.0,158.0,8.0,599.0,153.0,0.0,617.0,167.0,2.0,567.0,160.0,1.0,559.0,162.0,1.0,546.0,156.0,292.0,118.0,85.0,215.0,365.0,560.0
2018-02-14 08:00:00,12.0,587.0,155.0,0.0,571.0,157.0,0.0,584.0,153.0,0.0,543.0,165.0,1.0,566.0,159.0,0.0,560.0,161.0,0.0,555.0,155.0,306.0,142.0,83.0,198.0,308.0,
2018-02-14 09:00:00,12.0,545.0,151.0,0.0,560.0,155.0,6.0,562.0,151.0,0.0,494.0,160.0,2.0,543.0,156.0,3.0,533.0,158.0,2.0,544.0,152.0,172.0,130.0,103.0,129.0,316.0,
2018-02-14 10:00:00,14.0,518.0,148.0,0.0,543.0,152.0,9.0,531.0,148.0,0.0,469.0,156.0,3.0,523.0,153.0,5.0,510.0,156.0,2.0,532.0,149.0,137.0,119.0,105.0,109.0,268.0,447.0
2018-02-14 11:00:00,25.0,513.0,147.0,0.0,539.0,151.0,15.0,513.0,148.0,1.0,466.0,154.0,5.0,517.0,152.0,9.0,501.0,156.0,5.0,517.0,148.0,156.0,144.0,105.0,106.0,296.0,1008.0
2018-02-14 12:00:00,50.0,513.0,148.0,0.0,534.0,150.0,25.0,508.0,148.0,2.0,473.0,152.0,7.0,519.0,152.0,15.0,498.0,157.0,12.0,509.0,148.0,189.0,170.0,108.0,107.0,309.0,2239.0
2018-02-14 13:00:00,43.0,516.0,149.0,0.0,530.0,149.0,32.0,513.0,148.0,5.0,480.0,152.0,8.0,521.0,151.0,20.0,498.0,158.0,13.0,514.0,148.0,189.0,180.0,110.0,108.0,332.0,1008.0
2018-02-14 14:00:00,43.0,514.0,149.0,0.0,531.0,149.0,61.0,518.0,148.0,25.0,485.0,151.0,14.0,520.0,151.0,42.0,494.0,159.0,14.0,514.0,148.0,354.0,188.0,82.0,192.0,1140.0,2800.0
2018-02-14 15:00:00,23.0,506.0,149.0,0.0,536.0,148.0,158.0,526.0,148.0,43.0,482.0,150.0,22.0,521.0,151.0,77.0,502.0,160.0,9.0,515.0,147.0,176.0,168.0,84.0,131.0,455.0,1008.0
2018-02-14 16:00:00,8.0,511.0,149.0,0.0,535.0,148.0,15.0,527.0,147.0,4.0,489.0,148.0,3.0,522.0,150.0,4.0,498.0,159.0,1.0,517.0,147.0,202.0,185.0,105.0,114.0,279.0,1904.0
2018-02-14 17:00:00,34.0,563.0,152.0,0.0,565.0,148.0,12.0,599.0,147.0,0.0,506.0,148.0,3.0,585.0,152.0,2.0,569.0,170.0,2.0,530.0,149.0,425.0,320.0,94.0,203.0,440.0,12647.0
2018-02-14 18:00:00,49.0,708.0,166.0,0.0,606.0,159.0,3.0,629.0,154.0,0.0,509.0,153.0,3.0,695.0,162.0,2.0,601.0,193.0,8.0,553.0,164.0,531.0,469.0,92.0,289.0,622.0,10749.0
2018-02-14 19:00:00,35.0,734.0,182.0,1.0,591.0,168.0,1.0,649.0,163.0,0.0,511.0,153.0,3.0,623.0,168.0,1.0,560.0,189.0,5.0,556.0,175.0,538.0,477.0,99.0,236.0,425.0,7166.0
2018-02-14 20:00:00,6.0,600.0,186.0,0.0,584.0,175.0,0.0,632.0,166.0,0.0,581.0,154.0,1.0,612.0,171.0,0.0,548.0,191.0,4.0,544.0,182.0,544.0,480.0,99.0,206.0,1028.0,6832.0
2018-02-14 21:00:00,6.0,589.0,187.0,0.0,576.0,177.0,0.0,623.0,168.0,0.0,614.0,159.0,1.0,598.0,173.0,0.0,546.0,191.0,1.0,540.0,185.0,427.0,411.0,103.0,175.0,1271.0,2240.0
2018-02-14 22:00:00,0.0,591.0,179.0,0.0,589.0,172.0,0.0,623.0,164.0,0.0,588.0,158.0,0.0,596.0,170.0,0.0,565.0,182.0,0.0,546.0,177.0,242.0,247.0,120.0,142.0,287.0,
2018-02-14 23:00:00,0.0,594.0,171.0,0.0,595.0,167.0,0.0,621.0,159.0,0.0,580.0,158.0,1.0,597.0,166.0,0.0,569.0,175.0,0.0,553.0,169.0,192.0,185.0,122.0,123.0,329.0,1005.0
2018-02-15 00:00:00,1.0,586.0,168.0,0.0,604.0,165.0,0.0,619.0,157.0,0.0,575.0,158.0,1.0,592.0,166.0,0.0,565.0,174.0,0.0,556.0,168.0,220.0,201.0,120.0,119.0,334.0,1904.0
2018-02-15 01:00:00,1.0,578.0,169.0,0.0,613.0,164.0,0.0,617.0,156.0,0.0,570.0,157.0,0.0,584.0,166.0,0.0,552.0,175.0,0.0,552.0,168.0,271.0,230.0,124.0,120.0,310.0,1120.0
2018-02-15 02:00:00,1.0,572.0,169.0,0.0,620.0,163.0,0.0,619.0,155.0,0.0,571.0,157.0,1.0,578.0,166.0,0.0,545.0,176.0,0.0,550.0,168.0,242.0,226.0,124.0,120.0,323.0,1568.0
2018-02-15 03:00:00,0.0,567.0,169.0,0.0,628.0,163.0,0.0,617.0,154.0,0.0,572.0,157.0,1.0,574.0,166.0,0.0,540.0,176.0,0.0,548.0,168.0,240.0,223.0,118.0,120.0,334.0,1904.0
2018-02-15 04:00:00,1.0,561.0,169.0,0.0,631.0,162.0,0.0,616.0,154.0,0.0,570.0,157.0,1.0,568.0,166.0,0.0,534.0,176.0,0.0,546.0,167.0,251.0,230.0,117.0,120.0,346.0,2016.0
2018-02-15 05:00:00,0.0,559.0,170.0,0.0,640.0,162.0,0.0,614.0,153.0,0.0,572.0,155.0,0.0,568.0,166.0,0.0,530.0,177.0,0.0,545.0,167.0,255.0,234.0,111.0,120.0,286.0,2016.0
2018-02-15 06:00:00,0.0,550.0,170.0,0.0,643.0,162.0,0.0,607.0,153.0,0.0,569.0,154.0,0.0,560.0,166.0,0.0,522.0,178.0,0.0,542.0,168.0,266.0,242.0,121.0,120.0,281.0,3136.0
2018-02-15 07:00:00,11.0,543.0,170.0,0.0,645.0,162.0,3.0,604.0,153.0,0.0,568.0,153.0,1.0,554.0,166.0,0.0,514.0,178.0,0.0,539.0,168.0,291.0,254.0,120.0,131.0,314.0,3248.0
2018-02-15 08:00:00,21.0,566.0,176.0,0.0,614.0,168.0,22.0,601.0,160.0,0.0,571.0,153.0,3.0,568.0,172.0,5.0,519.0,192.0,4.0,539.0,178.0,545.0,473.0,103.0,210.0,438.0,9741.0
2018-02-15 09:00:00,59.0,768.0,190.0,52.0,608.0,178.0,10.0,651.0,166.0,0.0,643.0,156.0,5.0,681.0,176.0,8.0,507.0,195.0,83.0,548.0,187.0,565.0,455.0,94.0,301.0,445.0,13327.0
2018-02-15 10:00:00,41.0,612.0,190.0,48.0,573.0,186.0,12.0,590.0,169.0,1.0,624.0,162.0,6.0,574.0,178.0,13.0,501.0,199.0,50.0,517.0,193.0,531.0,471.0,138.0,164.0,271.0,6720.0
2018-02-15 11:00:00,45.0,594.0,191.0,32.0,561.0,188.0,9.0,582.0,171.0,1.0,603.0,163.0,6.0,561.0,181.0,15.0,500.0,202.0,33.0,507.0,197.0,514.0,459.0,125.0,190.0,536.0,6720.0
2018-02-15 12:00:00,64.0,552.0,196.0,0.0,574.0,189.0,0.0,569.0,173.0,3.0,591.0,161.0,8.0,564.0,184.0,25.0,500.0,203.0,46.0,504.0,200.0,509.0,455.0,129.0,158.0,532.0,5936.0
2018-02-15 13:00:00,47.0,521.0,198.0,0.0,577.0,190.0,0.0,554.0,174.0,5.0,585.0,161.0,7.0,552.0,186.0,23.0,493.0,204.0,44.0,495.0,201.0,489.0,443.0,144.0,145.0,530.0,5264.0
2018-02-15 14:00:00,40.0,529.0,200.0,10.0,564.0,191.0,10.0,570.0,176.0,15.0,583.0,161.0,10.0,554.0,187.0,40.0,500.0,203.0,44.0,497.0,202.0,457.0,415.0,100.0,222.0,663.0,5152.0
2018-02-15 15:00:00,55.0,603.0,201.0,21.0,554.0,192.0,19.0,564.0,178.0,17.0,611.0,165.0,16.0,587.0,187.0,68.0,533.0,202.0,27.0,503.0,202.0,478.0,405.0,92.0,249.0,986.0,10973.0
2018-02-15 16:00:00,57.0,850.0,209.0,8.0,560.0,192.0,14.0,588.0,180.0,6.0,614.0,170.0,6.0,630.0,187.0,16.0,552.0,204.0,9.0,517.0,203.0,438.0,395.0,100.0,227.0,875.0,4927.0
2018-02-15 17:00:00,25.0,735.0,210.0,0.0,569.0,192.0,14.0,629.0,180.0,0.0,622.0,169.0,4.0,658.0,188.0,0.0,583.0,204.0,1.0,530.0,203.0,466.0,385.0,86.0,262.0,970.0,6606.0
2018-02-15 18:00:00,5.0,647.0,203.0,0.0,571.0,192.0,19.0,619.0,180.0,0.0,557.0,165.0,3.0,622.0,189.0,0.0,563.0,204.0,3.0,527.0,204.0,457.0,407.0,100.0,212.0,1432.0,5152.0
2018-02-15 19:00:00,4.0,640.0,200.0,2.0,581.0,194.0,5.0,630.0,180.0,0.0,551.0,164.0,4.0,612.0,190.0,0.0,564.0,201.0,6.0,524.0,207.0,447.0,398.0,122.0,211.0,411.0,4703.0
2018-02-15 20:00:00,8.0,615.0,199.0,2.0,578.0,195.0,0.0,615.0,180.0,0.0,600.0,167.0,4.0,601.0,190.0,0.0,557.0,202.0,5.0,520.0,207.0,441.0,391.0,128.0,158.0,367.0,5264.0
2018-02-15 21:00:00,2.0,597.0,199.0,2.0,576.0,194.0,0.0,595.0,178.0,0.0,623.0,175.0,4.0,582.0,191.0,0.0,533.0,205.0,1.0,516.0,205.0,426.0,380.0,123.0,228.0,291.0,4364.0
2018-02-15 22:00:00,0.0,575.0,198.0,0.0,576.0,193.0,0.0,582.0,177.0,0.0,607.0,174.0,0.0,573.0,190.0,0.0,523.0,205.0,0.0,512.0,203.0,331.0,318.0,139.0,169.0,253.0,672.0
2018-02-15 23:00:00,5.0,563.0,192.0,0.0,582.0,189.0,0.0,582.0,173.0,0.0,586.0,172.0,0.0,571.0,187.0,0.0,530.0,197.0,0.0,515.0,195.0,206.0,207.0,133.0,135.0,285.0,
2018-02-16 00:00:00,0.0,561.0,185.0,0.0,584.0,185.0,0.0,578.0,169.0,0.0,577.0,170.0,0.0,568.0,183.0,,,,0.0,522.0,189.0,155.0,158.0,117.0,123.0,252.0,
2018-02-16 01:00:00,0.0,559.0,182.0,0.0,587.0,184.0,0.0,573.0,167.0,0.0,572.0,170.0,0.0,564.0,181.0,,,,0.0,525.0,186.0,140.0,143.0,120.0,120.0,326.0,
2018-02-16 03:00:00,0.0,563.0,172.0,0.0,596.0,178.0,0.0,572.0,160.0,0.0,575.0,165.0,0.0,555.0,175.0,0.0,546.0,176.0,0.0,531.0,176.0,115.0,115.0,112.0,113.0,232.0,
2018-02-16 06:00:00,0.0,568.0,165.0,0.0,606.0,173.0,0.0,578.0,155.0,0.0,577.0,161.0,0.0,554.0,170.0,0.0,548.0,170.0,0.0,536.0,169.0,105.0,106.0,110.0,108.0,298.0,
2018-02-16 07:00:00,5.0,587.0,165.0,2.0,620.0,170.0,19.0,593.0,154.0,0.0,584.0,159.0,6.0,562.0,167.0,8.0,554.0,169.0,0.0,542.0,166.0,568.0,365.0,81.0,173.0,464.0,3919.0
2018-02-16 08:00:00,27.0,592.0,174.0,27.0,604.0,176.0,25.0,604.0,161.0,2.0,588.0,164.0,7.0,568.0,173.0,6.0,532.0,187.0,12.0,538.0,178.0,533.0,470.0,88.0,256.0,426.0,7279.0
2018-02-16 09:00:00,52.0,853.0,192.0,81.0,581.0,184.0,27.0,654.0,167.0,8.0,606.0,168.0,6.0,644.0,178.0,9.0,521.0,193.0,98.0,536.0,188.0,537.0,441.0,86.0,298.0,492.0,13327.0
2018-02-16 10:00:00,45.0,663.0,191.0,56.0,574.0,182.0,17.0,609.0,168.0,8.0,597.0,171.0,9.0,581.0,177.0,15.0,525.0,193.0,59.0,532.0,187.0,297.0,301.0,123.0,158.0,329.0,
2018-02-16 11:00:00,58.0,595.0,183.0,31.0,573.0,176.0,17.0,599.0,164.0,7.0,580.0,169.0,9.0,572.0,173.0,20.0,534.0,184.0,41.0,537.0,178.0,189.0,195.0,124.0,127.0,303.0,
2018-02-16 12:00:00,70.0,582.0,175.0,34.0,569.0,172.0,30.0,595.0,161.0,13.0,571.0,167.0,11.0,566.0,170.0,26.0,543.0,177.0,54.0,540.0,172.0,145.0,150.0,118.0,117.0,287.0,
2018-02-16 13:00:00,48.0,578.0,169.0,40.0,566.0,170.0,42.0,591.0,159.0,21.0,565.0,165.0,13.0,563.0,168.0,28.0,548.0,172.0,50.0,542.0,168.0,124.0,128.0,113.0,112.0,280.0,
2018-02-16 14:00:00,35.0,576.0,166.0,31.0,567.0,167.0,51.0,588.0,158.0,31.0,564.0,164.0,17.0,563.0,166.0,39.0,552.0,169.0,45.0,544.0,166.0,114.0,117.0,110.0,109.0,300.0,
2018-02-16 15:00:00,36.0,579.0,165.0,25.0,569.0,166.0,122.0,587.0,158.0,50.0,565.0,164.0,43.0,566.0,165.0,54.0,552.0,169.0,33.0,547.0,165.0,301.0,231.0,106.0,109.0,457.0,9631.0
2018-02-16 16:00:00,12.0,582.0,178.0,10.0,570.0,177.0,47.0,596.0,168.0,17.0,554.0,179.0,23.0,563.0,176.0,12.0,516.0,192.0,14.0,537.0,181.0,552.0,489.0,108.0,126.0,1059.0,8947.0
2018-02-16 17:00:00,1.0,555.0,189.0,0.0,564.0,185.0,19.0,596.0,173.0,0.0,541.0,189.0,1.0,561.0,182.0,2.0,518.0,200.0,3.0,525.0,192.0,544.0,484.0,104.0,136.0,2242.0,8284.0
2018-02-16 18:00:00,29.0,791.0,198.0,0.0,566.0,189.0,13.0,595.0,177.0,0.0,542.0,194.0,2.0,576.0,185.0,4.0,555.0,201.0,3.0,525.0,196.0,515.0,453.0,81.0,368.0,1515.0,14111.0
2018-02-16 19:00:00,6.0,804.0,205.0,0.0,570.0,192.0,6.0,610.0,180.0,0.0,541.0,198.0,1.0,613.0,188.0,6.0,662.0,218.0,3.0,524.0,200.0,495.0,446.0,81.0,252.0,1241.0,8399.0
2018-02-16 20:00:00,1.0,675.0,203.0,0.0,587.0,193.0,0.0,612.0,181.0,0.0,550.0,201.0,1.0,658.0,191.0,0.0,574.0,224.0,5.0,546.0,202.0,471.0,418.0,106.0,187.0,367.0,6383.0
2018-02-16 21:00:00,14.0,630.0,204.0,0.0,583.0,194.0,0.0,609.0,182.0,0.0,567.0,201.0,1.0,615.0,192.0,1.0,560.0,212.0,4.0,556.0,204.0,427.0,396.0,97.0,225.0,1587.0,4144.0
2018-02-16 22:00:00,2.0,624.0,198.0,1.0,608.0,191.0,0.0,610.0,179.0,0.0,588.0,196.0,1.0,627.0,189.0,0.0,585.0,202.0,5.0,571.0,201.0,253.0,256.0,84.0,156.0,1541.0,
2018-02-16 23:00:00,0.0,612.0,190.0,0.0,598.0,186.0,0.0,610.0,176.0,0.0,581.0,191.0,1.0,616.0,186.0,0.0,589.0,196.0,6.0,571.0,195.0,181.0,184.0,108.0,130.0,543.0,
2018-02-17 00:00:00,0.0,605.0,184.0,0.0,599.0,183.0,0.0,604.0,173.0,0.0,576.0,188.0,1.0,600.0,184.0,0.0,586.0,191.0,5.0,573.0,191.0,187.0,176.0,119.0,123.0,515.0,895.0
2018-02-17 03:00:00,1.0,596.0,181.0,0.0,610.0,179.0,0.0,602.0,169.0,0.0,574.0,183.0,1.0,593.0,182.0,0.0,575.0,188.0,0.0,566.0,186.0,162.0,163.0,120.0,129.0,215.0,
2018-02-17 05:00:00,1.0,598.0,173.0,0.0,612.0,175.0,0.0,599.0,165.0,0.0,575.0,177.0,1.0,585.0,176.0,0.0,575.0,179.0,0.0,570.0,175.0,120.0,120.0,115.0,115.0,331.0,
2018-02-17 06:00:00,1.0,598.0,172.0,0.0,614.0,175.0,0.0,601.0,164.0,0.0,576.0,177.0,1.0,584.0,176.0,0.0,575.0,179.0,0.0,570.0,174.0,116.0,118.0,115.0,113.0,,
2018-02-17 08:00:00,13.0,603.0,166.0,0.0,617.0,171.0,0.0,602.0,160.0,0.0,583.0,171.0,2.0,582.0,171.0,2.0,576.0,173.0,0.0,571.0,168.0,110.0,108.0,110.0,110.0,297.0,
2018-02-17 10:00:00,56.0,759.0,195.0,,613.0,185.0,21.0,,,15.0,575.0,183.0,10.0,,,,540.0,202.0,40.0,552.0,190.0,,,,,769.0,
2018-02-17 11:00:00,56.0,641.0,190.0,63.0,566.0,182.0,24.0,572.0,169.0,19.0,525.0,179.0,11.0,523.0,176.0,24.0,446.0,193.0,46.0,499.0,186.0,288.0,286.0,87.0,170.0,2253.0,
2018-02-17 12:00:00,90.0,514.0,173.0,48.0,490.0,173.0,35.0,498.0,158.0,28.0,467.0,163.0,14.0,491.0,167.0,30.0,445.0,180.0,54.0,450.0,173.0,174.0,177.0,80.0,137.0,528.0,112.0
2018-02-17 13:00:00,49.0,543.0,167.0,34.0,507.0,171.0,29.0,530.0,159.0,40.0,506.0,162.0,13.0,524.0,167.0,29.0,493.0,179.0,62.0,486.0,172.0,371.0,287.0,78.0,149.0,837.0,9183.0
2018-02-17 14:00:00,54.0,650.0,177.0,46.0,551.0,178.0,0.0,551.0,166.0,92.0,557.0,173.0,23.0,563.0,175.0,81.0,530.0,195.0,102.0,506.0,185.0,427.0,398.0,113.0,153.0,352.0,3471.0
2018-02-17 15:00:00,25.0,638.0,182.0,23.0,554.0,182.0,52.0,567.0,172.0,30.0,554.0,179.0,25.0,566.0,179.0,29.0,509.0,196.0,27.0,524.0,191.0,501.0,437.0,133.0,141.0,590.0,7275.0
2018-02-17 16:00:00,18.0,594.0,187.0,13.0,560.0,187.0,100.0,580.0,177.0,24.0,554.0,184.0,37.0,584.0,182.0,18.0,540.0,198.0,13.0,523.0,200.0,471.0,428.0,126.0,198.0,404.0,5148.0
2018-02-17 17:00:00,2.0,586.0,190.0,0.0,560.0,188.0,0.0,587.0,178.0,0.0,560.0,185.0,1.0,581.0,184.0,0.0,551.0,196.0,4.0,512.0,204.0,452.0,414.0,132.0,178.0,355.0,5264.0
2018-02-17 18:00:00,10.0,581.0,192.0,0.0,562.0,188.0,0.0,585.0,179.0,0.0,564.0,187.0,1.0,579.0,185.0,0.0,553.0,196.0,3.0,508.0,205.0,440.0,402.0,117.0,199.0,428.0,5152.0
2018-02-17 19:00:00,2.0,580.0,193.0,0.0,566.0,187.0,5.0,594.0,180.0,0.0,563.0,188.0,1.0,580.0,185.0,0.0,552.0,197.0,3.0,509.0,206.0,394.0,360.0,118.0,221.0,1444.0,3472.0
2018-02-17 20:00:00,3.0,577.0,192.0,0.0,575.0,186.0,0.0,603.0,179.0,0.0,565.0,189.0,1.0,595.0,187.0,0.0,545.0,207.0,4.0,515.0,203.0,333.0,311.0,105.0,176.0,1517.0,3136.0
2018-02-17 21:00:00,1.0,567.0,191.0,0.0,574.0,185.0,0.0,605.0,177.0,0.0,564.0,188.0,1.0,587.0,187.0,0.0,524.0,208.0,4.0,522.0,199.0,339.0,279.0,107.0,146.0,1231.0,3022.0
2018-02-17 22:00:00,2.0,563.0,191.0,0.0,570.0,185.0,0.0,603.0,176.0,0.0,560.0,188.0,1.0,579.0,187.0,0.0,524.0,205.0,5.0,524.0,199.0,414.0,291.0,133.0,168.0,384.0,3695.0
2018-02-17 23:00:00,0.0,566.0,191.0,0.0,564.0,184.0,0.0,603.0,176.0,0.0,553.0,188.0,1.0,569.0,187.0,0.0,527.0,202.0,5.0,521.0,201.0,401.0,308.0,143.0,157.0,452.0,3470.0
2018-02-18 00:00:00,4.0,576.0,191.0,0.0,566.0,184.0,0.0,604.0,177.0,0.0,550.0,188.0,1.0,568.0,187.0,0.0,527.0,201.0,5.0,518.0,202.0,375.0,300.0,129.0,241.0,438.0,1455.0
2018-02-18 01:00:00,4.0,565.0,189.0,0.0,576.0,182.0,0.0,603.0,176.0,0.0,551.0,187.0,1.0,565.0,186.0,0.0,529.0,198.0,0.0,514.0,197.0,218.0,217.0,136.0,177.0,287.0,
2018-02-18 02:00:00,1.0,557.0,184.0,0.0,582.0,180.0,0.0,600.0,174.0,0.0,556.0,185.0,1.0,562.0,183.0,0.0,530.0,192.0,0.0,517.0,189.0,162.0,163.0,123.0,136.0,288.0,
2018-02-18 03:00:00,1.0,557.0,181.0,0.0,587.0,178.0,,,,0.0,561.0,183.0,1.0,557.0,181.0,0.0,530.0,188.0,0.0,519.0,184.0,141.0,142.0,124.0,126.0,249.0,
2018-02-18 04:00:00,1.0,555.0,177.0,0.0,594.0,177.0,0.0,,,0.0,562.0,180.0,1.0,551.0,179.0,0.0,529.0,183.0,0.0,519.0,180.0,127.0,129.0,120.0,120.0,229.0,
2018-02-18 05:00:00,1.0,554.0,174.0,0.0,596.0,175.0,0.0,,,0.0,566.0,178.0,1.0,548.0,176.0,0.0,529.0,180.0,0.0,519.0,176.0,120.0,121.0,117.0,117.0,263.0,
2018-02-18 06:00:00,1.0,556.0,171.0,0.0,596.0,173.0,0.0,597.0,167.0,0.0,570.0,177.0,1.0,547.0,175.0,0.0,531.0,177.0,0.0,519.0,174.0,115.0,116.0,115.0,115.0,345.0,
2018-02-18 07:00:00,1.0,558.0,169.0,0.0,600.0,172.0,0.0,597.0,164.0,0.0,573.0,175.0,1.0,548.0,173.0,0.0,534.0,176.0,0.0,520.0,171.0,113.0,113.0,114.0,113.0,298.0,
2018-02-18 08:00:00,7.0,567.0,167.0,0.0,602.0,170.0,22.0,584.0,164.0,0.0,575.0,173.0,2.0,554.0,171.0,2.0,542.0,174.0,3.0,523.0,169.0,218.0,117.0,97.0,131.0,250.0,112.0
2018-02-18 09:00:00,26.0,547.0,166.0,0.0,601.0,169.0,26.0,555.0,163.0,1.0,543.0,171.0,4.0,542.0,169.0,7.0,529.0,172.0,26.0,530.0,166.0,440.0,155.0,91.0,192.0,401.0,5036.0
2018-02-18 10:00:00,44.0,573.0,172.0,0.0,625.0,175.0,33.0,563.0,167.0,7.0,557.0,173.0,6.0,551.0,174.0,9.0,524.0,184.0,33.0,545.0,177.0,560.0,471.0,127.0,138.0,488.0,10527.0
2018-02-18 11:00:00,54.0,510.0,179.0,0.0,596.0,184.0,39.0,583.0,174.0,9.0,559.0,179.0,7.0,560.0,180.0,12.0,512.0,196.0,32.0,531.0,190.0,539.0,481.0,118.0,186.0,371.0,8399.0
2018-02-18 12:00:00,65.0,509.0,180.0,20.0,582.0,190.0,11.0,598.0,179.0,9.0,559.0,184.0,7.0,564.0,184.0,11.0,526.0,199.0,21.0,518.0,196.0,538.0,454.0,100.0,282.0,454.0,9855.0
2018-02-18 13:00:00,73.0,720.0,196.0,26.0,573.0,190.0,0.0,608.0,179.0,6.0,560.0,191.0,5.0,581.0,186.0,7.0,555.0,201.0,14.0,524.0,197.0,523.0,397.0,101.0,342.0,1233.0,5486.0
2018-02-18 14:00:00,50.0,681.0,197.0,31.0,600.0,187.0,4.0,620.0,178.0,6.0,570.0,188.0,6.0,604.0,184.0,9.0,559.0,201.0,15.0,532.0,192.0,332.0,267.0,132.0,195.0,270.0,
2018-02-18 15:00:00,15.0,579.0,189.0,15.0,592.0,183.0,12.0,611.0,175.0,3.0,563.0,185.0,4.0,595.0,181.0,5.0,557.0,194.0,7.0,549.0,185.0,273.0,197.0,135.0,140.0,242.0,1008.0
2018-02-18 16:00:00,18.0,590.0,185.0,12.0,584.0,180.0,2.0,599.0,174.0,2.0,561.0,183.0,3.0,590.0,180.0,3.0,560.0,190.0,6.0,550.0,183.0,437.0,229.0,120.0,160.0,252.0,3472.0
2018-02-18 17:00:00,15.0,622.0,189.0,2.0,584.0,182.0,13.0,600.0,175.0,0.0,578.0,185.0,2.0,585.0,183.0,2.0,558.0,195.0,8.0,550.0,188.0,557.0,414.0,116.0,209.0,1050.0,7504.0
2018-02-18 18:00:00,42.0,799.0,198.0,2.0,652.0,187.0,2.0,703.0,181.0,0.0,637.0,189.0,3.0,700.0,189.0,4.0,612.0,217.0,6.0,569.0,193.0,506.0,336.0,76.0,356.0,2460.0,6267.0
2018-02-18 19:00:00,1.0,797.0,201.0,2.0,691.0,189.0,0.0,710.0,183.0,0.0,651.0,191.0,1.0,699.0,192.0,1.0,612.0,228.0,4.0,589.0,194.0,316.0,287.0,100.0,205.0,542.0,2688.0
2018-02-18 20:00:00,2.0,683.0,197.0,2.0,655.0,188.0,0.0,693.0,181.0,0.0,632.0,191.0,1.0,661.0,192.0,0.0,560.0,219.0,5.0,599.0,193.0,329.0,293.0,109.0,186.0,1494.0,3805.0
2018-02-18 21:00:00,0.0,672.0,196.0,2.0,640.0,188.0,0.0,673.0,180.0,0.0,613.0,191.0,1.0,645.0,192.0,0.0,570.0,213.0,5.0,590.0,194.0,338.0,310.0,98.0,178.0,2099.0,2800.0
2018-02-18 22:00:00,8.0,668.0,196.0,0.0,637.0,188.0,0.0,665.0,180.0,0.0,612.0,192.0,1.0,647.0,192.0,0.0,576.0,211.0,2.0,588.0,196.0,308.0,294.0,92.0,195.0,570.0,1904.0
2018-02-18 23:00:00,1.0,622.0,194.0,0.0,626.0,186.0,0.0,658.0,179.0,0.0,616.0,192.0,1.0,625.0,191.0,0.0,569.0,206.0,0.0,581.0,192.0,221.0,220.0,122.0,155.0,252.0,
2018-02-19 00:00:00,1.0,605.0,190.0,0.0,614.0,184.0,0.0,652.0,177.0,0.0,617.0,190.0,1.0,605.0,188.0,0.0,566.0,200.0,0.0,581.0,188.0,170.0,171.0,130.0,135.0,243.0,
2018-02-19 01:00:00,1.0,601.0,185.0,0.0,608.0,182.0,0.0,649.0,176.0,0.0,619.0,189.0,1.0,594.0,186.0,0.0,569.0,195.0,0.0,580.0,184.0,146.0,147.0,129.0,127.0,215.0,
2018-02-19 02:00:00,0.0,602.0,182.0,0.0,603.0,180.0,0.0,646.0,174.0,0.0,621.0,187.0,1.0,591.0,184.0,0.0,571.0,190.0,0.0,579.0,181.0,132.0,133.0,125.0,123.0,268.0,
2018-02-19 03:00:00,0.0,607.0,179.0,0.0,600.0,178.0,0.0,644.0,173.0,0.0,633.0,185.0,1.0,588.0,182.0,0.0,573.0,187.0,0.0,578.0,178.0,125.0,125.0,121.0,120.0,249.0,
2018-02-19 04:00:00,0.0,608.0,176.0,0.0,598.0,177.0,0.0,643.0,171.0,0.0,635.0,184.0,0.0,589.0,180.0,0.0,573.0,184.0,0.0,578.0,176.0,120.0,121.0,120.0,119.0,254.0,
2018-02-19 05:00:00,0.0,609.0,174.0,0.0,596.0,175.0,0.0,641.0,170.0,0.0,644.0,183.0,1.0,590.0,178.0,0.0,575.0,182.0,0.0,578.0,174.0,118.0,118.0,119.0,118.0,231.0,
2018-02-19 06:00:00,1.0,610.0,173.0,0.0,596.0,174.0,0.0,635.0,169.0,0.0,648.0,181.0,1.0,592.0,177.0,0.0,577.0,180.0,0.0,579.0,173.0,115.0,115.0,115.0,116.0,292.0,
2018-02-19 07:00:00,39.0,850.0,181.0,0.0,615.0,174.0,13.0,654.0,170.0,0.0,650.0,181.0,2.0,620.0,177.0,1.0,595.0,182.0,0.0,588.0,174.0,367.0,264.0,84.0,284.0,582.0,14558.0
2018-02-19 08:00:00,9.0,820.0,191.0,1.0,641.0,179.0,3.0,672.0,175.0,0.0,648.0,185.0,2.0,684.0,183.0,0.0,633.0,195.0,3.0,608.0,183.0,388.0,348.0,103.0,252.0,337.0,2799.0
2018-02-19 09:00:00,13.0,678.0,186.0,10.0,638.0,178.0,5.0,664.0,174.0,2.0,622.0,184.0,3.0,653.0,182.0,3.0,610.0,193.0,7.0,600.0,181.0,222.0,222.0,129.0,148.0,249.0,
2018-02-19 10:00:00,24.0,656.0,181.0,21.0,630.0,176.0,12.0,649.0,173.0,6.0,612.0,181.0,6.0,634.0,180.0,8.0,604.0,188.0,15.0,605.0,177.0,169.0,171.0,129.0,131.0,233.0,
2018-02-19 11:00:00,33.0,648.0,177.0,28.0,627.0,174.0,18.0,642.0,171.0,9.0,609.0,179.0,8.0,622.0,178.0,12.0,600.0,184.0,21.0,607.0,174.0,142.0,145.0,125.0,124.0,268.0,
2018-02-19 12:00:00,38.0,644.0,174.0,34.0,625.0,173.0,22.0,638.0,170.0,12.0,608.0,177.0,9.0,617.0,177.0,15.0,599.0,181.0,26.0,608.0,173.0,130.0,132.0,121.0,121.0,233.0,
2018-02-19 13:00:00,39.0,643.0,172.0,35.0,623.0,172.0,25.0,635.0,169.0,13.0,608.0,175.0,10.0,615.0,175.0,16.0,602.0,179.0,27.0,608.0,171.0,122.0,124.0,120.0,119.0,250.0,
2018-02-19 14:00:00,32.0,643.0,171.0,28.0,623.0,171.0,24.0,633.0,168.0,13.0,608.0,174.0,9.0,614.0,174.0,14.0,604.0,177.0,22.0,609.0,170.0,119.0,119.0,119.0,118.0,229.0,
2018-02-19 15:00:00,23.0,643.0,170.0,21.0,623.0,170.0,16.0,632.0,167.0,8.0,608.0,173.0,6.0,614.0,173.0,9.0,605.0,175.0,16.0,610.0,168.0,115.0,117.0,115.0,117.0,255.0,
2018-02-19 16:00:00,9.0,643.0,168.0,7.0,624.0,169.0,9.0,631.0,166.0,4.0,608.0,172.0,4.0,613.0,172.0,3.0,606.0,174.0,6.0,611.0,167.0,115.0,115.0,115.0,115.0,236.0,
2018-02-19 17:00:00,1.0,643.0,167.0,0.0,624.0,167.0,0.0,630.0,165.0,0.0,607.0,171.0,1.0,613.0,171.0,0.0,606.0,173.0,0.0,612.0,166.0,115.0,113.0,115.0,115.0,228.0,
2018-02-19 18:00:00,11.0,659.0,170.0,0.0,627.0,170.0,14.0,636.0,166.0,0.0,620.0,171.0,1.0,619.0,173.0,0.0,611.0,178.0,1.0,613.0,170.0,440.0,352.0,99.0,236.0,503.0,12430.0
2018-02-19 19:00:00,0.0,654.0,185.0,2.0,617.0,181.0,0.0,652.0,174.0,0.0,632.0,179.0,1.0,610.0,182.0,0.0,577.0,193.0,3.0,596.0,185.0,524.0,470.0,130.0,170.0,373.0,8064.0
2018-02-19 20:00:00,0.0,623.0,191.0,5.0,612.0,187.0,0.0,653.0,179.0,0.0,623.0,185.0,1.0,607.0,186.0,0.0,567.0,198.0,3.0,579.0,193.0,504.0,456.0,148.0,151.0,354.0,6608.0
2018-02-19 21:00:00,9.0,630.0,195.0,4.0,610.0,191.0,0.0,652.0,182.0,0.0,613.0,188.0,1.0,610.0,188.0,0.0,571.0,200.0,3.0,573.0,197.0,506.0,431.0,126.0,247.0,347.0,6048.0
2018-02-19 22:00:00,8.0,628.0,197.0,0.0,608.0,192.0,0.0,653.0,183.0,0.0,611.0,191.0,1.0,620.0,189.0,0.0,586.0,200.0,4.0,584.0,199.0,539.0,398.0,104.0,291.0,1013.0,5600.0
2018-02-19 23:00:00,0.0,625.0,196.0,0.0,615.0,189.0,0.0,650.0,183.0,0.0,611.0,191.0,1.0,623.0,188.0,0.0,596.0,197.0,5.0,589.0,196.0,353.0,293.0,116.0,207.0,1192.0,
2018-02-20 00:00:00,1.0,622.0,190.0,0.0,618.0,185.0,0.0,649.0,179.0,0.0,614.0,188.0,1.0,622.0,185.0,0.0,605.0,191.0,6.0,595.0,191.0,212.0,201.0,135.0,147.0,391.0,
2018-02-20 01:00:00,1.0,622.0,188.0,0.0,618.0,184.0,0.0,648.0,178.0,0.0,618.0,186.0,1.0,623.0,184.0,0.0,607.0,189.0,6.0,596.0,190.0,181.0,176.0,135.0,138.0,477.0,
2018-02-20 03:00:00,1.0,624.0,182.0,0.0,635.0,181.0,0.0,640.0,174.0,0.0,617.0,183.0,1.0,610.0,182.0,0.0,598.0,185.0,0.0,592.0,184.0,384.0,197.0,132.0,131.0,226.0,
2018-02-20 05:00:00,1.0,609.0,183.0,0.0,655.0,179.0,0.0,638.0,173.0,0.0,618.0,182.0,1.0,593.0,182.0,0.0,,,0.0,,,245.0,240.0,140.0,138.0,229.0,
2018-02-20 06:00:00,1.0,609.0,183.0,0.0,654.0,179.0,0.0,640.0,173.0,0.0,617.0,182.0,1.0,594.0,182.0,0.0,573.0,188.0,0.0,579.0,183.0,226.0,226.0,129.0,168.0,278.0,
2018-02-20 08:00:00,19.0,628.0,179.0,19.0,629.0,176.0,6.0,627.0,172.0,3.0,596.0,179.0,5.0,612.0,177.0,4.0,597.0,182.0,15.0,585.0,177.0,171.0,153.0,103.0,194.0,339.0,
2018-02-20 09:00:00,37.0,627.0,175.0,129.0,617.0,176.0,11.0,620.0,170.0,8.0,589.0,177.0,9.0,611.0,175.0,7.0,596.0,179.0,118.0,583.0,176.0,145.0,139.0,122.0,137.0,313.0,
2018-02-20 10:00:00,49.0,622.0,173.0,59.0,611.0,175.0,14.0,621.0,169.0,12.0,589.0,176.0,10.0,605.0,175.0,12.0,594.0,177.0,49.0,584.0,175.0,147.0,138.0,124.0,125.0,266.0,336.0
2018-02-20 11:00:00,40.0,619.0,173.0,45.0,607.0,174.0,15.0,618.0,169.0,9.0,590.0,175.0,9.0,603.0,174.0,11.0,591.0,177.0,32.0,583.0,174.0,188.0,177.0,125.0,125.0,236.0,895.0
2018-02-20 12:00:00,58.0,616.0,173.0,41.0,602.0,173.0,32.0,614.0,169.0,19.0,590.0,175.0,12.0,600.0,174.0,19.0,586.0,178.0,51.0,580.0,174.0,196.0,186.0,126.0,125.0,294.0,1008.0
2018-02-20 13:00:00,59.0,610.0,174.0,40.0,597.0,172.0,53.0,608.0,169.0,38.0,589.0,175.0,16.0,597.0,174.0,31.0,581.0,179.0,64.0,577.0,174.0,200.0,190.0,129.0,127.0,248.0,1008.0
2018-02-20 14:00:00,44.0,605.0,174.0,46.0,590.0,172.0,90.0,601.0,169.0,76.0,579.0,176.0,26.0,596.0,174.0,59.0,576.0,179.0,70.0,578.0,173.0,185.0,183.0,130.0,127.0,261.0,336.0
2018-02-20 15:00:00,24.0,596.0,173.0,29.0,588.0,171.0,125.0,598.0,169.0,49.0,579.0,177.0,37.0,591.0,174.0,46.0,573.0,179.0,28.0,579.0,171.0,179.0,171.0,127.0,125.0,280.0,1008.0
2018-02-20 16:00:00,17.0,591.0,172.0,18.0,586.0,170.0,232.0,596.0,170.0,45.0,573.0,177.0,91.0,585.0,173.0,37.0,568.0,178.0,18.0,579.0,170.0,175.0,165.0,126.0,125.0,252.0,1232.0
2018-02-20 17:00:00,2.0,604.0,172.0,1.0,601.0,169.0,1.0,616.0,169.0,0.0,573.0,176.0,2.0,594.0,173.0,1.0,620.0,181.0,1.0,577.0,170.0,210.0,199.0,129.0,126.0,273.0,1568.0
2018-02-20 18:00:00,36.0,626.0,176.0,0.0,621.0,172.0,1.0,642.0,170.0,0.0,585.0,177.0,3.0,612.0,176.0,2.0,602.0,190.0,7.0,595.0,176.0,460.0,377.0,127.0,142.0,761.0,11311.0
2018-02-20 19:00:00,1.0,610.0,187.0,2.0,580.0,183.0,0.0,635.0,178.0,0.0,588.0,184.0,1.0,591.0,184.0,0.0,550.0,200.0,5.0,568.0,191.0,541.0,478.0,122.0,229.0,394.0,6831.0
2018-02-20 20:00:00,1.0,583.0,193.0,6.0,578.0,190.0,0.0,641.0,183.0,0.0,577.0,189.0,1.0,584.0,186.0,0.0,540.0,201.0,5.0,541.0,197.0,548.0,472.0,151.0,168.0,432.0,5711.0
2018-02-20 21:00:00,37.0,609.0,196.0,3.0,557.0,193.0,0.0,642.0,185.0,0.0,576.0,194.0,2.0,586.0,189.0,2.0,541.0,203.0,5.0,538.0,200.0,567.0,450.0,123.0,204.0,383.0,8061.0
2018-02-20 22:00:00,51.0,753.0,203.0,2.0,549.0,193.0,0.0,642.0,187.0,0.0,557.0,200.0,1.0,583.0,191.0,0.0,540.0,204.0,1.0,538.0,201.0,546.0,413.0,87.0,298.0,1055.0,11648.0
2018-02-20 23:00:00,0.0,780.0,206.0,0.0,559.0,191.0,0.0,639.0,187.0,0.0,596.0,200.0,1.0,660.0,190.0,0.0,587.0,203.0,0.0,543.0,199.0,408.0,323.0,101.0,192.0,348.0,
2018-02-21 00:00:00,0.0,674.0,195.0,0.0,559.0,186.0,0.0,635.0,183.0,0.0,606.0,195.0,1.0,612.0,186.0,0.0,583.0,195.0,0.0,550.0,192.0,236.0,220.0,131.0,147.0,296.0,
2018-02-21 01:00:00,1.0,630.0,187.0,0.0,556.0,183.0,0.0,632.0,180.0,0.0,603.0,192.0,1.0,599.0,183.0,0.0,581.0,189.0,0.0,551.0,187.0,173.0,170.0,131.0,133.0,273.0,
2018-02-21 02:00:00,1.0,615.0,182.0,0.0,554.0,181.0,0.0,630.0,179.0,0.0,613.0,190.0,1.0,593.0,182.0,0.0,577.0,186.0,0.0,551.0,184.0,150.0,150.0,130.0,130.0,213.0,
2018-02-21 04:00:00,1.0,603.0,174.0,0.0,550.0,176.0,0.0,629.0,175.0,0.0,624.0,186.0,1.0,577.0,178.0,0.0,568.0,179.0,0.0,546.0,177.0,125.0,127.0,125.0,123.0,218.0,
2018-02-21 05:00:00,1.0,603.0,174.0,0.0,550.0,176.0,0.0,628.0,175.0,0.0,622.0,186.0,1.0,576.0,178.0,0.0,567.0,179.0,0.0,546.0,177.0,125.0,125.0,124.0,123.0,343.0,
2018-02-21 07:00:00,20.0,602.0,169.0,0.0,550.0,171.0,20.0,595.0,171.0,0.0,638.0,181.0,2.0,567.0,173.0,3.0,564.0,174.0,0.0,547.0,171.0,119.0,118.0,86.0,105.0,252.0,
2018-02-21 09:00:00,43.0,585.0,180.0,104.0,537.0,178.0,14.0,567.0,176.0,9.0,573.0,183.0,10.0,575.0,178.0,12.0,519.0,194.0,108.0,518.0,183.0,567.0,290.0,76.0,344.0,1534.0,896.0
2018-02-21 10:00:00,52.0,626.0,179.0,55.0,559.0,176.0,17.0,579.0,174.0,11.0,576.0,182.0,11.0,601.0,178.0,15.0,573.0,190.0,50.0,536.0,180.0,334.0,225.0,90.0,223.0,937.0,336.0
2018-02-21 11:00:00,70.0,635.0,176.0,29.0,566.0,175.0,19.0,589.0,173.0,11.0,574.0,180.0,10.0,599.0,176.0,20.0,581.0,185.0,34.0,562.0,176.0,204.0,180.0,106.0,190.0,232.0,
2018-02-21 12:00:00,77.0,550.0,172.0,30.0,542.0,172.0,30.0,546.0,171.0,19.0,492.0,177.0,12.0,552.0,173.0,24.0,537.0,181.0,45.0,523.0,173.0,194.0,170.0,109.0,136.0,693.0,2016.0
2018-02-21 13:00:00,45.0,572.0,173.0,33.0,535.0,171.0,23.0,547.0,170.0,2.0,526.0,177.0,7.0,546.0,173.0,15.0,539.0,181.0,28.0,524.0,172.0,178.0,177.0,103.0,127.0,1033.0,
2018-02-21 14:00:00,38.0,564.0,171.0,29.0,549.0,170.0,17.0,561.0,169.0,1.0,549.0,175.0,6.0,552.0,172.0,12.0,544.0,180.0,21.0,539.0,170.0,147.0,147.0,115.0,123.0,279.0,
2018-02-21 15:00:00,25.0,563.0,169.0,15.0,548.0,168.0,8.0,563.0,167.0,0.0,562.0,174.0,4.0,551.0,171.0,5.0,541.0,177.0,11.0,545.0,167.0,131.0,131.0,120.0,120.0,287.0,
2018-02-21 16:00:00,23.0,554.0,168.0,9.0,538.0,167.0,5.0,537.0,166.0,2.0,531.0,172.0,4.0,538.0,169.0,6.0,517.0,175.0,5.0,527.0,166.0,175.0,152.0,90.0,179.0,723.0,2800.0
2018-02-21 17:00:00,6.0,565.0,169.0,3.0,557.0,167.0,13.0,564.0,166.0,0.0,535.0,172.0,1.0,565.0,170.0,0.0,566.0,179.0,0.0,534.0,167.0,190.0,184.0,89.0,158.0,3032.0,560.0
2018-02-21 18:00:00,16.0,642.0,178.0,2.0,595.0,177.0,21.0,636.0,174.0,0.0,548.0,183.0,1.0,633.0,180.0,1.0,522.0,217.0,4.0,563.0,180.0,553.0,477.0,106.0,264.0,642.0,10410.0
2018-02-21 19:00:00,2.0,629.0,188.0,2.0,572.0,183.0,11.0,611.0,180.0,0.0,542.0,193.0,1.0,579.0,185.0,2.0,522.0,211.0,4.0,547.0,191.0,519.0,466.0,102.0,283.0,393.0,5819.0
2018-02-21 20:00:00,5.0,617.0,192.0,2.0,568.0,187.0,0.0,620.0,183.0,0.0,551.0,198.0,1.0,591.0,187.0,0.0,555.0,205.0,4.0,547.0,201.0,512.0,449.0,101.0,209.0,1129.0,7167.0
2018-02-21 21:00:00,5.0,605.0,195.0,1.0,569.0,189.0,0.0,621.0,184.0,0.0,552.0,200.0,1.0,582.0,188.0,0.0,541.0,201.0,4.0,523.0,209.0,484.0,431.0,119.0,220.0,975.0,5149.0
2018-02-21 22:00:00,1.0,570.0,197.0,2.0,561.0,190.0,0.0,623.0,186.0,0.0,548.0,204.0,1.0,568.0,188.0,0.0,532.0,199.0,5.0,518.0,213.0,484.0,422.0,151.0,163.0,547.0,4703.0
2018-02-21 23:00:00,1.0,550.0,198.0,2.0,554.0,191.0,0.0,624.0,187.0,0.0,550.0,206.0,1.0,560.0,189.0,0.0,526.0,198.0,5.0,515.0,215.0,456.0,412.0,155.0,153.0,539.0,4479.0
2018-02-22 00:00:00,9.0,578.0,198.0,1.0,558.0,191.0,0.0,626.0,188.0,0.0,551.0,206.0,1.0,573.0,188.0,0.0,545.0,196.0,2.0,504.0,214.0,484.0,338.0,125.0,251.0,782.0,1566.0
2018-02-22 01:00:00,1.0,627.0,197.0,0.0,581.0,188.0,0.0,619.0,185.0,0.0,559.0,200.0,0.0,616.0,186.0,0.0,590.0,193.0,0.0,511.0,203.0,389.0,236.0,111.0,214.0,1353.0,
2018-02-22 02:00:00,1.0,611.0,190.0,0.0,577.0,185.0,0.0,614.0,182.0,0.0,567.0,196.0,0.0,612.0,184.0,0.0,590.0,189.0,0.0,522.0,195.0,230.0,190.0,129.0,149.0,270.0,
2018-02-22 05:00:00,1.0,592.0,176.0,0.0,593.0,179.0,0.0,614.0,176.0,0.0,574.0,186.0,0.0,566.0,179.0,0.0,555.0,181.0,0.0,524.0,182.0,131.0,131.0,125.0,123.0,286.0,
2018-02-22 07:00:00,48.0,932.0,181.0,2.0,595.0,176.0,2.0,600.0,173.0,0.0,568.0,180.0,3.0,568.0,175.0,5.0,563.0,176.0,3.0,528.0,175.0,334.0,127.0,66.0,347.0,431.0,4368.0
2018-02-22 08:00:00,47.0,952.0,179.0,2.0,604.0,176.0,4.0,622.0,173.0,0.0,574.0,180.0,4.0,591.0,175.0,5.0,595.0,177.0,8.0,541.0,175.0,532.0,148.0,82.0,289.0,384.0,
2018-02-22 10:00:00,62.0,730.0,169.0,67.0,573.0,173.0,18.0,578.0,169.0,12.0,550.0,175.0,8.0,578.0,171.0,12.0,570.0,173.0,60.0,549.0,171.0,154.0,136.0,120.0,123.0,269.0,
2018-02-22 12:00:00,43.0,687.0,177.0,43.0,611.0,178.0,10.0,654.0,174.0,14.0,607.0,179.0,11.0,624.0,179.0,21.0,596.0,204.0,37.0,556.0,189.0,469.0,431.0,121.0,132.0,324.0,3024.0
2018-02-22 13:00:00,32.0,588.0,185.0,29.0,574.0,183.0,0.0,634.0,177.0,8.0,572.0,183.0,8.0,568.0,182.0,16.0,521.0,204.0,24.0,511.0,197.0,459.0,421.0,89.0,178.0,1603.0,5374.0
2018-02-22 14:00:00,30.0,610.0,187.0,16.0,573.0,182.0,9.0,610.0,178.0,4.0,565.0,184.0,5.0,583.0,182.0,7.0,541.0,201.0,13.0,511.0,196.0,331.0,328.0,87.0,187.0,1229.0,448.0
2018-02-22 15:00:00,15.0,592.0,183.0,8.0,577.0,178.0,5.0,595.0,175.0,2.0,562.0,182.0,3.0,584.0,179.0,3.0,551.0,194.0,7.0,527.0,186.0,211.0,212.0,119.0,141.0,261.0,
2018-02-22 16:00:00,12.0,580.0,177.0,2.0,575.0,175.0,2.0,585.0,172.0,0.0,556.0,179.0,1.0,577.0,176.0,0.0,554.0,188.0,1.0,542.0,178.0,234.0,196.0,112.0,178.0,1393.0,5264.0
2018-02-22 17:00:00,1.0,642.0,183.0,0.0,575.0,183.0,19.0,599.0,176.0,0.0,579.0,185.0,1.0,637.0,184.0,1.0,565.0,213.0,5.0,523.0,197.0,526.0,476.0,109.0,218.0,2218.0,7053.0
2018-02-22 18:00:00,30.0,687.0,191.0,0.0,606.0,188.0,1.0,655.0,183.0,0.0,602.0,191.0,2.0,675.0,190.0,0.0,568.0,224.0,4.0,526.0,207.0,507.0,418.0,97.0,235.0,666.0,8726.0
2018-02-22 19:00:00,6.0,640.0,198.0,2.0,592.0,190.0,2.0,622.0,184.0,0.0,581.0,194.0,1.0,602.0,191.0,0.0,536.0,214.0,4.0,513.0,214.0,481.0,434.0,108.0,221.0,390.0,5709.0
2018-02-22 20:00:00,1.0,579.0,202.0,5.0,592.0,193.0,0.0,629.0,185.0,0.0,574.0,196.0,1.0,583.0,191.0,0.0,532.0,208.0,3.0,506.0,211.0,458.0,413.0,143.0,164.0,557.0,5822.0
2018-02-22 21:00:00,16.0,589.0,204.0,0.0,572.0,193.0,0.0,632.0,184.0,0.0,567.0,198.0,1.0,584.0,192.0,0.0,540.0,205.0,3.0,518.0,205.0,390.0,367.0,102.0,211.0,983.0,2576.0
2018-02-22 22:00:00,0.0,583.0,198.0,0.0,568.0,190.0,0.0,622.0,182.0,0.0,568.0,196.0,1.0,578.0,189.0,0.0,555.0,199.0,5.0,527.0,198.0,241.0,243.0,105.0,149.0,1478.0,
2018-02-22 23:00:00,1.0,573.0,190.0,0.0,566.0,186.0,0.0,614.0,180.0,0.0,574.0,191.0,1.0,585.0,186.0,0.0,559.0,194.0,5.0,531.0,192.0,173.0,176.0,126.0,132.0,487.0,
2018-02-23 00:00:00,1.0,572.0,185.0,0.0,565.0,184.0,0.0,612.0,177.0,0.0,576.0,188.0,1.0,574.0,184.0,0.0,552.0,190.0,3.0,535.0,188.0,146.0,149.0,114.0,133.0,369.0,
2018-02-23 03:00:00,1.0,557.0,174.0,0.0,557.0,177.0,0.0,609.0,172.0,0.0,578.0,182.0,0.0,552.0,177.0,0.0,536.0,180.0,0.0,525.0,178.0,120.0,120.0,119.0,118.0,237.0,
2018-02-23 05:00:00,1.0,554.0,167.0,0.0,549.0,171.0,0.0,609.0,167.0,0.0,594.0,178.0,1.0,543.0,172.0,0.0,529.0,174.0,0.0,518.0,170.0,110.0,113.0,115.0,113.0,258.0,
2018-02-23 06:00:00,1.0,554.0,167.0,0.0,548.0,171.0,0.0,609.0,167.0,0.0,595.0,178.0,1.0,544.0,171.0,0.0,529.0,174.0,0.0,518.0,170.0,110.0,111.0,113.0,113.0,315.0,
2018-02-23 08:00:00,62.0,644.0,183.0,75.0,551.0,181.0,31.0,594.0,174.0,7.0,592.0,181.0,4.0,583.0,178.0,5.0,526.0,198.0,42.0,523.0,186.0,571.0,478.0,111.0,215.0,372.0,8848.0
2018-02-23 09:00:00,43.0,777.0,195.0,96.0,547.0,185.0,16.0,619.0,177.0,7.0,613.0,185.0,8.0,659.0,181.0,8.0,566.0,199.0,77.0,530.0,191.0,475.0,421.0,96.0,294.0,444.0,3920.0
2018-02-23 10:00:00,50.0,647.0,187.0,68.0,550.0,181.0,18.0,580.0,175.0,11.0,591.0,183.0,11.0,599.0,178.0,15.0,548.0,194.0,52.0,529.0,186.0,250.0,253.0,130.0,154.0,214.0,
2018-02-23 11:00:00,54.0,615.0,179.0,50.0,551.0,176.0,21.0,567.0,172.0,11.0,578.0,180.0,10.0,586.0,174.0,18.0,548.0,185.0,41.0,528.0,178.0,173.0,177.0,126.0,127.0,234.0,
2018-02-23 12:00:00,60.0,603.0,173.0,46.0,548.0,173.0,31.0,560.0,169.0,15.0,567.0,177.0,12.0,588.0,171.0,22.0,550.0,180.0,49.0,535.0,174.0,140.0,144.0,120.0,119.0,219.0,
2018-02-23 13:00:00,58.0,598.0,169.0,52.0,548.0,171.0,7.0,555.0,167.0,34.0,555.0,175.0,18.0,581.0,169.0,37.0,572.0,177.0,62.0,538.0,171.0,124.0,127.0,101.0,125.0,1693.0,112.0
2018-02-23 14:00:00,32.0,607.0,168.0,37.0,558.0,170.0,44.0,569.0,167.0,26.0,547.0,174.0,16.0,569.0,169.0,31.0,533.0,183.0,41.0,541.0,169.0,118.0,120.0,91.0,135.0,237.0,
2018-02-23 15:00:00,46.0,587.0,166.0,36.0,542.0,168.0,169.0,550.0,167.0,52.0,536.0,173.0,40.0,556.0,168.0,63.0,519.0,181.0,40.0,531.0,167.0,114.0,115.0,79.0,118.0,1221.0,112.0
2018-02-23 16:00:00,19.0,595.0,164.0,15.0,547.0,167.0,51.0,549.0,165.0,12.0,534.0,171.0,15.0,563.0,166.0,13.0,528.0,177.0,17.0,538.0,165.0,143.0,120.0,95.0,115.0,761.0,4144.0
2018-02-23 17:00:00,2.0,672.0,168.0,1.0,548.0,172.0,4.0,560.0,167.0,0.0,553.0,175.0,2.0,576.0,172.0,3.0,505.0,197.0,7.0,537.0,174.0,539.0,458.0,105.0,160.0,1566.0,10863.0
2018-02-23 18:00:00,0.0,672.0,175.0,0.0,545.0,180.0,1.0,574.0,174.0,0.0,554.0,180.0,1.0,555.0,179.0,0.0,479.0,208.0,4.0,534.0,186.0,513.0,462.0,112.0,190.0,354.0,6944.0
2018-02-23 19:00:00,0.0,634.0,179.0,0.0,542.0,182.0,0.0,581.0,177.0,0.0,551.0,184.0,1.0,543.0,180.0,1.0,487.0,200.0,5.0,530.0,193.0,501.0,452.0,134.0,149.0,270.0,6832.0
2018-02-23 20:00:00,4.0,583.0,183.0,0.0,536.0,183.0,0.0,595.0,178.0,0.0,547.0,186.0,1.0,549.0,181.0,1.0,502.0,198.0,4.0,515.0,196.0,493.0,416.0,100.0,230.0,654.0,6720.0
2018-02-23 21:00:00,13.0,589.0,186.0,0.0,537.0,183.0,0.0,600.0,179.0,0.0,546.0,188.0,1.0,552.0,182.0,1.0,513.0,197.0,4.0,507.0,196.0,420.0,380.0,88.0,256.0,1096.0,5712.0
2018-02-23 22:00:00,1.0,558.0,189.0,0.0,529.0,184.0,0.0,603.0,179.0,0.0,546.0,191.0,1.0,530.0,183.0,0.0,494.0,198.0,5.0,512.0,198.0,429.0,386.0,113.0,160.0,883.0,5150.0
2018-02-23 23:00:00,0.0,531.0,190.0,0.0,516.0,184.0,0.0,604.0,180.0,0.0,545.0,194.0,1.0,516.0,184.0,0.0,476.0,199.0,5.0,506.0,200.0,428.0,383.0,124.0,143.0,525.0,5373.0
2018-02-24 00:00:00,1.0,522.0,191.0,0.0,511.0,184.0,0.0,606.0,181.0,0.0,544.0,196.0,1.0,513.0,185.0,0.0,471.0,199.0,5.0,502.0,202.0,408.0,370.0,143.0,142.0,430.0,4143.0
2018-02-24 01:00:00,1.0,526.0,190.0,0.0,532.0,182.0,0.0,597.0,180.0,0.0,544.0,195.0,1.0,525.0,185.0,0.0,480.0,200.0,0.0,477.0,198.0,268.0,269.0,114.0,186.0,250.0,
2018-02-24 02:00:00,1.0,525.0,185.0,0.0,534.0,180.0,0.0,587.0,177.0,0.0,549.0,192.0,1.0,524.0,182.0,0.0,484.0,195.0,0.0,482.0,191.0,196.0,198.0,128.0,141.0,295.0,
2018-02-24 03:00:00,1.0,526.0,180.0,0.0,540.0,177.0,0.0,589.0,175.0,0.0,557.0,188.0,1.0,527.0,179.0,0.0,490.0,189.0,0.0,488.0,184.0,152.0,155.0,124.0,125.0,286.0,
2018-02-24 04:00:00,1.0,530.0,175.0,0.0,545.0,175.0,0.0,592.0,172.0,0.0,558.0,184.0,1.0,527.0,177.0,0.0,498.0,184.0,0.0,488.0,180.0,132.0,134.0,120.0,119.0,256.0,
2018-02-24 05:00:00,0.0,531.0,171.0,0.0,550.0,173.0,0.0,592.0,170.0,0.0,564.0,181.0,1.0,526.0,175.0,0.0,500.0,180.0,0.0,486.0,176.0,121.0,123.0,115.0,115.0,239.0,
2018-02-24 06:00:00,0.0,531.0,168.0,0.0,558.0,171.0,0.0,590.0,168.0,0.0,568.0,179.0,1.0,523.0,172.0,0.0,501.0,176.0,0.0,485.0,173.0,115.0,116.0,113.0,112.0,281.0,
2018-02-24 07:00:00,5.0,534.0,165.0,0.0,563.0,169.0,11.0,576.0,167.0,0.0,569.0,176.0,1.0,522.0,170.0,0.0,503.0,173.0,0.0,487.0,170.0,110.0,111.0,110.0,110.0,263.0,
2018-02-24 08:00:00,29.0,555.0,168.0,4.0,557.0,171.0,27.0,574.0,168.0,0.0,573.0,178.0,3.0,524.0,172.0,6.0,498.0,180.0,0.0,500.0,173.0,464.0,373.0,103.0,176.0,362.0,13215.0
2018-02-24 09:00:00,65.0,676.0,190.0,94.0,544.0,181.0,33.0,582.0,178.0,9.0,550.0,189.0,9.0,582.0,181.0,12.0,514.0,200.0,62.0,500.0,187.0,527.0,461.0,89.0,268.0,398.0,10526.0
2018-02-24 10:00:00,49.0,634.0,196.0,77.0,537.0,187.0,23.0,565.0,182.0,14.0,550.0,193.0,10.0,585.0,185.0,14.0,517.0,204.0,53.0,510.0,195.0,526.0,469.0,126.0,171.0,321.0,7392.0
2018-02-24 11:00:00,56.0,575.0,197.0,47.0,529.0,189.0,24.0,552.0,184.0,15.0,523.0,196.0,9.0,555.0,187.0,14.0,495.0,205.0,35.0,491.0,199.0,492.0,437.0,136.0,167.0,255.0,8848.0
2018-02-24 12:00:00,78.0,608.0,200.0,58.0,523.0,189.0,28.0,546.0,185.0,23.0,524.0,197.0,12.0,573.0,188.0,21.0,504.0,206.0,62.0,481.0,200.0,445.0,401.0,97.0,267.0,2683.0,4816.0
2018-02-24 13:00:00,73.0,610.0,195.0,72.0,546.0,187.0,3.0,576.0,184.0,50.0,524.0,196.0,17.0,600.0,188.0,39.0,552.0,208.0,75.0,498.0,196.0,266.0,269.0,87.0,191.0,1353.0,560.0
2018-02-24 14:00:00,44.0,596.0,188.0,60.0,546.0,184.0,0.0,579.0,182.0,82.0,531.0,194.0,30.0,574.0,185.0,80.0,532.0,202.0,76.0,512.0,190.0,181.0,187.0,99.0,147.0,356.0,
2018-02-24 15:00:00,26.0,525.0,183.0,42.0,540.0,181.0,71.0,564.0,180.0,73.0,511.0,192.0,46.0,527.0,183.0,76.0,481.0,194.0,56.0,495.0,184.0,143.0,149.0,102.0,127.0,367.0,
2018-02-24 16:00:00,13.0,541.0,179.0,18.0,532.0,179.0,81.0,532.0,179.0,20.0,499.0,190.0,25.0,536.0,181.0,19.0,508.0,189.0,13.0,503.0,181.0,128.0,130.0,99.0,121.0,293.0,
2018-02-24 17:00:00,3.0,549.0,176.0,5.0,529.0,176.0,3.0,532.0,176.0,1.0,498.0,186.0,2.0,541.0,178.0,1.0,516.0,184.0,2.0,508.0,178.0,164.0,148.0,113.0,117.0,319.0,2240.0
2018-02-24 18:00:00,20.0,572.0,179.0,2.0,524.0,177.0,6.0,529.0,176.0,0.0,503.0,186.0,2.0,537.0,179.0,4.0,507.0,190.0,6.0,503.0,184.0,454.0,362.0,96.0,275.0,627.0,9967.0
2018-02-24 19:00:00,10.0,673.0,191.0,2.0,561.0,182.0,0.0,572.0,180.0,0.0,526.0,191.0,1.0,609.0,185.0,1.0,547.0,204.0,7.0,502.0,196.0,387.0,342.0,100.0,221.0,2740.0,3695.0
2018-02-24 20:00:00,21.0,566.0,191.0,2.0,548.0,182.0,0.0,579.0,179.0,0.0,522.0,191.0,1.0,572.0,186.0,0.0,496.0,209.0,4.0,507.0,194.0,298.0,279.0,91.0,181.0,667.0,2464.0
2018-02-24 21:00:00,0.0,574.0,190.0,2.0,542.0,181.0,0.0,578.0,178.0,0.0,532.0,191.0,1.0,564.0,186.0,0.0,493.0,206.0,0.0,501.0,193.0,320.0,291.0,105.0,211.0,1162.0,2240.0
2018-02-24 22:00:00,5.0,554.0,189.0,0.0,538.0,180.0,0.0,580.0,177.0,0.0,534.0,191.0,1.0,554.0,185.0,0.0,493.0,204.0,0.0,498.0,191.0,265.0,257.0,117.0,169.0,244.0,1006.0
2018-02-24 23:00:00,3.0,550.0,183.0,0.0,538.0,178.0,0.0,577.0,176.0,0.0,535.0,188.0,1.0,542.0,182.0,0.0,492.0,198.0,0.0,505.0,184.0,180.0,182.0,111.0,149.0,274.0,
2018-02-25 00:00:00,0.0,544.0,177.0,1.0,549.0,175.0,0.0,578.0,173.0,0.0,543.0,184.0,1.0,532.0,179.0,0.0,501.0,191.0,0.0,505.0,178.0,143.0,145.0,114.0,126.0,242.0,
2018-02-25 03:00:00,0.0,541.0,166.0,0.0,558.0,170.0,0.0,582.0,168.0,0.0,550.0,178.0,1.0,527.0,172.0,0.0,506.0,178.0,0.0,498.0,168.0,112.0,113.0,110.0,110.0,226.0,
2018-02-25 05:00:00,1.0,541.0,161.0,0.0,573.0,166.0,0.0,583.0,164.0,0.0,562.0,172.0,1.0,524.0,167.0,0.0,505.0,172.0,0.0,496.0,163.0,105.0,105.0,105.0,108.0,240.0,
2018-02-25 06:00:00,0.0,540.0,160.0,0.0,571.0,165.0,0.0,585.0,163.0,0.0,561.0,172.0,0.0,523.0,166.0,0.0,504.0,171.0,0.0,496.0,162.0,159.0,138.0,106.0,107.0,308.0,1008.0
2018-02-25 08:00:00,66.0,564.0,173.0,79.0,608.0,168.0,10.0,617.0,168.0,3.0,547.0,173.0,6.0,577.0,174.0,8.0,503.0,208.0,34.0,525.0,172.0,316.0,263.0,98.0,194.0,411.0,1456.0
2018-02-25 09:00:00,107.0,802.0,177.0,184.0,609.0,169.0,13.0,636.0,168.0,10.0,551.0,174.0,10.0,607.0,174.0,11.0,494.0,210.0,223.0,539.0,174.0,442.0,334.0,65.0,372.0,460.0,1120.0
2018-02-25 11:00:00,79.0,716.0,191.0,33.0,570.0,184.0,36.0,609.0,178.0,16.0,593.0,186.0,13.0,592.0,183.0,24.0,540.0,208.0,41.0,550.0,192.0,534.0,490.0,115.0,204.0,1076.0,784.0
2018-02-25 13:00:00,56.0,608.0,189.0,47.0,542.0,182.0,4.0,574.0,180.0,76.0,547.0,190.0,20.0,547.0,184.0,55.0,506.0,202.0,129.0,513.0,192.0,365.0,302.0,130.0,142.0,1154.0,2128.0
2018-02-25 14:00:00,56.0,597.0,189.0,47.0,558.0,182.0,0.0,568.0,181.0,78.0,549.0,192.0,32.0,558.0,185.0,86.0,518.0,203.0,142.0,523.0,192.0,377.0,345.0,113.0,204.0,490.0,896.0
2018-02-25 15:00:00,31.0,583.0,188.0,38.0,570.0,181.0,0.0,566.0,182.0,84.0,533.0,193.0,85.0,555.0,186.0,128.0,493.0,204.0,80.0,522.0,191.0,298.0,276.0,107.0,171.0,465.0,3695.0
2018-02-25 16:00:00,20.0,500.0,187.0,23.0,526.0,181.0,7.0,514.0,183.0,43.0,483.0,193.0,85.0,505.0,186.0,44.0,429.0,206.0,42.0,484.0,195.0,336.0,310.0,135.0,140.0,441.0,2800.0
2018-02-25 17:00:00,6.0,536.0,187.0,9.0,552.0,181.0,0.0,553.0,182.0,1.0,493.0,193.0,8.0,538.0,186.0,5.0,477.0,207.0,9.0,484.0,203.0,328.0,297.0,102.0,180.0,1731.0,3024.0
2018-02-25 18:00:00,7.0,544.0,192.0,6.0,564.0,183.0,5.0,558.0,182.0,0.0,501.0,194.0,5.0,544.0,189.0,0.0,463.0,216.0,4.0,454.0,216.0,430.0,407.0,110.0,288.0,679.0,3358.0
2018-02-25 19:00:00,6.0,566.0,194.0,1.0,587.0,185.0,0.0,567.0,182.0,0.0,522.0,196.0,1.0,608.0,190.0,1.0,539.0,218.0,9.0,460.0,214.0,338.0,317.0,92.0,187.0,2055.0,2687.0
2018-02-25 20:00:00,1.0,551.0,191.0,0.0,564.0,184.0,0.0,575.0,181.0,0.0,520.0,196.0,1.0,575.0,190.0,0.0,509.0,212.0,8.0,508.0,207.0,331.0,299.0,124.0,141.0,1013.0,4032.0
2018-02-25 21:00:00,1.0,547.0,193.0,0.0,554.0,184.0,0.0,578.0,181.0,0.0,518.0,196.0,1.0,549.0,190.0,0.0,499.0,210.0,5.0,518.0,203.0,353.0,319.0,118.0,172.0,349.0,4256.0
2018-02-25 22:00:00,19.0,570.0,195.0,0.0,558.0,185.0,0.0,584.0,182.0,0.0,516.0,197.0,1.0,557.0,190.0,0.0,503.0,209.0,4.0,507.0,202.0,444.0,343.0,106.0,254.0,440.0,5936.0
2018-02-25 23:00:00,0.0,550.0,194.0,0.0,551.0,185.0,0.0,587.0,183.0,0.0,516.0,198.0,1.0,549.0,189.0,0.0,506.0,207.0,5.0,496.0,204.0,383.0,359.0,135.0,177.0,500.0,2575.0
2018-02-26 00:00:00,2.0,534.0,191.0,0.0,547.0,183.0,0.0,576.0,182.0,0.0,516.0,197.0,1.0,544.0,188.0,1.0,501.0,202.0,2.0,482.0,200.0,240.0,242.0,128.0,153.0,337.0,
2018-02-26 01:00:00,1.0,536.0,186.0,1.0,553.0,180.0,0.0,569.0,179.0,0.0,528.0,193.0,1.0,539.0,185.0,0.0,498.0,196.0,0.0,484.0,192.0,170.0,174.0,124.0,139.0,231.0,
2018-02-26 02:00:00,1.0,527.0,181.0,0.0,557.0,178.0,0.0,569.0,177.0,0.0,532.0,190.0,1.0,528.0,182.0,0.0,496.0,190.0,0.0,487.0,186.0,140.0,143.0,120.0,121.0,254.0,
2018-02-26 03:00:00,1.0,524.0,178.0,0.0,561.0,176.0,0.0,570.0,175.0,0.0,535.0,187.0,1.0,526.0,180.0,0.0,496.0,187.0,0.0,487.0,182.0,126.0,128.0,117.0,116.0,281.0,
2018-02-26 04:00:00,0.0,523.0,174.0,0.0,564.0,173.0,0.0,570.0,172.0,0.0,539.0,185.0,1.0,523.0,177.0,0.0,497.0,183.0,0.0,486.0,178.0,116.0,118.0,114.0,112.0,235.0,
2018-02-26 05:00:00,1.0,523.0,171.0,0.0,565.0,172.0,0.0,569.0,171.0,0.0,541.0,182.0,1.0,521.0,175.0,0.0,498.0,180.0,0.0,485.0,175.0,112.0,113.0,110.0,110.0,227.0,
2018-02-26 06:00:00,25.0,736.0,179.0,0.0,567.0,169.0,0.0,569.0,169.0,0.0,544.0,179.0,1.0,522.0,172.0,0.0,501.0,177.0,0.0,485.0,172.0,193.0,119.0,88.0,243.0,352.0,10304.0
2018-02-26 07:00:00,40.0,870.0,181.0,0.0,581.0,170.0,6.0,583.0,170.0,0.0,551.0,183.0,2.0,590.0,175.0,2.0,564.0,186.0,1.0,505.0,178.0,364.0,330.0,95.0,240.0,412.0,3920.0
2018-02-26 08:00:00,18.0,596.0,179.0,6.0,559.0,171.0,4.0,556.0,171.0,0.0,526.0,182.0,3.0,563.0,175.0,2.0,531.0,189.0,6.0,504.0,180.0,287.0,266.0,113.0,160.0,314.0,2128.0
2018-02-26 09:00:00,18.0,554.0,176.0,20.0,546.0,169.0,8.0,535.0,169.0,2.0,509.0,179.0,5.0,551.0,174.0,6.0,515.0,186.0,14.0,504.0,177.0,220.0,206.0,122.0,127.0,244.0,1904.0
2018-02-26 10:00:00,25.0,543.0,174.0,27.0,539.0,168.0,12.0,529.0,168.0,4.0,507.0,178.0,6.0,540.0,172.0,9.0,509.0,184.0,20.0,505.0,175.0,252.0,228.0,124.0,122.0,256.0,2797.0
2018-02-26 11:00:00,47.0,531.0,174.0,44.0,532.0,168.0,21.0,522.0,168.0,7.0,506.0,177.0,10.0,533.0,172.0,18.0,502.0,184.0,37.0,495.0,175.0,267.0,248.0,125.0,123.0,240.0,2016.0
2018-02-26 12:00:00,36.0,519.0,175.0,32.0,527.0,168.0,19.0,518.0,168.0,6.0,507.0,176.0,9.0,528.0,172.0,15.0,496.0,185.0,28.0,486.0,176.0,282.0,255.0,125.0,123.0,273.0,3807.0
2018-02-26 13:00:00,42.0,510.0,176.0,41.0,520.0,168.0,31.0,515.0,168.0,11.0,507.0,176.0,12.0,523.0,172.0,21.0,487.0,186.0,39.0,477.0,177.0,281.0,260.0,129.0,125.0,269.0,2576.0
2018-02-26 14:00:00,28.0,496.0,176.0,25.0,512.0,167.0,18.0,507.0,167.0,6.0,503.0,176.0,8.0,516.0,172.0,12.0,479.0,186.0,23.0,469.0,177.0,284.0,262.0,130.0,125.0,284.0,2800.0
2018-02-26 15:00:00,23.0,496.0,176.0,23.0,512.0,167.0,54.0,508.0,167.0,17.0,503.0,176.0,13.0,516.0,172.0,26.0,476.0,186.0,25.0,470.0,177.0,286.0,266.0,130.0,125.0,259.0,2909.0
2018-02-26 16:00:00,13.0,488.0,176.0,11.0,506.0,166.0,14.0,503.0,167.0,3.0,502.0,175.0,7.0,510.0,171.0,6.0,470.0,187.0,11.0,460.0,177.0,305.0,277.0,130.0,125.0,242.0,4032.0
2018-02-26 17:00:00,6.0,492.0,177.0,2.0,506.0,166.0,3.0,504.0,167.0,0.0,495.0,175.0,3.0,509.0,171.0,2.0,465.0,187.0,5.0,463.0,178.0,406.0,324.0,122.0,128.0,428.0,5373.0
2018-02-26 18:00:00,13.0,500.0,180.0,0.0,510.0,169.0,0.0,515.0,169.0,0.0,492.0,177.0,1.0,516.0,174.0,1.0,473.0,192.0,3.0,462.0,183.0,371.0,341.0,98.0,139.0,964.0,2688.0
2018-02-26 19:00:00,2.0,516.0,181.0,0.0,526.0,169.0,0.0,533.0,169.0,0.0,502.0,178.0,1.0,543.0,175.0,0.0,511.0,195.0,4.0,478.0,183.0,431.0,310.0,91.0,244.0,446.0,6942.0
2018-02-26 20:00:00,2.0,529.0,186.0,0.0,535.0,176.0,0.0,554.0,172.0,0.0,526.0,182.0,2.0,542.0,180.0,2.0,483.0,205.0,3.0,512.0,195.0,545.0,491.0,102.0,172.0,1913.0,8173.0
2018-02-26 21:00:00,4.0,548.0,192.0,0.0,535.0,181.0,0.0,558.0,178.0,0.0,525.0,187.0,1.0,555.0,182.0,0.0,510.0,202.0,5.0,493.0,200.0,453.0,439.0,95.0,243.0,1924.0,3017.0
2018-02-26 22:00:00,0.0,508.0,190.0,0.0,546.0,179.0,0.0,567.0,176.0,0.0,523.0,187.0,1.0,584.0,181.0,0.0,540.0,199.0,5.0,496.0,194.0,331.0,306.0,105.0,159.0,749.0,3023.0
2018-02-26 23:00:00,0.0,495.0,189.0,0.0,529.0,177.0,0.0,571.0,174.0,0.0,529.0,187.0,1.0,535.0,181.0,0.0,513.0,199.0,5.0,496.0,193.0,358.0,322.0,131.0,136.0,431.0,2688.0
2018-02-27 00:00:00,2.0,504.0,189.0,0.0,546.0,176.0,0.0,574.0,174.0,0.0,533.0,187.0,1.0,529.0,181.0,0.0,488.0,199.0,0.0,483.0,193.0,374.0,313.0,123.0,137.0,285.0,3360.0
2018-02-27 01:00:00,0.0,502.0,188.0,0.0,543.0,175.0,0.0,574.0,173.0,0.0,535.0,186.0,1.0,523.0,181.0,0.0,471.0,198.0,0.0,473.0,192.0,401.0,287.0,129.0,182.0,220.0,1680.0
2018-02-27 02:00:00,0.0,502.0,181.0,0.0,529.0,173.0,0.0,573.0,171.0,0.0,540.0,184.0,1.0,524.0,178.0,0.0,474.0,192.0,0.0,477.0,185.0,251.0,208.0,131.0,149.0,230.0,
2018-02-27 03:00:00,0.0,507.0,175.0,0.0,525.0,170.0,0.0,574.0,169.0,0.0,541.0,182.0,1.0,523.0,174.0,0.0,479.0,186.0,0.0,480.0,179.0,168.0,159.0,123.0,124.0,260.0,
2018-02-27 04:00:00,0.0,514.0,169.0,0.0,523.0,168.0,0.0,573.0,166.0,0.0,541.0,179.0,1.0,521.0,172.0,0.0,486.0,180.0,0.0,482.0,174.0,135.0,133.0,117.0,115.0,298.0,
2018-02-27 05:00:00,0.0,515.0,166.0,0.0,521.0,166.0,0.0,574.0,164.0,0.0,553.0,177.0,1.0,522.0,170.0,0.0,492.0,177.0,0.0,483.0,170.0,121.0,121.0,113.0,111.0,267.0,
2018-02-27 06:00:00,0.0,523.0,164.0,0.0,517.0,164.0,0.0,569.0,164.0,0.0,565.0,176.0,1.0,523.0,168.0,0.0,497.0,174.0,0.0,486.0,168.0,175.0,158.0,108.0,109.0,288.0,1680.0
2018-02-27 07:00:00,3.0,519.0,164.0,0.0,513.0,163.0,22.0,558.0,162.0,0.0,566.0,175.0,1.0,521.0,168.0,1.0,491.0,175.0,2.0,484.0,169.0,299.0,234.0,107.0,124.0,349.0,6941.0
2018-02-27 08:00:00,40.0,645.0,180.0,38.0,517.0,169.0,25.0,566.0,168.0,4.0,548.0,178.0,5.0,582.0,174.0,7.0,513.0,194.0,19.0,495.0,184.0,542.0,476.0,87.0,273.0,1267.0,8397.0
2018-02-27 09:00:00,60.0,742.0,195.0,108.0,482.0,174.0,35.0,631.0,173.0,7.0,552.0,189.0,9.0,681.0,180.0,11.0,524.0,197.0,78.0,495.0,194.0,542.0,432.0,87.0,268.0,916.0,8061.0
2018-02-27 10:00:00,43.0,591.0,187.0,54.0,517.0,174.0,,,,9.0,521.0,186.0,14.0,593.0,178.0,15.0,534.0,193.0,29.0,465.0,189.0,272.0,275.0,105.0,145.0,318.0,
2018-02-27 11:00:00,59.0,547.0,180.0,54.0,501.0,172.0,37.0,517.0,171.0,11.0,501.0,183.0,15.0,558.0,176.0,18.0,514.0,191.0,40.0,467.0,185.0,404.0,333.0,121.0,129.0,1548.0,9181.0
2018-02-27 12:00:00,46.0,570.0,185.0,43.0,526.0,177.0,36.0,554.0,176.0,11.0,499.0,189.0,14.0,594.0,183.0,20.0,484.0,217.0,50.0,466.0,193.0,489.0,433.0,118.0,133.0,702.0,4254.0
2018-02-27 13:00:00,52.0,521.0,190.0,43.0,488.0,180.0,20.0,526.0,180.0,21.0,483.0,194.0,13.0,512.0,185.0,26.0,478.0,209.0,51.0,450.0,200.0,549.0,466.0,136.0,138.0,856.0,9179.0
2018-02-27 14:00:00,47.0,530.0,193.0,39.0,479.0,185.0,0.0,525.0,185.0,32.0,495.0,198.0,19.0,515.0,188.0,39.0,478.0,204.0,43.0,435.0,208.0,529.0,469.0,97.0,225.0,1023.0,6944.0
2018-02-27 15:00:00,27.0,538.0,195.0,22.0,490.0,190.0,19.0,525.0,188.0,11.0,509.0,199.0,13.0,518.0,191.0,16.0,476.0,204.0,21.0,433.0,212.0,546.0,473.0,104.0,200.0,1249.0,8061.0
2018-02-27 16:00:00,20.0,527.0,197.0,19.0,491.0,193.0,181.0,522.0,192.0,29.0,494.0,201.0,55.0,508.0,193.0,33.0,467.0,204.0,34.0,440.0,213.0,533.0,475.0,106.0,193.0,1435.0,5484.0
2018-02-27 17:00:00,10.0,526.0,199.0,2.0,496.0,196.0,22.0,522.0,194.0,1.0,496.0,203.0,7.0,528.0,194.0,2.0,527.0,205.0,7.0,461.0,218.0,525.0,467.0,114.0,209.0,563.0,9182.0
2018-02-27 18:00:00,25.0,637.0,206.0,0.0,510.0,198.0,8.0,543.0,195.0,0.0,512.0,205.0,7.0,578.0,196.0,2.0,555.0,205.0,4.0,430.0,229.0,539.0,460.0,92.0,221.0,516.0,10303.0
2018-02-27 19:00:00,9.0,534.0,209.0,0.0,501.0,199.0,0.0,544.0,195.0,0.0,503.0,206.0,3.0,536.0,197.0,1.0,501.0,205.0,3.0,407.0,235.0,513.0,439.0,138.0,152.0,1283.0,3807.0
2018-02-27 20:00:00,19.0,534.0,204.0,2.0,525.0,195.0,0.0,548.0,192.0,0.0,501.0,203.0,2.0,557.0,194.0,2.0,552.0,209.0,3.0,415.0,225.0,446.0,312.0,97.0,215.0,1771.0,5487.0
2018-02-27 21:00:00,7.0,521.0,203.0,0.0,513.0,194.0,0.0,553.0,191.0,0.0,496.0,202.0,1.0,544.0,195.0,0.0,475.0,218.0,3.0,422.0,225.0,500.0,372.0,100.0,205.0,897.0,1904.0
2018-02-27 22:00:00,1.0,490.0,198.0,0.0,480.0,193.0,0.0,557.0,191.0,0.0,503.0,202.0,1.0,494.0,194.0,0.0,485.0,209.0,5.0,425.0,221.0,511.0,363.0,126.0,152.0,711.0,6601.0
2018-02-27 23:00:00,1.0,474.0,197.0,0.0,460.0,193.0,0.0,560.0,191.0,0.0,503.0,203.0,1.0,476.0,194.0,0.0,485.0,202.0,5.0,421.0,219.0,450.0,372.0,113.0,141.0,598.0,3472.0
2018-02-28 00:00:00,2.0,476.0,196.0,1.0,467.0,192.0,0.0,561.0,191.0,0.0,506.0,202.0,1.0,475.0,193.0,0.0,466.0,198.0,2.0,405.0,218.0,363.0,342.0,124.0,138.0,1002.0,3467.0
2018-02-28 01:00:00,1.0,475.0,192.0,1.0,486.0,189.0,0.0,551.0,188.0,0.0,512.0,199.0,1.0,483.0,190.0,0.0,466.0,196.0,0.0,402.0,208.0,222.0,224.0,95.0,144.0,1012.0,
2018-02-28 02:00:00,1.0,457.0,186.0,0.0,474.0,184.0,0.0,551.0,184.0,0.0,521.0,195.0,0.0,490.0,186.0,0.0,479.0,191.0,0.0,412.0,199.0,161.0,165.0,112.0,133.0,272.0,
2018-02-28 03:00:00,1.0,453.0,180.0,0.0,467.0,181.0,0.0,550.0,181.0,0.0,512.0,192.0,0.0,484.0,182.0,0.0,475.0,186.0,0.0,417.0,191.0,133.0,136.0,115.0,117.0,246.0,
2018-02-28 04:00:00,0.0,459.0,175.0,0.0,463.0,177.0,0.0,548.0,178.0,0.0,521.0,189.0,1.0,479.0,178.0,0.0,468.0,182.0,0.0,418.0,186.0,121.0,123.0,114.0,112.0,258.0,
2018-02-28 05:00:00,1.0,462.0,171.0,0.0,461.0,174.0,0.0,545.0,175.0,0.0,528.0,186.0,0.0,477.0,175.0,0.0,462.0,178.0,0.0,419.0,181.0,113.0,114.0,110.0,109.0,249.0,
2018-02-28 06:00:00,1.0,458.0,168.0,0.0,456.0,171.0,0.0,542.0,173.0,0.0,542.0,183.0,0.0,472.0,172.0,0.0,457.0,175.0,0.0,418.0,177.0,148.0,133.0,109.0,108.0,289.0,1903.0
2018-02-28 07:00:00,43.0,761.0,176.0,0.0,474.0,169.0,1.0,544.0,171.0,0.0,521.0,183.0,2.0,505.0,172.0,1.0,483.0,177.0,0.0,428.0,178.0,329.0,239.0,82.0,269.0,467.0,15117.0
2018-02-28 08:00:00,68.0,608.0,184.0,78.0,493.0,175.0,17.0,532.0,175.0,13.0,509.0,185.0,11.0,559.0,178.0,15.0,514.0,195.0,53.0,478.0,194.0,476.0,447.0,116.0,204.0,302.0,3920.0
2018-02-28 09:00:00,76.0,514.0,181.0,125.0,480.0,175.0,31.0,490.0,174.0,22.0,484.0,183.0,16.0,518.0,178.0,21.0,472.0,193.0,102.0,486.0,190.0,255.0,260.0,126.0,133.0,266.0,
2018-02-28 10:00:00,69.0,497.0,174.0,99.0,474.0,171.0,36.0,478.0,171.0,23.0,469.0,180.0,15.0,510.0,174.0,26.0,467.0,186.0,75.0,507.0,180.0,170.0,175.0,117.0,117.0,271.0,
2018-02-28 11:00:00,51.0,493.0,168.0,59.0,471.0,168.0,28.0,470.0,168.0,16.0,462.0,177.0,12.0,504.0,171.0,22.0,467.0,180.0,43.0,511.0,175.0,186.0,171.0,115.0,111.0,262.0,2016.0
2018-02-28 12:00:00,62.0,497.0,168.0,74.0,472.0,165.0,33.0,471.0,167.0,21.0,464.0,175.0,14.0,505.0,170.0,26.0,467.0,180.0,56.0,504.0,174.0,243.0,216.0,115.0,113.0,251.0,3023.0
2018-02-28 13:00:00,19.0,494.0,168.0,25.0,474.0,164.0,33.0,470.0,166.0,6.0,465.0,174.0,4.0,504.0,169.0,6.0,461.0,180.0,17.0,498.0,175.0,262.0,240.0,118.0,115.0,263.0,2800.0
2018-02-28 14:00:00,29.0,489.0,169.0,41.0,477.0,163.0,25.0,471.0,165.0,10.0,466.0,173.0,6.0,502.0,169.0,11.0,454.0,182.0,26.0,490.0,176.0,295.0,263.0,120.0,117.0,248.0,4032.0
2018-02-28 15:00:00,41.0,492.0,175.0,43.0,471.0,168.0,28.0,481.0,169.0,10.0,468.0,175.0,8.0,490.0,173.0,14.0,439.0,195.0,40.0,460.0,188.0,569.0,485.0,104.0,163.0,439.0,11534.0
2018-02-28 16:00:00,29.0,467.0,185.0,41.0,464.0,175.0,20.0,480.0,173.0,10.0,466.0,179.0,7.0,476.0,178.0,11.0,412.0,201.0,44.0,428.0,197.0,547.0,486.0,110.0,178.0,488.0,7949.0
2018-02-28 17:00:00,30.0,465.0,190.0,6.0,467.0,180.0,5.0,484.0,176.0,1.0,483.0,184.0,4.0,498.0,180.0,3.0,456.0,200.0,10.0,426.0,202.0,549.0,483.0,122.0,176.0,1546.0,8288.0
2018-02-28 18:00:00,24.0,461.0,195.0,0.0,467.0,183.0,1.0,489.0,179.0,0.0,486.0,187.0,2.0,485.0,182.0,0.0,438.0,200.0,5.0,435.0,205.0,541.0,471.0,130.0,152.0,556.0,8063.0
2018-02-28 19:00:00,6.0,459.0,203.0,0.0,471.0,184.0,0.0,495.0,181.0,0.0,483.0,189.0,1.0,488.0,184.0,1.0,444.0,200.0,2.0,431.0,207.0,545.0,481.0,116.0,145.0,1962.0,8175.0
2018-02-28 20:00:00,2.0,469.0,204.0,0.0,481.0,188.0,0.0,513.0,183.0,0.0,497.0,193.0,1.0,527.0,188.0,0.0,485.0,209.0,0.0,431.0,210.0,538.0,481.0,130.0,140.0,663.0,6942.0
2018-02-28 21:00:00,2.0,474.0,202.0,0.0,475.0,190.0,0.0,524.0,186.0,0.0,497.0,198.0,1.0,502.0,190.0,0.0,459.0,207.0,4.0,426.0,213.0,551.0,475.0,112.0,198.0,519.0,7166.0
2018-02-28 22:00:00,6.0,484.0,201.0,0.0,466.0,191.0,0.0,527.0,187.0,0.0,492.0,202.0,1.0,482.0,190.0,0.0,433.0,206.0,6.0,418.0,214.0,515.0,464.0,118.0,212.0,539.0,4928.0
2018-02-28 23:00:00,0.0,476.0,195.0,0.0,455.0,187.0,0.0,520.0,183.0,0.0,487.0,198.0,1.0,481.0,186.0,0.0,442.0,199.0,6.0,421.0,206.0,277.0,281.0,128.0,164.0,451.0,
2018-03-01 00:00:00,1.0,475.0,185.0,0.0,456.0,181.0,0.0,517.0,180.0,0.0,496.0,192.0,1.0,484.0,182.0,0.0,450.0,191.0,3.0,423.0,195.0,183.0,190.0,114.0,139.0,407.0,
2018-03-01 01:00:00,0.0,477.0,179.0,0.0,468.0,177.0,0.0,515.0,176.0,0.0,501.0,188.0,1.0,471.0,179.0,0.0,445.0,187.0,0.0,422.0,186.0,204.0,182.0,113.0,122.0,327.0,2128.0
2018-03-01 02:00:00,1.0,472.0,178.0,0.0,478.0,174.0,0.0,510.0,174.0,0.0,502.0,188.0,1.0,469.0,179.0,0.0,436.0,187.0,0.0,419.0,184.0,251.0,224.0,117.0,117.0,286.0,2576.0
2018-03-01 03:00:00,1.0,464.0,178.0,0.0,483.0,172.0,0.0,503.0,173.0,0.0,501.0,188.0,1.0,464.0,178.0,0.0,425.0,188.0,0.0,413.0,183.0,278.0,256.0,120.0,118.0,324.0,1901.0
2018-03-01 05:00:00,1.0,453.0,170.0,0.0,493.0,166.0,,519.0,169.0,0.0,509.0,183.0,1.0,470.0,172.0,0.0,430.0,182.0,0.0,412.0,174.0,153.0,154.0,112.0,110.0,251.0,
2018-03-01 06:00:00,1.0,454.0,168.0,0.0,494.0,165.0,,,,0.0,510.0,182.0,1.0,471.0,171.0,0.0,432.0,180.0,0.0,411.0,172.0,144.0,146.0,110.0,108.0,265.0,
2018-03-01 08:00:00,37.0,498.0,168.0,0.0,498.0,161.0,55.0,473.0,166.0,12.0,464.0,177.0,7.0,497.0,169.0,18.0,486.0,182.0,32.0,433.0,171.0,212.0,211.0,95.0,141.0,506.0,
2018-03-01 09:00:00,78.0,495.0,168.0,9.0,497.0,160.0,56.0,471.0,164.0,31.0,459.0,175.0,14.0,488.0,168.0,32.0,447.0,183.0,80.0,443.0,171.0,336.0,259.0,105.0,118.0,1011.0,7502.0
2018-03-01 10:00:00,106.0,514.0,175.0,66.0,492.0,166.0,70.0,493.0,168.0,33.0,450.0,181.0,12.0,519.0,173.0,42.0,466.0,208.0,75.0,436.0,182.0,447.0,378.0,69.0,246.0,2107.0,4592.0
2018-03-01 11:00:00,147.0,483.0,183.0,195.0,495.0,168.0,128.0,500.0,169.0,65.0,446.0,182.0,33.0,518.0,174.0,81.0,437.0,204.0,149.0,432.0,184.0,352.0,307.0,78.0,180.0,1519.0,2912.0
2018-03-01 12:00:00,122.0,444.0,180.0,149.0,476.0,169.0,102.0,482.0,168.0,51.0,435.0,182.0,27.0,488.0,174.0,64.0,424.0,198.0,104.0,428.0,183.0,422.0,355.0,99.0,147.0,290.0,8064.0
2018-03-01 13:00:00,118.0,442.0,183.0,146.0,460.0,174.0,106.0,475.0,172.0,51.0,426.0,187.0,28.0,474.0,177.0,65.0,414.0,201.0,102.0,409.0,192.0,454.0,399.0,124.0,134.0,292.0,6832.0
2018-03-01 14:00:00,115.0,433.0,185.0,137.0,450.0,175.0,129.0,468.0,174.0,69.0,416.0,190.0,33.0,469.0,178.0,83.0,408.0,199.0,103.0,398.0,195.0,427.0,381.0,130.0,128.0,265.0,5598.0
2018-03-01 15:00:00,51.0,427.0,186.0,57.0,445.0,175.0,72.0,461.0,175.0,35.0,411.0,191.0,17.0,467.0,178.0,42.0,407.0,198.0,46.0,393.0,197.0,431.0,370.0,129.0,136.0,417.0,7168.0
2018-03-01 16:00:00,21.0,444.0,189.0,25.0,453.0,180.0,16.0,465.0,177.0,7.0,418.0,196.0,5.0,470.0,182.0,11.0,413.0,202.0,22.0,409.0,199.0,555.0,484.0,115.0,164.0,410.0,8287.0
2018-03-01 17:00:00,32.0,458.0,192.0,6.0,453.0,185.0,23.0,481.0,180.0,1.0,425.0,199.0,2.0,484.0,184.0,1.0,423.0,204.0,8.0,467.0,200.0,534.0,474.0,95.0,178.0,1632.0,6608.0
2018-03-01 18:00:00,37.0,601.0,195.0,0.0,457.0,185.0,17.0,479.0,183.0,0.0,433.0,199.0,3.0,548.0,185.0,4.0,481.0,204.0,4.0,501.0,198.0,504.0,410.0,78.0,369.0,974.0,7386.0
2018-03-01 19:00:00,5.0,611.0,197.0,0.0,505.0,184.0,0.0,512.0,183.0,0.0,456.0,199.0,1.0,579.0,187.0,1.0,602.0,213.0,5.0,512.0,198.0,487.0,438.0,94.0,274.0,462.0,7839.0
2018-03-01 20:00:00,0.0,698.0,195.0,0.0,514.0,185.0,0.0,517.0,184.0,0.0,468.0,201.0,1.0,587.0,188.0,0.0,569.0,214.0,5.0,509.0,199.0,496.0,438.0,128.0,184.0,443.0,6271.0
2018-03-01 21:00:00,4.0,690.0,195.0,0.0,479.0,186.0,0.0,517.0,185.0,0.0,455.0,203.0,1.0,525.0,188.0,2.0,492.0,205.0,5.0,503.0,202.0,524.0,447.0,104.0,208.0,1014.0,8624.0
2018-03-01 22:00:00,11.0,658.0,194.0,0.0,472.0,186.0,0.0,517.0,186.0,0.0,452.0,202.0,1.0,508.0,188.0,0.0,473.0,202.0,5.0,506.0,203.0,426.0,402.0,96.0,239.0,1315.0,2800.0
2018-03-01 23:00:00,1.0,611.0,188.0,0.0,467.0,182.0,0.0,512.0,184.0,0.0,458.0,197.0,1.0,515.0,184.0,0.0,491.0,195.0,6.0,500.0,195.0,236.0,240.0,111.0,144.0,428.0,
2018-03-02 00:00:00,0.0,538.0,181.0,0.0,468.0,178.0,0.0,506.0,178.0,0.0,471.0,192.0,1.0,509.0,181.0,0.0,487.0,189.0,3.0,493.0,189.0,222.0,204.0,110.0,120.0,387.0,2016.0
2018-03-02 01:00:00,0.0,535.0,179.0,0.0,473.0,175.0,0.0,504.0,176.0,0.0,483.0,187.0,1.0,505.0,180.0,0.0,468.0,190.0,0.0,491.0,188.0,287.0,252.0,116.0,118.0,285.0,3808.0
2018-03-02 02:00:00,0.0,519.0,179.0,0.0,460.0,174.0,0.0,512.0,176.0,0.0,500.0,184.0,1.0,496.0,180.0,0.0,453.0,193.0,0.0,476.0,188.0,341.0,305.0,124.0,119.0,280.0,3582.0
2018-03-02 03:00:00,0.0,504.0,180.0,0.0,454.0,174.0,0.0,515.0,176.0,0.0,507.0,182.0,1.0,486.0,181.0,0.0,438.0,196.0,0.0,463.0,189.0,361.0,323.0,125.0,122.0,297.0,4368.0
2018-03-02 04:00:00,0.0,484.0,181.0,0.0,446.0,174.0,,,,0.0,505.0,180.0,1.0,476.0,181.0,0.0,424.0,198.0,0.0,451.0,189.0,351.0,328.0,130.0,123.0,260.0,2237.0
2018-03-02 05:00:00,0.0,473.0,181.0,0.0,442.0,174.0,0.0,523.0,176.0,0.0,511.0,179.0,1.0,469.0,181.0,0.0,414.0,199.0,0.0,441.0,189.0,374.0,332.0,130.0,124.0,308.0,4032.0
2018-03-02 06:00:00,1.0,462.0,181.0,0.0,441.0,173.0,0.0,525.0,175.0,0.0,525.0,177.0,1.0,463.0,181.0,0.0,409.0,200.0,0.0,434.0,189.0,383.0,337.0,130.0,124.0,324.0,4030.0
2018-03-02 07:00:00,4.0,457.0,182.0,0.0,437.0,173.0,0.0,526.0,175.0,0.0,528.0,176.0,1.0,462.0,181.0,0.0,405.0,201.0,0.0,426.0,188.0,385.0,345.0,114.0,156.0,312.0,4479.0
2018-03-02 08:00:00,45.0,702.0,188.0,6.0,453.0,173.0,9.0,552.0,175.0,1.0,532.0,175.0,2.0,476.0,180.0,1.0,411.0,202.0,2.0,424.0,188.0,376.0,336.0,86.0,287.0,265.0,10416.0
2018-03-02 09:00:00,28.0,580.0,191.0,37.0,507.0,173.0,15.0,522.0,175.0,8.0,544.0,175.0,6.0,558.0,180.0,14.0,492.0,205.0,18.0,450.0,189.0,413.0,364.0,110.0,188.0,337.0,5152.0
2018-03-02 10:00:00,34.0,543.0,188.0,50.0,483.0,174.0,20.0,499.0,174.0,13.0,531.0,176.0,7.0,516.0,181.0,20.0,463.0,204.0,29.0,438.0,190.0,400.0,361.0,114.0,171.0,564.0,4703.0
2018-03-02 11:00:00,41.0,580.0,188.0,60.0,477.0,174.0,28.0,496.0,174.0,16.0,513.0,175.0,8.0,517.0,181.0,24.0,469.0,206.0,33.0,428.0,190.0,455.0,356.0,83.0,229.0,519.0,4815.0
2018-03-02 12:00:00,38.0,535.0,188.0,59.0,471.0,174.0,15.0,485.0,174.0,15.0,511.0,175.0,8.0,512.0,182.0,18.0,458.0,206.0,38.0,433.0,191.0,468.0,401.0,83.0,190.0,1079.0,5375.0
2018-03-02 13:00:00,35.0,516.0,190.0,58.0,458.0,180.0,0.0,483.0,177.0,14.0,504.0,176.0,8.0,495.0,184.0,18.0,466.0,206.0,50.0,441.0,199.0,540.0,475.0,105.0,140.0,1414.0,6716.0
2018-03-02 14:00:00,38.0,508.0,193.0,52.0,455.0,183.0,0.0,511.0,180.0,16.0,510.0,176.0,7.0,501.0,185.0,16.0,461.0,204.0,38.0,435.0,204.0,528.0,468.0,112.0,175.0,408.0,7056.0
2018-03-02 15:00:00,25.0,504.0,194.0,36.0,453.0,186.0,0.0,516.0,182.0,12.0,513.0,173.0,4.0,489.0,187.0,10.0,434.0,205.0,24.0,420.0,207.0,514.0,459.0,122.0,146.0,454.0,5712.0
2018-03-02 16:00:00,17.0,492.0,195.0,17.0,459.0,187.0,0.0,522.0,183.0,4.0,507.0,175.0,3.0,485.0,188.0,4.0,434.0,204.0,14.0,413.0,209.0,525.0,466.0,128.0,136.0,349.0,6717.0
2018-03-02 17:00:00,5.0,479.0,196.0,3.0,448.0,189.0,4.0,515.0,184.0,0.0,501.0,178.0,2.0,481.0,189.0,2.0,436.0,206.0,5.0,407.0,211.0,521.0,459.0,115.0,186.0,471.0,7166.0
2018-03-02 18:00:00,50.0,518.0,197.0,0.0,453.0,189.0,21.0,520.0,186.0,0.0,529.0,180.0,4.0,535.0,190.0,6.0,562.0,212.0,3.0,424.0,212.0,504.0,452.0,106.0,180.0,718.0,5932.0
2018-03-02 19:00:00,55.0,633.0,202.0,0.0,470.0,190.0,15.0,527.0,186.0,0.0,532.0,181.0,3.0,553.0,190.0,2.0,500.0,206.0,4.0,432.0,213.0,517.0,440.0,90.0,315.0,448.0,10415.0
2018-03-02 20:00:00,20.0,573.0,205.0,0.0,484.0,190.0,1.0,526.0,186.0,0.0,539.0,181.0,3.0,571.0,191.0,4.0,531.0,208.0,4.0,435.0,218.0,531.0,460.0,105.0,244.0,1852.0,7727.0
2018-03-02 21:00:00,1.0,547.0,205.0,0.0,475.0,194.0,0.0,538.0,189.0,0.0,537.0,185.0,1.0,532.0,194.0,0.0,489.0,213.0,4.0,426.0,223.0,553.0,489.0,116.0,216.0,505.0,6718.0
2018-03-02 22:00:00,13.0,542.0,206.0,0.0,473.0,196.0,0.0,539.0,190.0,0.0,518.0,193.0,1.0,520.0,195.0,0.0,471.0,209.0,3.0,423.0,224.0,484.0,453.0,100.0,235.0,863.0,3584.0
2018-03-02 23:00:00,1.0,513.0,200.0,0.0,481.0,191.0,0.0,541.0,186.0,0.0,515.0,192.0,1.0,518.0,192.0,0.0,481.0,204.0,0.0,441.0,212.0,267.0,273.0,93.0,166.0,1635.0,
2018-03-03 00:00:00,1.0,472.0,192.0,0.0,476.0,186.0,0.0,534.0,182.0,0.0,523.0,188.0,1.0,503.0,188.0,0.0,497.0,196.0,0.0,432.0,200.0,179.0,187.0,105.0,139.0,293.0,
2018-03-03 01:00:00,1.0,460.0,184.0,0.0,466.0,182.0,0.0,533.0,177.0,0.0,532.0,185.0,1.0,486.0,184.0,0.0,508.0,190.0,0.0,432.0,191.0,136.0,142.0,114.0,115.0,267.0,
2018-03-03 02:00:00,0.0,460.0,179.0,0.0,462.0,178.0,0.0,532.0,174.0,0.0,542.0,183.0,1.0,477.0,181.0,0.0,510.0,185.0,0.0,433.0,186.0,120.0,124.0,110.0,109.0,303.0,
2018-03-03 03:00:00,1.0,464.0,175.0,0.0,461.0,175.0,0.0,532.0,172.0,0.0,544.0,181.0,1.0,478.0,178.0,0.0,513.0,180.0,0.0,434.0,181.0,120.0,115.0,107.0,105.0,311.0,1008.0
2018-03-03 04:00:00,1.0,462.0,173.0,0.0,460.0,173.0,0.0,532.0,169.0,0.0,558.0,179.0,1.0,478.0,176.0,0.0,514.0,177.0,0.0,438.0,178.0,186.0,164.0,107.0,106.0,276.0,2016.0
2018-03-03 05:00:00,1.0,457.0,173.0,0.0,460.0,171.0,0.0,532.0,168.0,0.0,562.0,179.0,1.0,484.0,175.0,0.0,509.0,177.0,0.0,439.0,176.0,214.0,200.0,110.0,108.0,313.0,1120.0
2018-03-03 06:00:00,1.0,453.0,174.0,0.0,461.0,170.0,0.0,530.0,167.0,0.0,559.0,179.0,1.0,486.0,175.0,0.0,503.0,178.0,0.0,439.0,176.0,254.0,227.0,114.0,112.0,359.0,3248.0
2018-03-03 07:00:00,9.0,485.0,175.0,0.0,460.0,169.0,2.0,537.0,167.0,0.0,561.0,180.0,1.0,498.0,174.0,0.0,478.0,181.0,0.0,439.0,176.0,299.0,273.0,113.0,150.0,297.0,3248.0
2018-03-03 08:00:00,19.0,489.0,178.0,14.0,470.0,170.0,13.0,509.0,168.0,1.0,553.0,182.0,3.0,503.0,175.0,6.0,472.0,189.0,6.0,445.0,179.0,464.0,387.0,111.0,151.0,399.0,9741.0
2018-03-03 09:00:00,37.0,491.0,188.0,39.0,473.0,179.0,21.0,508.0,176.0,7.0,497.0,188.0,5.0,503.0,183.0,8.0,446.0,203.0,25.0,442.0,189.0,542.0,484.0,108.0,246.0,411.0,7166.0
2018-03-03 10:00:00,64.0,447.0,193.0,58.0,461.0,184.0,32.0,495.0,180.0,12.0,469.0,191.0,9.0,495.0,186.0,14.0,433.0,210.0,35.0,429.0,194.0,531.0,480.0,101.0,191.0,2219.0,6383.0
2018-03-03 11:00:00,83.0,462.0,193.0,83.0,468.0,187.0,42.0,500.0,182.0,19.0,474.0,193.0,12.0,522.0,188.0,20.0,447.0,216.0,46.0,427.0,196.0,476.0,421.0,92.0,211.0,670.0,6608.0
2018-03-03 12:00:00,64.0,495.0,183.0,74.0,469.0,188.0,42.0,497.0,183.0,12.0,481.0,195.0,8.0,492.0,189.0,16.0,441.0,209.0,41.0,428.0,198.0,474.0,416.0,91.0,238.0,1499.0,6382.0
2018-03-03 13:00:00,47.0,524.0,179.0,58.0,475.0,191.0,34.0,495.0,184.0,15.0,465.0,198.0,7.0,491.0,190.0,12.0,440.0,207.0,31.0,430.0,200.0,479.0,412.0,116.0,159.0,722.0,6718.0
2018-03-03 14:00:00,32.0,534.0,176.0,41.0,469.0,195.0,26.0,492.0,188.0,10.0,460.0,200.0,5.0,487.0,193.0,7.0,436.0,208.0,19.0,425.0,203.0,533.0,468.0,125.0,140.0,527.0,7279.0
2018-03-03 15:00:00,24.0,537.0,176.0,26.0,462.0,198.0,14.0,493.0,191.0,5.0,463.0,202.0,3.0,490.0,194.0,4.0,441.0,208.0,15.0,431.0,205.0,522.0,460.0,114.0,161.0,803.0,4812.0
2018-03-03 16:00:00,15.0,522.0,181.0,17.0,465.0,200.0,6.0,490.0,192.0,3.0,462.0,204.0,2.0,496.0,193.0,1.0,442.0,207.0,16.0,441.0,207.0,521.0,449.0,99.0,166.0,713.0,6608.0
2018-03-03 17:00:00,3.0,627.0,187.0,2.0,466.0,201.0,0.0,527.0,193.0,0.0,485.0,205.0,2.0,602.0,196.0,6.0,662.0,216.0,5.0,443.0,208.0,472.0,415.0,94.0,232.0,692.0,7166.0
2018-03-03 18:00:00,23.0,639.0,190.0,0.0,469.0,201.0,3.0,539.0,194.0,0.0,517.0,206.0,4.0,558.0,197.0,0.0,546.0,212.0,5.0,481.0,209.0,483.0,427.0,87.0,379.0,557.0,10411.0
2018-03-03 19:00:00,49.0,928.0,196.0,0.0,483.0,200.0,0.0,527.0,195.0,0.0,496.0,207.0,1.0,536.0,197.0,1.0,498.0,210.0,5.0,470.0,209.0,487.0,405.0,92.0,289.0,399.0,10303.0
2018-03-03 20:00:00,51.0,949.0,201.0,0.0,469.0,200.0,0.0,527.0,195.0,0.0,477.0,209.0,1.0,511.0,198.0,0.0,466.0,210.0,5.0,457.0,210.0,470.0,405.0,106.0,285.0,438.0,7504.0
2018-03-03 21:00:00,2.0,689.0,198.0,0.0,480.0,201.0,0.0,534.0,195.0,0.0,493.0,210.0,1.0,533.0,198.0,0.0,501.0,208.0,5.0,476.0,213.0,428.0,390.0,99.0,170.0,1606.0,3022.0
2018-03-03 22:00:00,2.0,593.0,193.0,0.0,483.0,197.0,0.0,530.0,193.0,0.0,497.0,207.0,1.0,531.0,195.0,0.0,501.0,204.0,6.0,447.0,210.0,254.0,254.0,118.0,135.0,864.0,
2018-03-03 23:00:00,0.0,573.0,187.0,0.0,472.0,193.0,0.0,526.0,189.0,0.0,505.0,201.0,1.0,521.0,191.0,0.0,500.0,196.0,6.0,444.0,202.0,174.0,177.0,123.0,122.0,449.0,
2018-03-04 00:00:00,0.0,553.0,182.0,0.0,467.0,189.0,0.0,530.0,185.0,0.0,513.0,197.0,1.0,509.0,188.0,0.0,489.0,190.0,6.0,446.0,196.0,140.0,144.0,118.0,116.0,463.0,
2018-03-04 01:00:00,1.0,531.0,179.0,1.0,466.0,186.0,0.0,524.0,182.0,0.0,515.0,194.0,1.0,500.0,186.0,0.0,482.0,188.0,0.0,450.0,193.0,205.0,171.0,102.0,109.0,347.0,3023.0
2018-03-04 02:00:00,0.0,505.0,179.0,0.0,477.0,184.0,0.0,518.0,181.0,0.0,518.0,194.0,1.0,487.0,186.0,0.0,462.0,191.0,0.0,437.0,196.0,258.0,232.0,118.0,116.0,321.0,2909.0
2018-03-04 03:00:00,0.0,486.0,178.0,0.0,487.0,183.0,0.0,522.0,181.0,0.0,516.0,193.0,1.0,477.0,186.0,0.0,444.0,194.0,0.0,423.0,199.0,293.0,255.0,124.0,120.0,236.0,3136.0
2018-03-04 04:00:00,1.0,473.0,178.0,0.0,493.0,182.0,0.0,531.0,181.0,0.0,518.0,192.0,1.0,468.0,185.0,0.0,429.0,197.0,0.0,412.0,201.0,320.0,276.0,125.0,123.0,237.0,4256.0
2018-03-04 05:00:00,1.0,469.0,178.0,0.0,499.0,182.0,0.0,531.0,181.0,0.0,522.0,191.0,1.0,464.0,185.0,0.0,421.0,198.0,0.0,404.0,203.0,326.0,287.0,130.0,124.0,251.0,3470.0
2018-03-04 06:00:00,1.0,465.0,178.0,0.0,506.0,182.0,0.0,531.0,180.0,0.0,523.0,191.0,1.0,460.0,185.0,0.0,415.0,200.0,0.0,399.0,204.0,333.0,293.0,130.0,125.0,297.0,2912.0
2018-03-04 07:00:00,3.0,466.0,178.0,0.0,510.0,181.0,0.0,535.0,180.0,0.0,517.0,190.0,1.0,461.0,185.0,0.0,413.0,201.0,0.0,398.0,204.0,336.0,296.0,130.0,125.0,247.0,3807.0
2018-03-04 08:00:00,15.0,474.0,178.0,0.0,516.0,181.0,0.0,522.0,180.0,0.0,496.0,190.0,2.0,471.0,185.0,0.0,415.0,202.0,0.0,399.0,205.0,349.0,304.0,127.0,133.0,222.0,4478.0
2018-03-04 09:00:00,40.0,511.0,175.0,0.0,509.0,181.0,55.0,484.0,180.0,5.0,483.0,189.0,6.0,487.0,185.0,19.0,443.0,204.0,22.0,401.0,206.0,372.0,299.0,103.0,186.0,410.0,5711.0
2018-03-04 10:00:00,52.0,524.0,172.0,10.0,508.0,184.0,55.0,497.0,182.0,8.0,482.0,191.0,7.0,490.0,188.0,20.0,445.0,211.0,36.0,414.0,210.0,460.0,408.0,118.0,136.0,453.0,4816.0
2018-03-04 11:00:00,71.0,733.0,180.0,57.0,519.0,188.0,38.0,512.0,185.0,17.0,494.0,190.0,9.0,525.0,188.0,20.0,461.0,207.0,37.0,412.0,213.0,522.0,395.0,72.0,318.0,1216.0,11647.0
2018-03-04 12:00:00,70.0,877.0,183.0,79.0,537.0,187.0,52.0,564.0,185.0,32.0,528.0,190.0,15.0,597.0,188.0,30.0,554.0,209.0,52.0,447.0,211.0,369.0,319.0,78.0,256.0,1242.0,5151.0
2018-03-04 13:00:00,54.0,858.0,185.0,24.0,550.0,186.0,12.0,569.0,184.0,6.0,544.0,190.0,5.0,605.0,188.0,9.0,533.0,212.0,18.0,478.0,209.0,406.0,351.0,85.0,271.0,354.0,6160.0
2018-03-04 14:00:00,19.0,648.0,184.0,17.0,549.0,184.0,12.0,552.0,182.0,5.0,528.0,189.0,5.0,578.0,187.0,7.0,506.0,207.0,14.0,476.0,202.0,252.0,253.0,122.0,155.0,309.0,
2018-03-04 15:00:00,19.0,601.0,181.0,16.0,544.0,181.0,11.0,549.0,179.0,5.0,521.0,187.0,5.0,568.0,184.0,11.0,513.0,204.0,15.0,486.0,194.0,378.0,311.0,92.0,151.0,3572.0,10416.0
2018-03-04 16:00:00,12.0,667.0,192.0,9.0,606.0,188.0,18.0,643.0,186.0,4.0,528.0,193.0,7.0,651.0,193.0,7.0,558.0,234.0,14.0,524.0,203.0,490.0,447.0,77.0,218.0,4043.0,5712.0
2018-03-04 17:00:00,19.0,768.0,200.0,2.0,779.0,196.0,14.0,796.0,192.0,1.0,549.0,190.0,7.0,779.0,200.0,4.0,714.0,247.0,8.0,572.0,211.0,448.0,366.0,79.0,251.0,2632.0,3696.0
2018-03-04 18:00:00,13.0,733.0,198.0,0.0,689.0,197.0,0.0,726.0,193.0,0.0,552.0,189.0,6.0,687.0,202.0,1.0,546.0,243.0,5.0,603.0,213.0,424.0,359.0,82.0,244.0,600.0,6384.0
2018-03-04 19:00:00,13.0,696.0,199.0,0.0,616.0,196.0,12.0,658.0,192.0,0.0,563.0,191.0,7.0,629.0,199.0,2.0,541.0,229.0,6.0,542.0,215.0,506.0,405.0,75.0,255.0,1314.0,6160.0
2018-03-04 20:00:00,6.0,644.0,201.0,0.0,593.0,196.0,0.0,642.0,193.0,0.0,580.0,194.0,1.0,596.0,199.0,0.0,553.0,218.0,6.0,519.0,217.0,539.0,423.0,88.0,265.0,1079.0,6048.0
2018-03-04 21:00:00,3.0,648.0,202.0,0.0,591.0,197.0,0.0,632.0,193.0,0.0,567.0,195.0,1.0,581.0,198.0,0.0,550.0,212.0,7.0,515.0,220.0,553.0,421.0,130.0,200.0,373.0,5712.0
2018-03-04 22:00:00,5.0,616.0,202.0,1.0,577.0,197.0,0.0,620.0,193.0,0.0,571.0,195.0,1.0,584.0,198.0,0.0,564.0,209.0,1.0,502.0,218.0,443.0,366.0,99.0,232.0,1004.0,1007.0
2018-03-04 23:00:00,0.0,595.0,196.0,2.0,570.0,194.0,0.0,609.0,188.0,0.0,576.0,191.0,1.0,591.0,194.0,0.0,563.0,204.0,0.0,509.0,206.0,234.0,227.0,101.0,146.0,1099.0,
2018-03-05 00:00:00,2.0,583.0,191.0,0.0,572.0,192.0,0.0,603.0,184.0,0.0,577.0,188.0,1.0,580.0,191.0,0.0,556.0,200.0,0.0,515.0,198.0,169.0,169.0,120.0,126.0,240.0,
2018-03-05 01:00:00,0.0,573.0,186.0,0.0,577.0,188.0,0.0,601.0,182.0,0.0,583.0,187.0,1.0,571.0,188.0,0.0,548.0,196.0,0.0,518.0,192.0,138.0,140.0,120.0,119.0,262.0,
2018-03-05 02:00:00,0.0,573.0,182.0,0.0,574.0,185.0,0.0,598.0,178.0,0.0,590.0,186.0,1.0,565.0,186.0,0.0,544.0,192.0,0.0,519.0,188.0,124.0,125.0,116.0,114.0,271.0,
2018-03-05 03:00:00,0.0,571.0,179.0,0.0,571.0,182.0,,594.0,175.0,0.0,595.0,184.0,1.0,560.0,183.0,0.0,539.0,188.0,0.0,519.0,184.0,116.0,117.0,112.0,111.0,247.0,
2018-03-05 04:00:00,0.0,570.0,176.0,0.0,567.0,180.0,0.0,594.0,173.0,0.0,595.0,183.0,1.0,556.0,180.0,0.0,536.0,185.0,0.0,520.0,180.0,110.0,111.0,110.0,109.0,262.0,
2018-03-05 05:00:00,0.0,570.0,174.0,0.0,564.0,178.0,0.0,593.0,172.0,0.0,595.0,181.0,1.0,555.0,178.0,0.0,535.0,183.0,0.0,522.0,178.0,108.0,108.0,110.0,108.0,276.0,
2018-03-05 06:00:00,4.0,573.0,171.0,0.0,562.0,175.0,0.0,591.0,169.0,0.0,606.0,179.0,0.0,554.0,176.0,0.0,535.0,180.0,0.0,525.0,174.0,133.0,124.0,106.0,107.0,273.0,1120.0
2018-03-05 07:00:00,47.0,987.0,189.0,2.0,588.0,174.0,2.0,614.0,168.0,0.0,610.0,179.0,2.0,571.0,175.0,2.0,557.0,180.0,1.0,535.0,173.0,383.0,159.0,72.0,345.0,409.0,12431.0
2018-03-05 08:00:00,29.0,945.0,183.0,23.0,578.0,173.0,15.0,600.0,169.0,6.0,580.0,178.0,9.0,586.0,175.0,8.0,574.0,182.0,19.0,557.0,174.0,233.0,212.0,114.0,174.0,279.0,2016.0
2018-03-05 09:00:00,34.0,860.0,185.0,25.0,568.0,173.0,19.0,578.0,169.0,7.0,567.0,178.0,10.0,571.0,176.0,9.0,549.0,184.0,22.0,544.0,175.0,251.0,232.0,124.0,128.0,339.0,2128.0
2018-03-05 10:00:00,42.0,810.0,185.0,31.0,563.0,172.0,23.0,571.0,169.0,9.0,561.0,177.0,11.0,563.0,176.0,12.0,536.0,186.0,28.0,535.0,176.0,264.0,244.0,125.0,123.0,287.0,2128.0
2018-03-05 11:00:00,39.0,777.0,185.0,26.0,557.0,172.0,20.0,566.0,169.0,8.0,557.0,177.0,10.0,559.0,176.0,11.0,527.0,187.0,24.0,527.0,176.0,273.0,253.0,125.0,123.0,305.0,1904.0
2018-03-05 12:00:00,28.0,754.0,185.0,19.0,554.0,171.0,14.0,563.0,169.0,5.0,554.0,177.0,9.0,556.0,176.0,7.0,521.0,188.0,17.0,522.0,177.0,289.0,261.0,125.0,123.0,270.0,2240.0
2018-03-05 13:00:00,23.0,735.0,186.0,15.0,551.0,171.0,11.0,561.0,168.0,4.0,550.0,177.0,8.0,555.0,176.0,5.0,517.0,189.0,14.0,519.0,177.0,348.0,264.0,128.0,124.0,283.0,2352.0
2018-03-05 14:00:00,20.0,720.0,186.0,14.0,549.0,170.0,9.0,559.0,168.0,3.0,547.0,176.0,8.0,552.0,176.0,5.0,512.0,190.0,12.0,516.0,177.0,418.0,260.0,130.0,126.0,291.0,2576.0
2018-03-05 15:00:00,13.0,709.0,186.0,9.0,548.0,170.0,6.0,556.0,168.0,2.0,543.0,176.0,7.0,551.0,176.0,2.0,509.0,190.0,8.0,515.0,177.0,338.0,263.0,130.0,126.0,260.0,3136.0
2018-03-05 16:00:00,10.0,700.0,186.0,6.0,546.0,170.0,3.0,555.0,168.0,1.0,538.0,176.0,7.0,551.0,176.0,1.0,507.0,190.0,5.0,512.0,177.0,305.0,267.0,130.0,127.0,293.0,2576.0
2018-03-05 17:00:00,5.0,690.0,186.0,2.0,545.0,169.0,1.0,553.0,168.0,0.0,535.0,176.0,6.0,551.0,176.0,0.0,505.0,191.0,2.0,509.0,177.0,357.0,274.0,130.0,128.0,271.0,2240.0
2018-03-05 18:00:00,17.0,662.0,187.0,0.0,547.0,169.0,10.0,563.0,168.0,0.0,534.0,176.0,6.0,553.0,176.0,0.0,505.0,191.0,1.0,508.0,178.0,342.0,286.0,113.0,144.0,517.0,5936.0
2018-03-05 19:00:00,57.0,591.0,189.0,0.0,555.0,174.0,11.0,579.0,172.0,0.0,545.0,181.0,9.0,571.0,180.0,3.0,509.0,199.0,5.0,502.0,191.0,550.0,479.0,114.0,188.0,521.0,8735.0
2018-03-05 20:00:00,3.0,590.0,195.0,0.0,556.0,183.0,0.0,586.0,178.0,0.0,568.0,185.0,1.0,616.0,185.0,1.0,577.0,209.0,6.0,499.0,203.0,542.0,481.0,110.0,182.0,473.0,7727.0
2018-03-05 21:00:00,21.0,641.0,197.0,1.0,559.0,188.0,0.0,583.0,182.0,0.0,559.0,186.0,1.0,584.0,187.0,1.0,531.0,204.0,6.0,505.0,206.0,538.0,477.0,97.0,307.0,425.0,6608.0
2018-03-05 22:00:00,10.0,714.0,196.0,0.0,573.0,190.0,0.0,584.0,183.0,0.0,566.0,187.0,1.0,592.0,188.0,0.0,548.0,203.0,1.0,512.0,202.0,445.0,430.0,137.0,179.0,381.0,2123.0
2018-03-05 23:00:00,0.0,672.0,188.0,0.0,570.0,183.0,0.0,585.0,179.0,0.0,571.0,183.0,1.0,597.0,183.0,0.0,558.0,195.0,0.0,522.0,193.0,263.0,249.0,136.0,137.0,432.0,2016.0
2018-03-06 00:00:00,1.0,685.0,185.0,0.0,569.0,180.0,0.0,588.0,177.0,0.0,571.0,183.0,1.0,604.0,182.0,0.0,566.0,193.0,0.0,532.0,192.0,316.0,277.0,135.0,132.0,420.0,2912.0
2018-03-06 01:00:00,0.0,680.0,184.0,0.0,568.0,179.0,0.0,589.0,175.0,0.0,581.0,184.0,1.0,611.0,182.0,0.0,560.0,195.0,0.0,532.0,190.0,260.0,259.0,128.0,164.0,207.0,447.0
2018-03-06 02:00:00,0.0,658.0,180.0,0.0,569.0,176.0,0.0,586.0,173.0,0.0,589.0,183.0,1.0,597.0,180.0,0.0,555.0,191.0,0.0,526.0,184.0,194.0,184.0,126.0,129.0,204.0,2571.0
2018-03-06 03:00:00,1.0,668.0,177.0,0.0,568.0,174.0,0.0,588.0,171.0,0.0,590.0,182.0,1.0,593.0,178.0,0.0,557.0,188.0,0.0,526.0,181.0,224.0,205.0,125.0,123.0,280.0,2016.0
2018-03-06 04:00:00,0.0,674.0,177.0,0.0,563.0,173.0,0.0,586.0,170.0,0.0,593.0,182.0,1.0,596.0,177.0,0.0,559.0,187.0,0.0,527.0,180.0,255.0,226.0,125.0,123.0,240.0,2464.0
2018-03-06 05:00:00,0.0,675.0,177.0,0.0,557.0,173.0,0.0,583.0,170.0,0.0,605.0,182.0,1.0,596.0,177.0,0.0,555.0,188.0,0.0,528.0,180.0,270.0,251.0,127.0,124.0,218.0,2016.0
2018-03-06 06:00:00,0.0,670.0,177.0,0.0,553.0,172.0,0.0,585.0,170.0,0.0,609.0,183.0,1.0,593.0,177.0,0.0,551.0,189.0,0.0,527.0,179.0,289.0,259.0,129.0,125.0,315.0,3808.0
2018-03-06 07:00:00,29.0,896.0,186.0,0.0,593.0,172.0,14.0,620.0,170.0,0.0,597.0,183.0,2.0,607.0,177.0,1.0,562.0,190.0,0.0,530.0,179.0,472.0,265.0,82.0,286.0,417.0,8838.0
2018-03-06 08:00:00,24.0,725.0,184.0,6.0,600.0,174.0,8.0,605.0,173.0,1.0,583.0,183.0,3.0,647.0,179.0,5.0,587.0,195.0,7.0,546.0,182.0,434.0,396.0,109.0,180.0,288.0,2240.0
2018-03-06 09:00:00,16.0,649.0,181.0,15.0,577.0,173.0,11.0,582.0,172.0,4.0,571.0,180.0,4.0,619.0,178.0,9.0,556.0,194.0,13.0,534.0,180.0,231.0,236.0,128.0,133.0,217.0,
2018-03-06 10:00:00,20.0,634.0,175.0,19.0,573.0,170.0,14.0,570.0,169.0,5.0,563.0,177.0,5.0,603.0,175.0,11.0,555.0,187.0,17.0,537.0,175.0,167.0,172.0,122.0,121.0,243.0,
2018-03-06 11:00:00,21.0,632.0,171.0,19.0,574.0,168.0,13.0,567.0,167.0,5.0,559.0,174.0,6.0,596.0,172.0,11.0,556.0,182.0,17.0,541.0,171.0,137.0,141.0,117.0,115.0,242.0,
2018-03-06 12:00:00,10.0,638.0,167.0,9.0,572.0,165.0,6.0,565.0,165.0,2.0,555.0,171.0,4.0,594.0,170.0,7.0,562.0,177.0,8.0,545.0,168.0,165.0,149.0,115.0,112.0,235.0,2014.0
2018-03-06 13:00:00,15.0,643.0,167.0,13.0,570.0,164.0,10.0,567.0,164.0,4.0,555.0,171.0,5.0,591.0,169.0,9.0,563.0,177.0,12.0,546.0,167.0,197.0,183.0,115.0,113.0,274.0,1008.0
2018-03-06 14:00:00,12.0,641.0,167.0,10.0,569.0,164.0,8.0,568.0,163.0,3.0,555.0,171.0,4.0,586.0,169.0,8.0,560.0,177.0,10.0,547.0,166.0,215.0,199.0,117.0,115.0,228.0,1680.0
2018-03-06 15:00:00,13.0,636.0,167.0,11.0,569.0,163.0,7.0,570.0,163.0,2.0,555.0,170.0,4.0,580.0,168.0,8.0,556.0,177.0,11.0,547.0,166.0,228.0,206.0,120.0,115.0,230.0,1792.0
2018-03-06 16:00:00,5.0,632.0,167.0,3.0,569.0,163.0,2.0,572.0,162.0,0.0,555.0,170.0,2.0,579.0,168.0,4.0,551.0,178.0,3.0,547.0,166.0,247.0,228.0,120.0,118.0,272.0,3021.0
2018-03-06 17:00:00,2.0,627.0,168.0,0.0,570.0,162.0,2.0,575.0,162.0,0.0,554.0,171.0,2.0,580.0,168.0,3.0,547.0,179.0,1.0,546.0,166.0,266.0,239.0,123.0,119.0,245.0,3024.0
2018-03-06 18:00:00,14.0,722.0,171.0,0.0,603.0,164.0,9.0,612.0,164.0,0.0,571.0,174.0,5.0,638.0,170.0,2.0,597.0,184.0,4.0,555.0,170.0,487.0,399.0,81.0,273.0,2939.0,10747.0
2018-03-06 19:00:00,18.0,695.0,180.0,0.0,607.0,174.0,0.0,631.0,172.0,0.0,580.0,181.0,2.0,644.0,177.0,5.0,594.0,208.0,4.0,565.0,181.0,540.0,483.0,94.0,161.0,2183.0,7056.0
2018-03-06 20:00:00,1.0,673.0,187.0,0.0,607.0,181.0,0.0,634.0,177.0,0.0,613.0,183.0,1.0,666.0,182.0,2.0,544.0,222.0,4.0,569.0,188.0,526.0,458.0,126.0,140.0,648.0,6159.0
2018-03-06 21:00:00,26.0,660.0,190.0,1.0,592.0,184.0,0.0,615.0,180.0,0.0,590.0,184.0,2.0,614.0,184.0,3.0,539.0,211.0,3.0,548.0,195.0,553.0,457.0,81.0,284.0,1178.0,8736.0
2018-03-06 22:00:00,48.0,870.0,197.0,0.0,587.0,186.0,0.0,610.0,182.0,0.0,605.0,185.0,2.0,641.0,185.0,0.0,571.0,204.0,4.0,538.0,199.0,538.0,425.0,68.0,388.0,1307.0,11198.0
2018-03-06 23:00:00,1.0,727.0,199.0,0.0,611.0,185.0,0.0,611.0,181.0,0.0,623.0,185.0,1.0,678.0,185.0,0.0,600.0,203.0,4.0,542.0,198.0,351.0,337.0,121.0,171.0,278.0,1344.0
2018-03-07 00:00:00,1.0,636.0,191.0,0.0,596.0,181.0,0.0,613.0,177.0,0.0,609.0,181.0,1.0,625.0,183.0,0.0,571.0,198.0,1.0,542.0,191.0,215.0,218.0,115.0,136.0,265.0,
2018-03-07 01:00:00,1.0,606.0,183.0,0.0,584.0,178.0,0.0,608.0,173.0,0.0,611.0,179.0,1.0,597.0,180.0,0.0,557.0,191.0,0.0,540.0,184.0,161.0,165.0,118.0,123.0,222.0,
2018-03-07 02:00:00,0.0,599.0,177.0,0.0,572.0,175.0,0.0,603.0,170.0,0.0,613.0,178.0,0.0,583.0,177.0,0.0,552.0,185.0,0.0,540.0,178.0,171.0,156.0,113.0,115.0,224.0,2016.0
2018-03-07 03:00:00,1.0,599.0,176.0,0.0,559.0,173.0,0.0,603.0,168.0,0.0,618.0,178.0,0.0,579.0,176.0,0.0,550.0,184.0,0.0,536.0,178.0,225.0,208.0,119.0,118.0,282.0,784.0
2018-03-07 04:00:00,1.0,592.0,176.0,0.0,553.0,172.0,0.0,600.0,167.0,0.0,623.0,179.0,1.0,576.0,176.0,0.0,541.0,185.0,0.0,532.0,178.0,245.0,227.0,124.0,120.0,227.0,2016.0
2018-03-07 05:00:00,1.0,582.0,176.0,0.0,550.0,172.0,0.0,597.0,167.0,0.0,631.0,179.0,0.0,571.0,176.0,0.0,533.0,186.0,0.0,528.0,178.0,275.0,247.0,125.0,123.0,233.0,2688.0
2018-03-07 06:00:00,1.0,573.0,177.0,0.0,548.0,171.0,0.0,598.0,166.0,0.0,641.0,180.0,0.0,565.0,176.0,0.0,524.0,188.0,0.0,525.0,178.0,286.0,255.0,128.0,123.0,312.0,2576.0
2018-03-07 07:00:00,33.0,644.0,179.0,9.0,558.0,171.0,6.0,604.0,167.0,1.0,619.0,180.0,4.0,575.0,175.0,4.0,519.0,189.0,8.0,519.0,177.0,423.0,263.0,92.0,244.0,411.0,4704.0
2018-03-07 08:00:00,34.0,611.0,177.0,76.0,576.0,170.0,14.0,595.0,167.0,6.0,581.0,178.0,8.0,586.0,174.0,8.0,555.0,186.0,41.0,538.0,175.0,291.0,212.0,122.0,160.0,280.0,
2018-03-07 09:00:00,57.0,599.0,173.0,110.0,570.0,169.0,21.0,585.0,166.0,9.0,572.0,176.0,12.0,589.0,172.0,15.0,553.0,182.0,88.0,539.0,173.0,190.0,167.0,122.0,126.0,312.0,
2018-03-07 10:00:00,67.0,597.0,169.0,79.0,566.0,167.0,29.0,578.0,164.0,12.0,564.0,173.0,14.0,585.0,170.0,20.0,556.0,177.0,68.0,542.0,169.0,142.0,137.0,117.0,115.0,249.0,
2018-03-07 11:00:00,47.0,598.0,166.0,62.0,565.0,166.0,33.0,574.0,163.0,13.0,560.0,171.0,13.0,584.0,168.0,19.0,559.0,174.0,50.0,546.0,167.0,123.0,122.0,111.0,110.0,270.0,
2018-03-07 12:00:00,69.0,599.0,164.0,65.0,565.0,164.0,48.0,571.0,162.0,19.0,557.0,170.0,18.0,580.0,167.0,29.0,559.0,172.0,70.0,549.0,165.0,113.0,114.0,110.0,108.0,283.0,
2018-03-07 13:00:00,59.0,601.0,163.0,55.0,564.0,163.0,62.0,570.0,161.0,25.0,556.0,169.0,20.0,581.0,166.0,36.0,562.0,171.0,68.0,552.0,164.0,142.0,134.0,109.0,108.0,242.0,896.0
2018-03-07 14:00:00,46.0,596.0,163.0,43.0,565.0,163.0,90.0,571.0,161.0,43.0,560.0,169.0,28.0,580.0,166.0,64.0,561.0,171.0,69.0,555.0,162.0,126.0,127.0,110.0,108.0,263.0,
2018-03-07 15:00:00,28.0,595.0,162.0,24.0,566.0,161.0,63.0,570.0,160.0,19.0,559.0,168.0,17.0,578.0,165.0,31.0,559.0,170.0,34.0,557.0,161.0,152.0,141.0,110.0,108.0,284.0,1792.0
2018-03-07 16:00:00,24.0,595.0,163.0,24.0,566.0,161.0,64.0,570.0,160.0,17.0,557.0,168.0,25.0,579.0,165.0,23.0,559.0,171.0,26.0,557.0,161.0,193.0,180.0,111.0,110.0,258.0,1008.0
2018-03-07 17:00:00,6.0,590.0,164.0,5.0,564.0,161.0,3.0,570.0,159.0,1.0,555.0,167.0,2.0,574.0,165.0,1.0,552.0,172.0,5.0,553.0,162.0,237.0,209.0,115.0,113.0,286.0,3136.0
2018-03-07 18:00:00,8.0,621.0,169.0,0.0,566.0,164.0,15.0,578.0,161.0,0.0,559.0,169.0,1.0,581.0,168.0,2.0,538.0,182.0,3.0,550.0,169.0,468.0,388.0,101.0,208.0,1973.0,8619.0
2018-03-07 19:00:00,14.0,624.0,178.0,0.0,574.0,175.0,7.0,585.0,169.0,0.0,562.0,177.0,2.0,574.0,176.0,1.0,501.0,203.0,4.0,541.0,183.0,517.0,461.0,100.0,254.0,367.0,6608.0
2018-03-07 20:00:00,30.0,594.0,183.0,1.0,606.0,180.0,0.0,613.0,174.0,0.0,560.0,179.0,2.0,571.0,179.0,1.0,524.0,197.0,5.0,532.0,189.0,521.0,455.0,110.0,196.0,755.0,5488.0
2018-03-07 21:00:00,1.0,586.0,186.0,0.0,611.0,183.0,0.0,607.0,176.0,0.0,561.0,181.0,1.0,575.0,180.0,0.0,532.0,194.0,5.0,537.0,196.0,515.0,456.0,107.0,186.0,754.0,6383.0
2018-03-07 22:00:00,1.0,573.0,188.0,0.0,604.0,185.0,0.0,606.0,178.0,0.0,559.0,182.0,1.0,570.0,181.0,0.0,531.0,193.0,5.0,537.0,200.0,491.0,436.0,119.0,145.0,441.0,5375.0
2018-03-07 23:00:00,15.0,585.0,190.0,0.0,602.0,185.0,0.0,606.0,179.0,0.0,562.0,183.0,1.0,577.0,181.0,0.0,541.0,192.0,5.0,532.0,202.0,381.0,366.0,112.0,210.0,436.0,1567.0
2018-03-08 00:00:00,1.0,565.0,187.0,0.0,590.0,180.0,0.0,607.0,176.0,0.0,568.0,180.0,1.0,582.0,178.0,0.0,546.0,187.0,5.0,537.0,195.0,246.0,237.0,130.0,145.0,405.0,1120.0
2018-03-08 01:00:00,2.0,570.0,184.0,0.0,593.0,177.0,0.0,606.0,173.0,0.0,568.0,179.0,1.0,585.0,177.0,0.0,550.0,186.0,3.0,539.0,191.0,253.0,231.0,130.0,130.0,300.0,2352.0
2018-03-08 02:00:00,0.0,565.0,182.0,0.0,587.0,175.0,0.0,604.0,171.0,0.0,577.0,178.0,1.0,578.0,177.0,0.0,546.0,185.0,0.0,531.0,186.0,185.0,185.0,127.0,124.0,282.0,
2018-03-08 03:00:00,1.0,571.0,177.0,0.0,584.0,173.0,0.0,604.0,169.0,0.0,590.0,178.0,1.0,575.0,175.0,0.0,549.0,182.0,0.0,529.0,181.0,208.0,190.0,121.0,120.0,222.0,1792.0
2018-03-08 04:00:00,1.0,570.0,176.0,0.0,575.0,172.0,0.0,602.0,168.0,0.0,596.0,178.0,1.0,572.0,174.0,0.0,545.0,182.0,0.0,529.0,180.0,234.0,218.0,125.0,121.0,234.0,1008.0
2018-03-08 05:00:00,1.0,565.0,176.0,0.0,570.0,171.0,0.0,601.0,168.0,0.0,604.0,178.0,1.0,565.0,174.0,0.0,536.0,183.0,0.0,526.0,180.0,269.0,239.0,125.0,123.0,253.0,2464.0
2018-03-08 06:00:00,1.0,559.0,177.0,0.0,566.0,171.0,0.0,601.0,167.0,0.0,611.0,179.0,1.0,559.0,175.0,0.0,528.0,184.0,0.0,523.0,179.0,274.0,247.0,128.0,124.0,360.0,2800.0
2018-03-08 07:00:00,11.0,556.0,177.0,0.0,561.0,170.0,0.0,606.0,167.0,0.0,620.0,179.0,2.0,557.0,175.0,1.0,523.0,185.0,0.0,522.0,179.0,263.0,247.0,129.0,124.0,259.0,2127.0
2018-03-08 08:00:00,60.0,763.0,185.0,99.0,587.0,171.0,13.0,627.0,168.0,3.0,615.0,181.0,7.0,607.0,175.0,8.0,561.0,188.0,66.0,531.0,180.0,383.0,303.0,86.0,280.0,1314.0,9741.0
2018-03-08 09:00:00,73.0,670.0,187.0,148.0,592.0,178.0,13.0,613.0,171.0,9.0,633.0,179.0,9.0,622.0,178.0,11.0,572.0,193.0,137.0,546.0,188.0,350.0,328.0,104.0,165.0,954.0,2013.0
2018-03-08 10:00:00,89.0,633.0,187.0,73.0,585.0,180.0,17.0,581.0,174.0,11.0,626.0,178.0,9.0,582.0,180.0,17.0,541.0,196.0,66.0,526.0,190.0,331.0,306.0,129.0,136.0,374.0,2800.0
2018-03-08 11:00:00,96.0,622.0,188.0,56.0,579.0,183.0,27.0,575.0,176.0,11.0,618.0,179.0,5.0,566.0,183.0,22.0,528.0,202.0,63.0,520.0,195.0,492.0,435.0,128.0,164.0,344.0,6944.0
2018-03-08 12:00:00,95.0,604.0,192.0,70.0,571.0,186.0,47.0,527.0,176.0,16.0,585.0,183.0,15.0,567.0,185.0,32.0,523.0,203.0,106.0,518.0,200.0,441.0,387.0,122.0,224.0,1073.0,5040.0
2018-03-08 13:00:00,73.0,525.0,193.0,73.0,555.0,186.0,68.0,556.0,179.0,29.0,555.0,185.0,20.0,545.0,186.0,56.0,498.0,204.0,86.0,485.0,201.0,404.0,354.0,100.0,251.0,1124.0,3806.0
2018-03-08 14:00:00,43.0,528.0,190.0,46.0,538.0,184.0,42.0,547.0,180.0,19.0,547.0,183.0,15.0,538.0,184.0,35.0,490.0,199.0,46.0,476.0,195.0,237.0,239.0,94.0,183.0,989.0,
2018-03-08 15:00:00,30.0,544.0,184.0,30.0,551.0,180.0,22.0,557.0,177.0,14.0,552.0,182.0,13.0,558.0,182.0,25.0,521.0,194.0,32.0,503.0,188.0,170.0,174.0,118.0,133.0,266.0,
2018-03-08 16:00:00,17.0,565.0,180.0,11.0,556.0,177.0,68.0,560.0,174.0,8.0,548.0,180.0,12.0,556.0,180.0,13.0,544.0,189.0,16.0,513.0,183.0,141.0,148.0,96.0,127.0,323.0,336.0
2018-03-08 17:00:00,7.0,601.0,180.0,5.0,578.0,179.0,14.0,579.0,175.0,1.0,565.0,181.0,3.0,584.0,181.0,7.0,650.0,201.0,12.0,528.0,186.0,456.0,360.0,95.0,125.0,588.0,10192.0
2018-03-08 18:00:00,25.0,661.0,189.0,0.0,603.0,185.0,18.0,637.0,181.0,0.0,598.0,186.0,2.0,648.0,188.0,1.0,580.0,217.0,6.0,543.0,194.0,476.0,362.0,89.0,223.0,716.0,7952.0
2018-03-08 19:00:00,1.0,654.0,197.0,0.0,607.0,187.0,7.0,642.0,183.0,0.0,593.0,185.0,1.0,622.0,190.0,1.0,573.0,208.0,5.0,555.0,199.0,457.0,407.0,127.0,172.0,321.0,5712.0
2018-03-08 20:00:00,10.0,668.0,201.0,0.0,587.0,190.0,0.0,642.0,186.0,0.0,592.0,185.0,1.0,598.0,192.0,1.0,553.0,208.0,5.0,544.0,203.0,480.0,404.0,121.0,194.0,460.0,5935.0
2018-03-08 21:00:00,16.0,666.0,199.0,2.0,579.0,190.0,0.0,621.0,185.0,0.0,593.0,184.0,1.0,594.0,191.0,1.0,553.0,204.0,5.0,539.0,201.0,386.0,310.0,96.0,216.0,1038.0,1008.0
2018-03-08 22:00:00,0.0,641.0,192.0,0.0,580.0,187.0,0.0,611.0,181.0,0.0,585.0,184.0,1.0,592.0,188.0,0.0,552.0,199.0,5.0,560.0,198.0,294.0,262.0,94.0,153.0,776.0,3248.0
2018-03-08 23:00:00,6.0,635.0,191.0,0.0,578.0,186.0,2.0,605.0,181.0,0.0,579.0,184.0,1.0,583.0,188.0,0.0,545.0,200.0,1.0,547.0,198.0,325.0,294.0,102.0,159.0,523.0,3807.0
2018-03-09 00:00:00,1.0,624.0,191.0,0.0,570.0,186.0,0.0,598.0,180.0,0.0,576.0,185.0,1.0,572.0,189.0,0.0,537.0,202.0,0.0,549.0,200.0,340.0,305.0,132.0,139.0,457.0,4256.0
2018-03-09 01:00:00,1.0,615.0,190.0,0.0,567.0,185.0,0.0,594.0,179.0,0.0,574.0,185.0,1.0,569.0,189.0,0.0,530.0,202.0,0.0,535.0,200.0,300.0,285.0,139.0,135.0,341.0,1456.0
2018-03-09 02:00:00,0.0,596.0,188.0,0.0,565.0,184.0,0.0,590.0,177.0,0.0,577.0,184.0,1.0,573.0,187.0,0.0,530.0,199.0,0.0,522.0,194.0,201.0,201.0,132.0,129.0,258.0,
2018-03-09 03:00:00,1.0,578.0,183.0,0.0,564.0,181.0,0.0,583.0,174.0,0.0,578.0,182.0,1.0,567.0,184.0,0.0,530.0,193.0,0.0,523.0,189.0,155.0,156.0,124.0,122.0,248.0,
2018-03-09 06:00:00,1.0,563.0,173.0,0.0,557.0,175.0,0.0,568.0,167.0,0.0,573.0,177.0,0.0,550.0,177.0,0.0,531.0,180.0,0.0,523.0,178.0,115.0,116.0,113.0,112.0,312.0,
2018-03-09 08:00:00,115.0,665.0,181.0,205.0,558.0,180.0,34.0,585.0,171.0,12.0,582.0,178.0,10.0,576.0,180.0,11.0,532.0,193.0,132.0,537.0,186.0,452.0,456.0,80.0,255.0,1660.0,
2018-03-09 09:00:00,109.0,874.0,190.0,121.0,574.0,183.0,30.0,632.0,172.0,13.0,596.0,182.0,8.0,636.0,182.0,11.0,530.0,195.0,108.0,540.0,191.0,446.0,368.0,67.0,281.0,1004.0,5824.0
2018-03-09 10:00:00,69.0,818.0,192.0,56.0,569.0,186.0,20.0,607.0,175.0,11.0,597.0,184.0,11.0,599.0,184.0,15.0,532.0,199.0,49.0,536.0,195.0,353.0,335.0,97.0,176.0,406.0,2240.0
2018-03-09 11:00:00,90.0,774.0,189.0,47.0,560.0,182.0,27.0,584.0,174.0,14.0,572.0,181.0,16.0,575.0,181.0,23.0,524.0,194.0,41.0,524.0,189.0,220.0,221.0,123.0,133.0,352.0,
2018-03-09 12:00:00,88.0,730.0,183.0,46.0,552.0,178.0,43.0,567.0,171.0,21.0,546.0,179.0,19.0,557.0,178.0,29.0,520.0,187.0,55.0,513.0,183.0,318.0,174.0,93.0,240.0,371.0,7391.0
2018-03-09 13:00:00,65.0,631.0,177.0,54.0,542.0,175.0,73.0,552.0,169.0,41.0,522.0,177.0,23.0,576.0,175.0,44.0,552.0,182.0,67.0,508.0,179.0,364.0,185.0,86.0,192.0,1495.0,
2018-03-09 14:00:00,43.0,617.0,173.0,55.0,541.0,174.0,119.0,555.0,169.0,69.0,522.0,177.0,36.0,584.0,175.0,91.0,564.0,181.0,73.0,517.0,176.0,202.0,159.0,107.0,130.0,644.0,
2018-03-09 15:00:00,33.0,602.0,171.0,39.0,542.0,173.0,348.0,552.0,170.0,91.0,530.0,177.0,81.0,571.0,176.0,133.0,549.0,180.0,66.0,524.0,174.0,148.0,137.0,118.0,119.0,288.0,
2018-03-09 16:00:00,24.0,590.0,170.0,23.0,543.0,172.0,214.0,550.0,171.0,58.0,540.0,178.0,95.0,558.0,175.0,62.0,536.0,179.0,35.0,527.0,173.0,128.0,125.0,119.0,116.0,328.0,
2018-03-09 17:00:00,12.0,624.0,172.0,6.0,543.0,174.0,14.0,557.0,171.0,3.0,544.0,178.0,10.0,556.0,177.0,4.0,531.0,184.0,11.0,541.0,176.0,428.0,344.0,106.0,146.0,477.0,11646.0
2018-03-09 18:00:00,6.0,628.0,183.0,0.0,530.0,184.0,4.0,565.0,177.0,0.0,550.0,183.0,6.0,566.0,184.0,2.0,523.0,201.0,3.0,521.0,193.0,522.0,465.0,121.0,222.0,1891.0,7055.0
2018-03-09 19:00:00,10.0,591.0,190.0,0.0,517.0,188.0,1.0,566.0,181.0,0.0,541.0,185.0,4.0,544.0,187.0,0.0,507.0,205.0,4.0,508.0,200.0,517.0,459.0,124.0,198.0,358.0,6047.0
2018-03-09 20:00:00,1.0,564.0,193.0,0.0,507.0,191.0,0.0,585.0,184.0,0.0,538.0,187.0,1.0,540.0,188.0,0.0,514.0,202.0,3.0,485.0,204.0,503.0,443.0,138.0,151.0,388.0,6720.0
2018-03-09 21:00:00,1.0,558.0,195.0,0.0,503.0,193.0,0.0,586.0,186.0,0.0,532.0,187.0,1.0,534.0,189.0,1.0,499.0,201.0,4.0,491.0,207.0,527.0,447.0,142.0,142.0,367.0,5151.0
2018-03-09 22:00:00,2.0,547.0,196.0,0.0,498.0,194.0,0.0,587.0,187.0,0.0,531.0,188.0,1.0,532.0,190.0,1.0,496.0,200.0,0.0,480.0,208.0,413.0,388.0,127.0,143.0,313.0,1678.0
2018-03-09 23:00:00,10.0,553.0,193.0,0.0,503.0,189.0,0.0,591.0,184.0,0.0,548.0,187.0,1.0,533.0,187.0,0.0,500.0,197.0,0.0,469.0,200.0,438.0,262.0,108.0,257.0,291.0,560.0
2018-03-10 00:00:00,0.0,551.0,186.0,0.0,511.0,185.0,0.0,587.0,180.0,0.0,563.0,185.0,0.0,544.0,184.0,0.0,511.0,190.0,0.0,476.0,192.0,253.0,197.0,133.0,155.0,247.0,
2018-03-10 01:00:00,0.0,553.0,181.0,0.0,514.0,182.0,0.0,584.0,177.0,0.0,564.0,183.0,0.0,541.0,181.0,0.0,515.0,186.0,0.0,483.0,187.0,175.0,159.0,128.0,130.0,230.0,
2018-03-10 02:00:00,0.0,555.0,176.0,0.0,515.0,179.0,0.0,579.0,174.0,0.0,576.0,182.0,0.0,540.0,179.0,0.0,518.0,182.0,0.0,486.0,183.0,142.0,138.0,122.0,121.0,283.0,
2018-03-10 03:00:00,0.0,555.0,173.0,0.0,514.0,177.0,0.0,576.0,172.0,0.0,589.0,181.0,1.0,539.0,177.0,0.0,519.0,179.0,0.0,488.0,180.0,127.0,126.0,118.0,117.0,236.0,
2018-03-10 04:00:00,0.0,556.0,171.0,0.0,514.0,175.0,0.0,575.0,170.0,0.0,588.0,179.0,1.0,538.0,175.0,0.0,520.0,177.0,0.0,489.0,177.0,119.0,119.0,115.0,114.0,240.0,
2018-03-10 05:00:00,0.0,555.0,168.0,0.0,514.0,173.0,0.0,576.0,168.0,0.0,597.0,178.0,0.0,540.0,173.0,0.0,524.0,175.0,0.0,492.0,174.0,115.0,114.0,113.0,113.0,277.0,
2018-03-10 06:00:00,1.0,554.0,166.0,0.0,514.0,171.0,0.0,575.0,167.0,0.0,601.0,177.0,1.0,539.0,171.0,0.0,523.0,173.0,0.0,494.0,172.0,111.0,111.0,110.0,110.0,292.0,
2018-03-10 07:00:00,3.0,553.0,165.0,0.0,515.0,169.0,0.0,577.0,166.0,0.0,615.0,176.0,1.0,537.0,170.0,0.0,524.0,171.0,0.0,496.0,170.0,110.0,109.0,110.0,110.0,303.0,
2018-03-10 08:00:00,11.0,556.0,164.0,0.0,519.0,168.0,23.0,554.0,165.0,0.0,612.0,174.0,2.0,542.0,168.0,1.0,532.0,170.0,0.0,503.0,167.0,106.0,107.0,109.0,108.0,333.0,
2018-03-10 09:00:00,25.0,564.0,163.0,0.0,524.0,167.0,29.0,542.0,165.0,0.0,621.0,173.0,3.0,555.0,167.0,8.0,550.0,173.0,0.0,515.0,168.0,320.0,248.0,94.0,155.0,370.0,10976.0
2018-03-10 10:00:00,23.0,586.0,175.0,14.0,532.0,176.0,27.0,561.0,171.0,2.0,582.0,179.0,5.0,556.0,177.0,12.0,517.0,195.0,6.0,513.0,185.0,528.0,466.0,92.0,214.0,537.0,6832.0
2018-03-10 11:00:00,20.0,538.0,181.0,15.0,528.0,181.0,28.0,555.0,175.0,3.0,562.0,181.0,5.0,560.0,181.0,10.0,521.0,203.0,7.0,497.0,194.0,466.0,412.0,104.0,223.0,454.0,5712.0
2018-03-10 12:00:00,46.0,782.0,191.0,17.0,524.0,182.0,19.0,556.0,177.0,4.0,560.0,182.0,4.0,540.0,183.0,9.0,475.0,206.0,8.0,485.0,195.0,494.0,388.0,91.0,265.0,1179.0,12319.0
2018-03-10 13:00:00,19.0,791.0,195.0,12.0,535.0,182.0,5.0,561.0,177.0,1.0,564.0,184.0,2.0,561.0,183.0,4.0,471.0,213.0,11.0,494.0,195.0,408.0,366.0,82.0,219.0,2588.0,4815.0
2018-03-10 14:00:00,12.0,651.0,190.0,8.0,541.0,182.0,3.0,564.0,177.0,1.0,562.0,183.0,2.0,561.0,184.0,2.0,468.0,214.0,5.0,496.0,192.0,262.0,261.0,113.0,162.0,292.0,
2018-03-10 15:00:00,8.0,601.0,183.0,5.0,539.0,179.0,2.0,556.0,175.0,0.0,553.0,181.0,2.0,547.0,181.0,0.0,479.0,203.0,3.0,499.0,185.0,185.0,187.0,125.0,131.0,329.0,
2018-03-10 16:00:00,5.0,579.0,177.0,2.0,535.0,175.0,0.0,547.0,172.0,0.0,547.0,179.0,1.0,540.0,178.0,0.0,493.0,194.0,1.0,507.0,180.0,147.0,150.0,122.0,122.0,294.0,
2018-03-10 17:00:00,2.0,573.0,173.0,0.0,533.0,173.0,0.0,541.0,170.0,0.0,541.0,177.0,1.0,539.0,176.0,0.0,508.0,187.0,0.0,511.0,177.0,165.0,155.0,120.0,118.0,306.0,1120.0
2018-03-10 18:00:00,31.0,681.0,175.0,0.0,543.0,172.0,2.0,551.0,169.0,0.0,545.0,176.0,1.0,558.0,175.0,1.0,530.0,186.0,1.0,517.0,176.0,350.0,261.0,89.0,262.0,947.0,12544.0
2018-03-10 19:00:00,1.0,681.0,190.0,0.0,562.0,179.0,3.0,629.0,176.0,0.0,592.0,182.0,1.0,620.0,182.0,0.0,561.0,199.0,4.0,520.0,189.0,548.0,470.0,95.0,206.0,400.0,8735.0
2018-03-10 20:00:00,12.0,603.0,197.0,0.0,550.0,186.0,0.0,616.0,183.0,0.0,580.0,184.0,1.0,585.0,186.0,0.0,532.0,202.0,4.0,504.0,198.0,539.0,478.0,121.0,178.0,419.0,7056.0
2018-03-10 21:00:00,1.0,581.0,200.0,0.0,543.0,191.0,0.0,605.0,186.0,0.0,574.0,184.0,1.0,571.0,189.0,0.0,523.0,203.0,4.0,509.0,205.0,537.0,473.0,128.0,205.0,452.0,6715.0
2018-03-10 22:00:00,9.0,567.0,203.0,0.0,535.0,194.0,0.0,601.0,188.0,0.0,561.0,187.0,1.0,561.0,190.0,0.0,518.0,203.0,4.0,513.0,210.0,519.0,462.0,132.0,171.0,400.0,5824.0
2018-03-10 23:00:00,1.0,583.0,201.0,0.0,534.0,193.0,0.0,598.0,189.0,0.0,567.0,187.0,1.0,561.0,191.0,0.0,518.0,204.0,4.0,512.0,209.0,425.0,389.0,125.0,162.0,384.0,3472.0
2018-03-11 00:00:00,1.0,564.0,196.0,0.0,538.0,190.0,0.0,600.0,186.0,0.0,575.0,184.0,1.0,556.0,190.0,0.0,516.0,202.0,5.0,517.0,204.0,263.0,265.0,138.0,144.0,394.0,
2018-03-11 01:00:00,5.0,562.0,190.0,0.0,539.0,186.0,0.0,596.0,181.0,0.0,580.0,182.0,1.0,564.0,186.0,0.0,526.0,196.0,3.0,516.0,198.0,183.0,187.0,128.0,133.0,391.0,
2018-03-11 02:00:00,0.0,575.0,185.0,0.0,558.0,183.0,0.0,595.0,180.0,0.0,584.0,181.0,1.0,568.0,184.0,0.0,538.0,191.0,0.0,520.0,192.0,148.0,152.0,116.0,133.0,267.0,
2018-03-11 03:00:00,0.0,581.0,180.0,0.0,573.0,181.0,,,,0.0,591.0,180.0,1.0,569.0,182.0,0.0,547.0,187.0,0.0,521.0,187.0,132.0,134.0,120.0,121.0,282.0,
2018-03-11 05:00:00,1.0,592.0,176.0,0.0,577.0,177.0,,,,0.0,605.0,180.0,1.0,571.0,178.0,0.0,555.0,182.0,0.0,531.0,182.0,185.0,185.0,120.0,120.0,192.0,
2018-03-11 06:00:00,1.0,590.0,176.0,0.0,578.0,176.0,,,,0.0,613.0,180.0,1.0,571.0,178.0,0.0,554.0,182.0,0.0,531.0,181.0,224.0,199.0,120.0,120.0,226.0,1120.0
2018-03-11 08:00:00,87.0,574.0,185.0,0.0,592.0,180.0,,,,0.0,625.0,186.0,6.0,567.0,183.0,7.0,525.0,196.0,12.0,543.0,190.0,453.0,396.0,132.0,149.0,299.0,2240.0
2018-03-11 09:00:00,85.0,570.0,187.0,0.0,594.0,180.0,9.0,591.0,177.0,0.0,623.0,187.0,6.0,568.0,184.0,6.0,521.0,199.0,9.0,540.0,192.0,492.0,415.0,132.0,142.0,296.0,560.0
2018-03-11 11:00:00,56.0,708.0,202.0,54.0,612.0,185.0,28.0,616.0,182.0,13.0,609.0,186.0,9.0,599.0,187.0,18.0,570.0,202.0,41.0,547.0,198.0,344.0,322.0,105.0,181.0,1202.0,1232.0
2018-03-11 14:00:00,63.0,690.0,203.0,74.0,616.0,192.0,0.0,635.0,186.0,84.0,621.0,188.0,17.0,610.0,194.0,57.0,538.0,219.0,121.0,588.0,207.0,408.0,383.0,104.0,226.0,488.0,2126.0
2018-03-11 16:00:00,16.0,604.0,207.0,17.0,592.0,194.0,44.0,607.0,193.0,24.0,615.0,193.0,22.0,608.0,196.0,17.0,568.0,206.0,44.0,553.0,206.0,390.0,342.0,130.0,150.0,434.0,784.0
2018-03-11 17:00:00,9.0,598.0,207.0,8.0,588.0,194.0,15.0,605.0,193.0,5.0,612.0,193.0,4.0,606.0,195.0,4.0,568.0,205.0,24.0,556.0,206.0,409.0,360.0,139.0,149.0,366.0,1232.0
2018-03-11 19:00:00,36.0,621.0,205.0,2.0,659.0,197.0,6.0,677.0,193.0,0.0,648.0,193.0,3.0,642.0,199.0,3.0,534.0,239.0,5.0,568.0,205.0,276.0,270.0,84.0,194.0,1506.0,
2018-03-11 20:00:00,1.0,623.0,205.0,2.0,661.0,197.0,0.0,666.0,191.0,0.0,648.0,193.0,2.0,645.0,200.0,3.0,546.0,237.0,6.0,568.0,204.0,270.0,241.0,78.0,190.0,1089.0,1232.0
2018-03-11 21:00:00,6.0,605.0,204.0,0.0,614.0,195.0,0.0,652.0,187.0,0.0,612.0,190.0,1.0,610.0,199.0,0.0,520.0,227.0,6.0,579.0,203.0,306.0,270.0,106.0,198.0,352.0,3471.0
2018-03-11 22:00:00,7.0,599.0,205.0,0.0,599.0,193.0,0.0,646.0,187.0,0.0,611.0,190.0,1.0,599.0,199.0,0.0,524.0,223.0,2.0,563.0,204.0,297.0,284.0,106.0,191.0,1345.0,1008.0
2018-03-11 23:00:00,0.0,585.0,201.0,0.0,595.0,191.0,0.0,636.0,185.0,0.0,616.0,190.0,1.0,594.0,198.0,0.0,531.0,216.0,0.0,552.0,201.0,203.0,204.0,105.0,152.0,991.0,
2018-03-12 00:00:00,0.0,584.0,196.0,0.0,603.0,188.0,0.0,631.0,183.0,0.0,605.0,189.0,1.0,587.0,196.0,0.0,538.0,211.0,0.0,555.0,197.0,162.0,164.0,121.0,133.0,240.0,
2018-03-12 01:00:00,0.0,589.0,192.0,0.0,607.0,186.0,0.0,626.0,181.0,0.0,600.0,188.0,0.0,582.0,194.0,0.0,539.0,205.0,0.0,555.0,193.0,141.0,143.0,125.0,126.0,266.0,
2018-03-12 02:00:00,0.0,589.0,189.0,0.0,606.0,184.0,0.0,621.0,179.0,0.0,600.0,186.0,1.0,576.0,191.0,0.0,543.0,201.0,0.0,553.0,191.0,131.0,132.0,125.0,123.0,245.0,
2018-03-12 03:00:00,0.0,590.0,186.0,0.0,610.0,183.0,0.0,617.0,178.0,0.0,601.0,185.0,1.0,573.0,189.0,0.0,549.0,197.0,0.0,551.0,188.0,125.0,126.0,122.0,121.0,282.0,
2018-03-12 04:00:00,0.0,590.0,184.0,0.0,609.0,181.0,0.0,614.0,176.0,0.0,603.0,184.0,0.0,574.0,187.0,0.0,553.0,194.0,0.0,550.0,186.0,120.0,122.0,120.0,120.0,264.0,
2018-03-12 05:00:00,0.0,593.0,181.0,0.0,611.0,180.0,0.0,615.0,175.0,0.0,602.0,182.0,1.0,575.0,185.0,0.0,553.0,191.0,0.0,548.0,184.0,120.0,119.0,120.0,118.0,256.0,
2018-03-12 06:00:00,1.0,594.0,179.0,0.0,612.0,178.0,0.0,615.0,173.0,0.0,603.0,181.0,1.0,574.0,183.0,0.0,553.0,188.0,0.0,548.0,181.0,115.0,116.0,118.0,118.0,352.0,
2018-03-12 07:00:00,30.0,900.0,190.0,0.0,625.0,178.0,0.0,630.0,173.0,0.0,613.0,180.0,1.0,583.0,182.0,1.0,567.0,187.0,1.0,554.0,179.0,369.0,132.0,78.0,299.0,555.0,8624.0
2018-03-12 08:00:00,11.0,759.0,183.0,6.0,643.0,177.0,20.0,663.0,174.0,0.0,612.0,179.0,2.0,610.0,181.0,1.0,595.0,185.0,5.0,594.0,178.0,374.0,167.0,98.0,232.0,336.0,
2018-03-12 09:00:00,14.0,633.0,178.0,18.0,644.0,175.0,7.0,609.0,172.0,2.0,599.0,177.0,4.0,602.0,178.0,4.0,584.0,183.0,10.0,600.0,175.0,204.0,153.0,104.0,129.0,221.0,
2018-03-12 10:00:00,22.0,624.0,174.0,29.0,645.0,173.0,,598.0,171.0,5.0,594.0,175.0,6.0,599.0,177.0,8.0,581.0,181.0,18.0,599.0,173.0,153.0,137.0,102.0,116.0,222.0,
2018-03-12 11:00:00,28.0,620.0,172.0,32.0,644.0,171.0,13.0,593.0,169.0,6.0,591.0,173.0,8.0,598.0,175.0,11.0,580.0,179.0,21.0,597.0,170.0,131.0,126.0,108.0,113.0,246.0,
2018-03-12 12:00:00,32.0,617.0,170.0,44.0,644.0,170.0,16.0,591.0,168.0,8.0,590.0,172.0,9.0,597.0,174.0,13.0,579.0,177.0,26.0,596.0,168.0,122.0,120.0,110.0,110.0,255.0,
2018-03-12 13:00:00,32.0,615.0,168.0,38.0,645.0,168.0,13.0,590.0,167.0,7.0,588.0,171.0,9.0,598.0,172.0,13.0,581.0,176.0,24.0,595.0,167.0,117.0,116.0,110.0,110.0,226.0,
2018-03-12 14:00:00,28.0,614.0,167.0,30.0,644.0,167.0,12.0,588.0,166.0,6.0,587.0,169.0,7.0,596.0,171.0,11.0,581.0,174.0,21.0,593.0,165.0,115.0,113.0,110.0,108.0,230.0,
2018-03-12 15:00:00,18.0,610.0,165.0,19.0,644.0,165.0,7.0,586.0,165.0,3.0,585.0,167.0,5.0,595.0,170.0,6.0,579.0,173.0,14.0,592.0,164.0,111.0,112.0,110.0,108.0,280.0,
2018-03-12 16:00:00,10.0,604.0,164.0,11.0,644.0,164.0,3.0,578.0,163.0,2.0,580.0,166.0,3.0,594.0,168.0,3.0,579.0,172.0,7.0,589.0,162.0,110.0,110.0,110.0,108.0,224.0,
2018-03-12 17:00:00,4.0,603.0,162.0,3.0,643.0,163.0,0.0,578.0,162.0,0.0,579.0,165.0,1.0,592.0,166.0,0.0,580.0,170.0,1.0,588.0,161.0,130.0,119.0,104.0,107.0,237.0,1120.0
2018-03-12 18:00:00,1.0,600.0,163.0,0.0,632.0,162.0,0.0,582.0,162.0,0.0,582.0,164.0,1.0,588.0,166.0,0.0,575.0,171.0,0.0,586.0,162.0,173.0,161.0,107.0,116.0,314.0,1120.0
2018-03-12 19:00:00,4.0,607.0,171.0,0.0,631.0,167.0,2.0,596.0,163.0,0.0,593.0,168.0,1.0,594.0,170.0,1.0,558.0,184.0,3.0,555.0,182.0,534.0,434.0,93.0,216.0,547.0,12879.0
2018-03-12 20:00:00,4.0,613.0,185.0,0.0,633.0,178.0,0.0,610.0,174.0,0.0,604.0,175.0,1.0,609.0,178.0,1.0,561.0,204.0,5.0,517.0,205.0,548.0,492.0,97.0,246.0,481.0,8287.0
2018-03-12 21:00:00,10.0,607.0,192.0,0.0,628.0,184.0,0.0,610.0,177.0,0.0,612.0,178.0,1.0,609.0,183.0,0.0,529.0,211.0,1.0,505.0,213.0,539.0,480.0,106.0,198.0,392.0,8174.0
2018-03-12 22:00:00,6.0,613.0,196.0,0.0,622.0,188.0,0.0,612.0,180.0,0.0,615.0,179.0,1.0,604.0,186.0,0.0,516.0,215.0,0.0,499.0,214.0,528.0,457.0,127.0,192.0,331.0,6719.0
2018-03-12 23:00:00,0.0,659.0,195.0,0.0,625.0,185.0,0.0,616.0,179.0,0.0,621.0,178.0,1.0,660.0,185.0,0.0,552.0,211.0,0.0,524.0,207.0,402.0,307.0,131.0,208.0,508.0,
2018-03-13 00:00:00,1.0,641.0,188.0,0.0,620.0,181.0,1.0,623.0,175.0,0.0,621.0,177.0,1.0,628.0,182.0,0.0,558.0,203.0,3.0,551.0,197.0,266.0,232.0,140.0,148.0,452.0,2240.0
2018-03-13 01:00:00,44.0,650.0,186.0,0.0,619.0,179.0,0.0,648.0,175.0,0.0,620.0,177.0,3.0,631.0,181.0,0.0,568.0,199.0,3.0,549.0,196.0,267.0,250.0,114.0,182.0,299.0,2015.0
2018-03-13 02:00:00,2.0,637.0,185.0,0.0,614.0,178.0,0.0,651.0,174.0,0.0,619.0,178.0,1.0,622.0,180.0,0.0,567.0,197.0,2.0,546.0,195.0,225.0,224.0,130.0,145.0,298.0,336.0
2018-03-13 03:00:00,1.0,625.0,181.0,0.0,612.0,176.0,0.0,634.0,172.0,0.0,623.0,178.0,0.0,619.0,178.0,,,,0.0,549.0,188.0,169.0,171.0,129.0,130.0,259.0,
2018-03-13 04:00:00,1.0,621.0,177.0,0.0,615.0,174.0,0.0,628.0,170.0,0.0,630.0,177.0,0.0,609.0,177.0,0.0,572.0,186.0,0.0,555.0,182.0,143.0,145.0,125.0,124.0,240.0,
2018-03-13 05:00:00,1.0,618.0,174.0,0.0,613.0,172.0,0.0,625.0,168.0,0.0,634.0,176.0,1.0,603.0,175.0,,571.0,183.0,0.0,559.0,177.0,130.0,131.0,120.0,120.0,298.0,
2018-03-13 06:00:00,1.0,617.0,171.0,0.0,611.0,170.0,0.0,625.0,167.0,0.0,654.0,175.0,1.0,597.0,173.0,0.0,570.0,179.0,0.0,562.0,174.0,121.0,123.0,119.0,117.0,278.0,
2018-03-13 07:00:00,22.0,860.0,179.0,0.0,625.0,170.0,0.0,634.0,166.0,0.0,655.0,175.0,1.0,609.0,172.0,1.0,574.0,180.0,0.0,565.0,173.0,313.0,216.0,90.0,265.0,483.0,15678.0
2018-03-13 08:00:00,16.0,776.0,184.0,7.0,612.0,178.0,3.0,629.0,173.0,2.0,626.0,180.0,3.0,627.0,180.0,3.0,558.0,199.0,5.0,522.0,201.0,470.0,444.0,90.0,220.0,1088.0,3583.0
2018-03-13 09:00:00,18.0,646.0,184.0,20.0,608.0,177.0,9.0,616.0,174.0,4.0,612.0,179.0,5.0,616.0,180.0,6.0,559.0,198.0,13.0,521.0,197.0,273.0,276.0,98.0,147.0,417.0,
2018-03-13 10:00:00,18.0,620.0,179.0,19.0,609.0,174.0,9.0,609.0,171.0,4.0,607.0,177.0,5.0,605.0,177.0,6.0,562.0,191.0,12.0,541.0,186.0,185.0,189.0,116.0,128.0,237.0,
2018-03-13 11:00:00,32.0,614.0,175.0,33.0,610.0,172.0,20.0,602.0,169.0,9.0,603.0,174.0,9.0,604.0,174.0,13.0,565.0,185.0,23.0,556.0,178.0,148.0,151.0,120.0,122.0,244.0,
2018-03-13 12:00:00,45.0,615.0,172.0,49.0,609.0,170.0,33.0,597.0,168.0,15.0,599.0,172.0,13.0,602.0,173.0,21.0,572.0,180.0,37.0,564.0,174.0,146.0,140.0,120.0,119.0,241.0,1008.0
2018-03-13 13:00:00,45.0,616.0,171.0,49.0,603.0,169.0,40.0,595.0,167.0,18.0,596.0,172.0,13.0,601.0,172.0,23.0,574.0,179.0,40.0,567.0,174.0,175.0,166.0,120.0,119.0,277.0,1120.0
2018-03-13 14:00:00,29.0,612.0,171.0,30.0,600.0,169.0,31.0,596.0,167.0,13.0,593.0,171.0,10.0,597.0,172.0,16.0,570.0,180.0,24.0,564.0,174.0,188.0,180.0,120.0,120.0,249.0,896.0
2018-03-13 15:00:00,28.0,608.0,172.0,26.0,596.0,168.0,27.0,596.0,167.0,11.0,592.0,171.0,9.0,595.0,172.0,15.0,568.0,180.0,21.0,560.0,175.0,210.0,194.0,125.0,122.0,223.0,2128.0
2018-03-13 16:00:00,13.0,604.0,173.0,12.0,594.0,168.0,9.0,596.0,166.0,4.0,591.0,171.0,4.0,592.0,172.0,5.0,563.0,180.0,8.0,552.0,177.0,233.0,217.0,125.0,124.0,235.0,2128.0
2018-03-13 17:00:00,6.0,600.0,174.0,3.0,594.0,168.0,1.0,598.0,166.0,0.0,591.0,171.0,2.0,591.0,172.0,1.0,558.0,182.0,2.0,546.0,179.0,241.0,225.0,125.0,125.0,398.0,2240.0
2018-03-13 18:00:00,1.0,606.0,179.0,0.0,603.0,170.0,15.0,608.0,167.0,0.0,593.0,172.0,1.0,598.0,173.0,3.0,571.0,187.0,4.0,541.0,187.0,444.0,372.0,94.0,129.0,1505.0,9632.0
2018-03-13 19:00:00,46.0,611.0,191.0,0.0,626.0,180.0,2.0,614.0,176.0,0.0,600.0,178.0,3.0,615.0,181.0,1.0,590.0,200.0,3.0,508.0,210.0,539.0,478.0,86.0,259.0,2071.0,6944.0
2018-03-13 20:00:00,5.0,644.0,196.0,0.0,635.0,187.0,0.0,635.0,181.0,0.0,605.0,180.0,1.0,640.0,188.0,1.0,533.0,223.0,5.0,503.0,218.0,539.0,482.0,120.0,199.0,757.0,7728.0
2018-03-13 21:00:00,8.0,632.0,198.0,0.0,626.0,193.0,0.0,629.0,185.0,0.0,597.0,182.0,1.0,594.0,192.0,1.0,503.0,225.0,5.0,497.0,219.0,539.0,475.0,137.0,189.0,387.0,8399.0
2018-03-13 22:00:00,23.0,615.0,199.0,0.0,617.0,196.0,0.0,624.0,188.0,0.0,594.0,189.0,2.0,586.0,194.0,1.0,527.0,222.0,1.0,516.0,210.0,524.0,472.0,90.0,307.0,1272.0,5712.0
2018-03-13 23:00:00,0.0,599.0,198.0,0.0,604.0,191.0,0.0,625.0,188.0,0.0,591.0,189.0,1.0,594.0,191.0,0.0,527.0,216.0,0.0,531.0,201.0,441.0,330.0,114.0,209.0,990.0,
2018-03-14 00:00:00,0.0,586.0,191.0,0.0,594.0,186.0,0.0,,,0.0,593.0,186.0,1.0,591.0,188.0,0.0,525.0,208.0,5.0,544.0,193.0,203.0,193.0,130.0,146.0,293.0,
2018-03-14 01:00:00,2.0,583.0,186.0,0.0,595.0,183.0,0.0,614.0,177.0,0.0,599.0,183.0,1.0,584.0,186.0,0.0,534.0,201.0,6.0,546.0,188.0,169.0,166.0,123.0,135.0,259.0,
2018-03-14 02:00:00,1.0,567.0,182.0,0.0,593.0,180.0,0.0,610.0,176.0,0.0,607.0,181.0,1.0,573.0,183.0,0.0,544.0,195.0,0.0,547.0,184.0,142.0,143.0,113.0,132.0,263.0,
2018-03-14 03:00:00,0.0,561.0,178.0,0.0,589.0,178.0,0.0,609.0,174.0,0.0,603.0,180.0,1.0,562.0,181.0,0.0,538.0,190.0,0.0,543.0,181.0,130.0,131.0,120.0,123.0,273.0,
2018-03-14 04:00:00,1.0,559.0,175.0,0.0,585.0,176.0,0.0,606.0,172.0,0.0,608.0,179.0,1.0,556.0,178.0,0.0,531.0,186.0,0.0,539.0,177.0,132.0,126.0,120.0,119.0,306.0,896.0
2018-03-14 05:00:00,1.0,560.0,175.0,0.0,577.0,174.0,0.0,604.0,171.0,0.0,616.0,179.0,1.0,556.0,177.0,0.0,533.0,184.0,0.0,538.0,176.0,198.0,177.0,121.0,120.0,260.0,2015.0
2018-03-14 06:00:00,1.0,557.0,176.0,0.0,565.0,173.0,0.0,601.0,170.0,0.0,623.0,181.0,1.0,559.0,177.0,0.0,529.0,185.0,0.0,536.0,176.0,241.0,219.0,125.0,124.0,299.0,2128.0
2018-03-14 07:00:00,33.0,808.0,185.0,1.0,577.0,172.0,2.0,613.0,170.0,0.0,627.0,183.0,2.0,578.0,177.0,1.0,539.0,186.0,0.0,537.0,177.0,254.0,233.0,90.0,273.0,400.0,6720.0
2018-03-14 08:00:00,70.0,657.0,184.0,98.0,611.0,173.0,12.0,631.0,171.0,6.0,599.0,182.0,9.0,616.0,178.0,8.0,579.0,188.0,19.0,559.0,177.0,386.0,232.0,86.0,268.0,319.0,3920.0
2018-03-14 09:00:00,33.0,614.0,180.0,38.0,586.0,172.0,16.0,598.0,170.0,6.0,572.0,179.0,7.0,599.0,176.0,9.0,573.0,187.0,27.0,549.0,176.0,411.0,208.0,108.0,238.0,271.0,1232.0
2018-03-14 10:00:00,40.0,596.0,176.0,43.0,576.0,171.0,19.0,589.0,169.0,8.0,569.0,177.0,8.0,589.0,175.0,11.0,569.0,184.0,34.0,557.0,173.0,357.0,183.0,105.0,263.0,341.0,224.0
2018-03-14 11:00:00,40.0,612.0,171.0,30.0,568.0,169.0,14.0,588.0,168.0,7.0,577.0,176.0,6.0,595.0,172.0,10.0,580.0,179.0,25.0,568.0,169.0,194.0,161.0,113.0,162.0,240.0,
2018-03-14 12:00:00,41.0,584.0,168.0,33.0,552.0,167.0,17.0,573.0,167.0,7.0,560.0,173.0,7.0,572.0,171.0,10.0,562.0,176.0,25.0,560.0,167.0,154.0,144.0,124.0,130.0,253.0,
2018-03-14 13:00:00,34.0,571.0,166.0,29.0,544.0,165.0,18.0,560.0,164.0,,,,6.0,560.0,169.0,9.0,551.0,174.0,23.0,554.0,165.0,134.0,131.0,120.0,121.0,252.0,
2018-03-14 14:00:00,37.0,568.0,164.0,39.0,539.0,163.0,42.0,552.0,163.0,25.0,543.0,169.0,10.0,555.0,167.0,21.0,546.0,172.0,33.0,550.0,163.0,123.0,123.0,118.0,117.0,232.0,
2018-03-14 15:00:00,24.0,569.0,162.0,22.0,539.0,162.0,11.0,551.0,162.0,5.0,544.0,167.0,5.0,555.0,166.0,6.0,546.0,170.0,17.0,550.0,161.0,131.0,121.0,115.0,115.0,253.0,1008.0
2018-03-14 16:00:00,13.0,570.0,163.0,9.0,539.0,161.0,5.0,551.0,161.0,2.0,,,3.0,554.0,166.0,2.0,543.0,170.0,8.0,548.0,161.0,175.0,161.0,116.0,116.0,226.0,1120.0
2018-03-14 17:00:00,7.0,578.0,164.0,1.0,546.0,161.0,1.0,555.0,161.0,0.0,547.0,166.0,1.0,555.0,166.0,0.0,539.0,172.0,2.0,546.0,161.0,218.0,199.0,100.0,136.0,280.0,2576.0
2018-03-14 18:00:00,1.0,593.0,168.0,0.0,547.0,163.0,8.0,558.0,162.0,0.0,555.0,168.0,1.0,555.0,168.0,2.0,545.0,181.0,2.0,542.0,167.0,431.0,374.0,102.0,161.0,518.0,7496.0
2018-03-14 19:00:00,11.0,627.0,177.0,0.0,553.0,173.0,1.0,568.0,169.0,0.0,562.0,175.0,2.0,558.0,178.0,2.0,508.0,200.0,5.0,544.0,182.0,567.0,497.0,100.0,194.0,1154.0,9631.0
2018-03-14 20:00:00,3.0,611.0,184.0,1.0,554.0,180.0,0.0,596.0,176.0,0.0,570.0,181.0,1.0,581.0,183.0,1.0,514.0,211.0,6.0,535.0,191.0,528.0,489.0,99.0,236.0,1112.0,4926.0
2018-03-14 21:00:00,3.0,626.0,189.0,1.0,555.0,186.0,0.0,607.0,180.0,0.0,605.0,185.0,1.0,582.0,187.0,1.0,528.0,218.0,6.0,529.0,196.0,552.0,475.0,120.0,238.0,531.0,7277.0
2018-03-14 22:00:00,0.0,599.0,191.0,0.0,548.0,189.0,0.0,608.0,183.0,0.0,598.0,187.0,1.0,557.0,189.0,0.0,499.0,219.0,7.0,530.0,200.0,541.0,462.0,145.0,179.0,464.0,7614.0
2018-03-14 23:00:00,0.0,585.0,190.0,0.0,545.0,187.0,0.0,610.0,183.0,0.0,598.0,187.0,1.0,550.0,189.0,0.0,485.0,216.0,7.0,529.0,199.0,407.0,347.0,153.0,154.0,406.0,
2018-03-15 00:00:00,1.0,566.0,187.0,0.0,545.0,183.0,0.0,617.0,180.0,0.0,599.0,186.0,1.0,549.0,185.0,0.0,495.0,208.0,5.0,533.0,194.0,351.0,266.0,148.0,144.0,354.0,3472.0
2018-03-15 01:00:00,1.0,565.0,186.0,0.0,549.0,181.0,0.0,617.0,178.0,0.0,602.0,186.0,1.0,549.0,185.0,0.0,499.0,204.0,1.0,519.0,193.0,490.0,283.0,149.0,144.0,369.0,1232.0
2018-03-15 02:00:00,1.0,566.0,185.0,0.0,549.0,179.0,0.0,606.0,177.0,0.0,605.0,186.0,1.0,558.0,184.0,0.0,506.0,201.0,0.0,510.0,190.0,,,145.0,141.0,174.0,
2018-03-15 04:00:00,1.0,557.0,176.0,0.0,547.0,175.0,0.0,605.0,173.0,0.0,609.0,183.0,1.0,560.0,178.0,0.0,525.0,188.0,0.0,517.0,180.0,150.0,146.0,128.0,126.0,,
2018-03-15 05:00:00,1.0,558.0,173.0,0.0,545.0,173.0,0.0,607.0,171.0,0.0,623.0,181.0,1.0,556.0,176.0,0.0,528.0,184.0,0.0,517.0,177.0,134.0,133.0,125.0,123.0,,
2018-03-15 06:00:00,1.0,558.0,171.0,0.0,543.0,171.0,0.0,607.0,170.0,0.0,623.0,180.0,1.0,553.0,174.0,0.0,530.0,180.0,0.0,518.0,174.0,126.0,125.0,120.0,120.0,0.0,
2018-03-15 07:00:00,16.0,554.0,169.0,0.0,540.0,170.0,0.0,605.0,169.0,0.0,628.0,179.0,3.0,551.0,173.0,4.0,532.0,178.0,0.0,518.0,172.0,120.0,121.0,120.0,118.0,,
2018-03-15 08:00:00,9.0,553.0,167.0,0.0,539.0,168.0,0.0,605.0,168.0,0.0,629.0,177.0,2.0,550.0,171.0,1.0,531.0,176.0,0.0,517.0,170.0,118.0,118.0,116.0,116.0,320.0,893.0
2018-03-15 09:00:00,36.0,794.0,172.0,7.0,565.0,167.0,12.0,592.0,167.0,0.0,594.0,175.0,3.0,578.0,171.0,5.0,563.0,175.0,2.0,531.0,168.0,367.0,143.0,80.0,257.0,392.0,1456.0
2018-03-15 10:00:00,17.0,640.0,168.0,10.0,563.0,166.0,7.0,569.0,166.0,0.0,560.0,173.0,3.0,577.0,169.0,3.0,566.0,173.0,1.0,544.0,167.0,218.0,151.0,114.0,153.0,267.0,
2018-03-15 11:00:00,24.0,687.0,171.0,11.0,557.0,169.0,13.0,570.0,169.0,3.0,574.0,175.0,9.0,581.0,173.0,6.0,557.0,185.0,21.0,543.0,175.0,550.0,456.0,126.0,133.0,498.0,11870.0
2018-03-15 12:00:00,28.0,734.0,182.0,15.0,559.0,180.0,11.0,584.0,178.0,4.0,587.0,184.0,11.0,605.0,183.0,12.0,599.0,211.0,25.0,535.0,191.0,545.0,486.0,109.0,239.0,1831.0,8062.0
2018-03-15 13:00:00,23.0,723.0,189.0,9.0,552.0,188.0,9.0,585.0,184.0,2.0,586.0,189.0,9.0,619.0,189.0,6.0,508.0,227.0,22.0,530.0,198.0,548.0,494.0,93.0,194.0,1785.0,7391.0
2018-03-15 14:00:00,49.0,696.0,190.0,30.0,553.0,188.0,23.0,578.0,185.0,9.0,570.0,190.0,14.0,590.0,189.0,16.0,477.0,225.0,35.0,518.0,196.0,339.0,343.0,117.0,195.0,516.0,
2018-03-15 15:00:00,28.0,676.0,185.0,17.0,559.0,181.0,12.0,574.0,180.0,5.0,567.0,186.0,10.0,570.0,183.0,8.0,485.0,211.0,23.0,524.0,187.0,208.0,214.0,133.0,141.0,241.0,
2018-03-15 16:00:00,14.0,668.0,179.0,8.0,557.0,178.0,4.0,563.0,176.0,2.0,559.0,183.0,7.0,558.0,180.0,2.0,496.0,200.0,12.0,528.0,182.0,179.0,170.0,130.0,130.0,227.0,2800.0
2018-03-15 17:00:00,6.0,685.0,182.0,1.0,557.0,181.0,0.0,570.0,178.0,0.0,569.0,185.0,8.0,594.0,183.0,6.0,530.0,207.0,6.0,525.0,187.0,538.0,444.0,97.0,256.0,2494.0,9965.0
2018-03-15 18:00:00,10.0,681.0,190.0,0.0,590.0,188.0,3.0,642.0,185.0,0.0,599.0,192.0,7.0,644.0,192.0,4.0,503.0,239.0,4.0,536.0,197.0,553.0,458.0,111.0,198.0,1063.0,7826.0
2018-03-15 19:00:00,57.0,729.0,200.0,0.0,590.0,190.0,8.0,634.0,188.0,0.0,593.0,193.0,8.0,617.0,194.0,0.0,476.0,238.0,5.0,529.0,201.0,491.0,419.0,117.0,188.0,467.0,6944.0
2018-03-15 20:00:00,15.0,657.0,201.0,0.0,583.0,191.0,0.0,655.0,190.0,0.0,590.0,195.0,4.0,597.0,196.0,1.0,498.0,232.0,4.0,529.0,204.0,473.0,412.0,106.0,218.0,448.0,5262.0
2018-03-15 21:00:00,2.0,596.0,201.0,0.0,566.0,192.0,0.0,641.0,191.0,0.0,579.0,195.0,1.0,566.0,197.0,0.0,500.0,228.0,4.0,532.0,207.0,474.0,405.0,111.0,177.0,1260.0,4703.0
2018-03-15 22:00:00,6.0,600.0,201.0,0.0,560.0,193.0,0.0,634.0,191.0,0.0,577.0,196.0,1.0,562.0,198.0,0.0,501.0,226.0,4.0,527.0,208.0,418.0,384.0,107.0,235.0,1150.0,4032.0
2018-03-15 23:00:00,1.0,565.0,200.0,0.0,554.0,192.0,0.0,624.0,190.0,0.0,589.0,195.0,1.0,569.0,196.0,0.0,495.0,222.0,0.0,515.0,203.0,277.0,277.0,143.0,161.0,313.0,
2018-03-16 00:00:00,1.0,544.0,194.0,0.0,548.0,189.0,0.0,616.0,187.0,0.0,588.0,194.0,1.0,554.0,193.0,0.0,497.0,213.0,0.0,516.0,196.0,196.0,198.0,140.0,140.0,306.0,
2018-03-16 01:00:00,1.0,538.0,189.0,0.0,544.0,186.0,0.0,613.0,185.0,0.0,584.0,192.0,1.0,547.0,190.0,0.0,507.0,206.0,0.0,516.0,191.0,160.0,162.0,134.0,132.0,274.0,
2018-03-16 02:00:00,1.0,542.0,184.0,0.0,540.0,184.0,0.0,612.0,183.0,0.0,580.0,190.0,1.0,546.0,187.0,0.0,514.0,199.0,0.0,515.0,187.0,139.0,142.0,129.0,127.0,239.0,
2018-03-16 03:00:00,0.0,549.0,180.0,0.0,537.0,181.0,0.0,609.0,180.0,0.0,578.0,188.0,1.0,546.0,184.0,0.0,516.0,193.0,0.0,515.0,183.0,129.0,130.0,125.0,123.0,276.0,
2018-03-16 04:00:00,1.0,551.0,177.0,0.0,535.0,179.0,0.0,610.0,178.0,0.0,581.0,187.0,1.0,546.0,182.0,0.0,519.0,190.0,0.0,516.0,181.0,124.0,125.0,121.0,120.0,266.0,
2018-03-16 05:00:00,1.0,550.0,175.0,0.0,533.0,177.0,0.0,610.0,177.0,0.0,580.0,185.0,1.0,545.0,180.0,0.0,520.0,187.0,0.0,517.0,178.0,120.0,121.0,120.0,119.0,272.0,
2018-03-16 06:00:00,1.0,551.0,172.0,0.0,531.0,175.0,0.0,608.0,175.0,0.0,585.0,183.0,1.0,542.0,178.0,0.0,520.0,184.0,0.0,516.0,175.0,117.0,118.0,118.0,118.0,324.0,
2018-03-16 07:00:00,5.0,556.0,171.0,0.0,533.0,174.0,14.0,587.0,173.0,0.0,594.0,181.0,2.0,545.0,176.0,2.0,530.0,182.0,0.0,519.0,173.0,265.0,188.0,102.0,178.0,322.0,8176.0
2018-03-16 08:00:00,63.0,783.0,191.0,5.0,571.0,179.0,11.0,590.0,177.0,0.0,596.0,187.0,4.0,593.0,183.0,5.0,544.0,198.0,6.0,531.0,185.0,522.0,424.0,70.0,304.0,928.0,11418.0
2018-03-16 09:00:00,17.0,707.0,195.0,11.0,584.0,182.0,16.0,596.0,180.0,2.0,589.0,189.0,4.0,605.0,187.0,6.0,564.0,207.0,13.0,534.0,191.0,455.0,395.0,95.0,224.0,2703.0,7056.0
2018-03-16 10:00:00,48.0,630.0,192.0,35.0,569.0,183.0,19.0,575.0,181.0,7.0,557.0,189.0,8.0,571.0,187.0,15.0,516.0,209.0,28.0,514.0,192.0,321.0,320.0,125.0,152.0,563.0,
2018-03-16 11:00:00,50.0,590.0,186.0,35.0,564.0,179.0,19.0,560.0,178.0,7.0,549.0,186.0,8.0,550.0,184.0,15.0,500.0,202.0,28.0,522.0,185.0,208.0,211.0,133.0,134.0,344.0,
2018-03-16 12:00:00,38.0,604.0,184.0,32.0,579.0,180.0,19.0,592.0,178.0,6.0,553.0,186.0,8.0,599.0,184.0,15.0,552.0,207.0,26.0,531.0,186.0,457.0,393.0,109.0,132.0,1074.0,9181.0
2018-03-16 13:00:00,36.0,597.0,188.0,26.0,572.0,184.0,16.0,583.0,181.0,6.0,543.0,189.0,6.0,592.0,188.0,11.0,525.0,214.0,24.0,520.0,193.0,402.0,385.0,123.0,139.0,456.0,2015.0
2018-03-16 14:00:00,28.0,565.0,185.0,19.0,560.0,180.0,10.0,559.0,179.0,3.0,537.0,187.0,5.0,553.0,186.0,8.0,493.0,206.0,17.0,516.0,187.0,232.0,236.0,135.0,135.0,343.0,
2018-03-16 15:00:00,15.0,554.0,180.0,11.0,558.0,177.0,4.0,542.0,176.0,2.0,527.0,184.0,3.0,543.0,182.0,3.0,493.0,198.0,10.0,517.0,181.0,171.0,175.0,131.0,128.0,317.0,
2018-03-16 16:00:00,7.0,559.0,176.0,2.0,553.0,174.0,0.0,536.0,174.0,0.0,519.0,181.0,2.0,536.0,179.0,3.0,501.0,191.0,7.0,516.0,177.0,143.0,147.0,118.0,134.0,1690.0,
2018-03-16 17:00:00,3.0,599.0,176.0,0.0,561.0,175.0,14.0,565.0,174.0,0.0,533.0,181.0,1.0,552.0,180.0,2.0,507.0,201.0,6.0,527.0,178.0,350.0,292.0,99.0,130.0,1236.0,7504.0
2018-03-16 18:00:00,1.0,615.0,183.0,0.0,549.0,179.0,9.0,566.0,179.0,0.0,539.0,186.0,1.0,556.0,186.0,2.0,463.0,216.0,5.0,526.0,188.0,486.0,369.0,112.0,172.0,642.0,5375.0
2018-03-16 19:00:00,5.0,605.0,188.0,0.0,563.0,180.0,0.0,610.0,181.0,0.0,542.0,187.0,1.0,568.0,188.0,3.0,486.0,217.0,4.0,517.0,190.0,385.0,328.0,105.0,245.0,2044.0,3136.0
2018-03-16 20:00:00,11.0,584.0,189.0,0.0,595.0,182.0,0.0,618.0,181.0,0.0,556.0,188.0,1.0,583.0,189.0,0.0,483.0,224.0,5.0,539.0,188.0,344.0,261.0,85.0,161.0,2117.0,2240.0
2018-03-16 21:00:00,5.0,563.0,190.0,0.0,560.0,182.0,0.0,613.0,179.0,0.0,544.0,188.0,1.0,559.0,189.0,0.0,458.0,221.0,5.0,541.0,189.0,402.0,346.0,95.0,207.0,1387.0,7056.0
2018-03-16 22:00:00,6.0,563.0,193.0,0.0,550.0,182.0,0.0,611.0,181.0,0.0,540.0,190.0,1.0,556.0,190.0,0.0,457.0,221.0,6.0,531.0,193.0,512.0,340.0,111.0,272.0,450.0,1568.0
2018-03-16 23:00:00,1.0,529.0,191.0,0.0,537.0,181.0,0.0,605.0,180.0,0.0,546.0,189.0,1.0,541.0,188.0,0.0,458.0,212.0,6.0,520.0,191.0,323.0,281.0,141.0,160.0,435.0,4255.0
2018-03-17 00:00:00,10.0,521.0,191.0,0.0,531.0,180.0,0.0,603.0,180.0,0.0,552.0,189.0,1.0,538.0,188.0,0.0,464.0,210.0,6.0,513.0,191.0,324.0,298.0,140.0,144.0,439.0,3248.0
2018-03-17 01:00:00,1.0,515.0,190.0,0.0,520.0,180.0,0.0,605.0,180.0,0.0,552.0,190.0,1.0,536.0,188.0,0.0,463.0,209.0,5.0,507.0,192.0,369.0,311.0,138.0,153.0,412.0,3136.0
2018-03-17 02:00:00,1.0,515.0,189.0,0.0,523.0,179.0,0.0,602.0,179.0,0.0,556.0,190.0,1.0,534.0,187.0,0.0,469.0,208.0,0.0,495.0,191.0,411.0,276.0,128.0,197.0,230.0,
2018-03-17 03:00:00,1.0,502.0,180.0,0.0,525.0,176.0,,,,0.0,572.0,187.0,1.0,521.0,182.0,0.0,480.0,197.0,0.0,493.0,181.0,180.0,170.0,130.0,130.0,167.0,
2018-03-17 04:00:00,0.0,498.0,178.0,0.0,520.0,174.0,0.0,601.0,175.0,0.0,572.0,186.0,1.0,518.0,180.0,0.0,482.0,193.0,0.0,491.0,178.0,199.0,173.0,130.0,128.0,317.0,1904.0
2018-03-17 05:00:00,0.0,497.0,177.0,0.0,516.0,173.0,0.0,597.0,173.0,0.0,549.0,185.0,1.0,517.0,179.0,0.0,476.0,192.0,0.0,488.0,178.0,238.0,215.0,130.0,128.0,301.0,2800.0
2018-03-17 06:00:00,1.0,493.0,177.0,0.0,509.0,172.0,0.0,597.0,173.0,0.0,521.0,185.0,1.0,512.0,179.0,0.0,466.0,193.0,0.0,482.0,178.0,371.0,246.0,133.0,130.0,310.0,2912.0
2018-03-17 07:00:00,6.0,496.0,178.0,0.0,507.0,172.0,0.0,609.0,173.0,0.0,517.0,185.0,1.0,511.0,179.0,0.0,461.0,194.0,0.0,481.0,178.0,287.0,265.0,135.0,131.0,279.0,1008.0
2018-03-17 08:00:00,18.0,496.0,179.0,0.0,508.0,172.0,0.0,615.0,173.0,0.0,515.0,185.0,3.0,511.0,179.0,4.0,459.0,195.0,0.0,480.0,178.0,367.0,260.0,135.0,132.0,254.0,3472.0
2018-03-17 09:00:00,33.0,496.0,179.0,13.0,507.0,171.0,8.0,594.0,173.0,1.0,519.0,185.0,5.0,511.0,178.0,10.0,460.0,195.0,10.0,480.0,178.0,347.0,265.0,121.0,160.0,323.0,2688.0
2018-03-17 10:00:00,55.0,528.0,180.0,47.0,519.0,171.0,26.0,546.0,173.0,2.0,517.0,183.0,7.0,528.0,178.0,16.0,486.0,196.0,50.0,498.0,179.0,407.0,260.0,95.0,184.0,1437.0,2685.0
2018-03-17 11:00:00,55.0,509.0,180.0,50.0,524.0,171.0,31.0,532.0,172.0,10.0,516.0,183.0,11.0,528.0,178.0,19.0,483.0,195.0,33.0,493.0,179.0,314.0,262.0,91.0,186.0,479.0,3696.0
2018-03-17 12:00:00,72.0,478.0,179.0,62.0,507.0,170.0,46.0,501.0,172.0,17.0,496.0,182.0,15.0,504.0,178.0,27.0,456.0,195.0,43.0,470.0,180.0,309.0,272.0,126.0,139.0,248.0,2796.0
2018-03-17 13:00:00,51.0,477.0,179.0,50.0,503.0,170.0,43.0,495.0,171.0,16.0,490.0,182.0,13.0,502.0,178.0,25.0,449.0,196.0,36.0,467.0,179.0,324.0,264.0,135.0,133.0,274.0,3808.0
2018-03-17 14:00:00,52.0,493.0,183.0,51.0,524.0,174.0,0.0,508.0,175.0,33.0,483.0,188.0,20.0,513.0,181.0,51.0,460.0,205.0,60.0,475.0,186.0,557.0,451.0,99.0,136.0,1698.0,11189.0
2018-03-17 15:00:00,42.0,501.0,188.0,43.0,535.0,178.0,187.0,511.0,180.0,47.0,489.0,192.0,32.0,547.0,185.0,65.0,472.0,214.0,62.0,480.0,193.0,512.0,416.0,105.0,139.0,1346.0,6383.0
2018-03-17 16:00:00,34.0,507.0,189.0,31.0,543.0,178.0,126.0,528.0,181.0,77.0,500.0,194.0,24.0,551.0,186.0,47.0,465.0,216.0,52.0,484.0,193.0,400.0,325.0,103.0,210.0,1059.0,
2018-03-17 17:00:00,15.0,498.0,184.0,11.0,536.0,175.0,15.0,528.0,177.0,10.0,513.0,192.0,5.0,525.0,183.0,10.0,463.0,206.0,18.0,483.0,185.0,258.0,228.0,92.0,159.0,747.0,2016.0
2018-03-17 18:00:00,15.0,514.0,187.0,0.0,527.0,177.0,17.0,533.0,178.0,0.0,494.0,193.0,1.0,545.0,185.0,0.0,483.0,211.0,7.0,486.0,190.0,478.0,433.0,95.0,221.0,1144.0,4476.0
2018-03-17 19:00:00,0.0,505.0,189.0,0.0,532.0,179.0,0.0,560.0,181.0,0.0,490.0,194.0,1.0,555.0,188.0,2.0,475.0,217.0,5.0,481.0,194.0,446.0,361.0,103.0,150.0,2504.0,4927.0
2018-03-17 20:00:00,1.0,508.0,192.0,0.0,533.0,181.0,0.0,559.0,181.0,0.0,495.0,193.0,1.0,526.0,191.0,0.0,410.0,230.0,5.0,492.0,192.0,315.0,291.0,127.0,137.0,373.0,2352.0
2018-03-17 21:00:00,7.0,512.0,191.0,0.0,512.0,180.0,0.0,561.0,181.0,0.0,494.0,194.0,1.0,518.0,189.0,0.0,422.0,221.0,6.0,473.0,200.0,357.0,323.0,117.0,135.0,1064.0,4141.0
2018-03-17 22:00:00,0.0,517.0,192.0,0.0,492.0,180.0,0.0,564.0,181.0,0.0,501.0,196.0,1.0,500.0,189.0,0.0,423.0,216.0,6.0,422.0,217.0,394.0,351.0,110.0,135.0,568.0,4702.0
2018-03-17 23:00:00,0.0,506.0,192.0,0.0,482.0,180.0,0.0,564.0,182.0,0.0,504.0,198.0,1.0,487.0,189.0,0.0,415.0,216.0,6.0,414.0,219.0,414.0,366.0,135.0,137.0,445.0,5374.0
2018-03-18 00:00:00,1.0,494.0,192.0,0.0,473.0,180.0,0.0,563.0,183.0,0.0,505.0,199.0,1.0,479.0,188.0,0.0,408.0,215.0,6.0,408.0,218.0,365.0,341.0,143.0,138.0,461.0,3136.0
2018-03-18 01:00:00,0.0,468.0,188.0,0.0,480.0,178.0,0.0,553.0,181.0,0.0,508.0,196.0,1.0,491.0,186.0,0.0,414.0,210.0,6.0,418.0,206.0,338.0,251.0,137.0,133.0,418.0,2800.0
2018-03-18 02:00:00,0.0,471.0,186.0,0.0,480.0,176.0,0.0,555.0,180.0,0.0,515.0,195.0,1.0,492.0,185.0,0.0,421.0,206.0,6.0,426.0,203.0,361.0,277.0,140.0,133.0,432.0,2464.0
2018-03-18 04:00:00,0.0,457.0,183.0,0.0,480.0,175.0,0.0,542.0,178.0,0.0,516.0,193.0,1.0,484.0,183.0,0.0,418.0,203.0,0.0,406.0,198.0,232.0,231.0,136.0,131.0,229.0,
2018-03-18 05:00:00,1.0,457.0,179.0,0.0,478.0,172.0,0.0,546.0,176.0,0.0,515.0,189.0,1.0,482.0,179.0,0.0,423.0,197.0,0.0,418.0,187.0,366.0,206.0,130.0,126.0,267.0,3135.0
2018-03-18 06:00:00,4.0,461.0,178.0,0.0,472.0,171.0,0.0,547.0,175.0,0.0,542.0,187.0,1.0,483.0,178.0,0.0,424.0,195.0,0.0,416.0,188.0,389.0,242.0,132.0,128.0,277.0,3135.0
2018-03-18 07:00:00,22.0,461.0,178.0,0.0,467.0,170.0,0.0,554.0,174.0,0.0,548.0,187.0,3.0,483.0,178.0,6.0,423.0,195.0,0.0,412.0,191.0,294.0,266.0,135.0,128.0,291.0,2240.0
2018-03-18 08:00:00,70.0,457.0,179.0,2.0,461.0,170.0,3.0,559.0,174.0,2.0,552.0,186.0,7.0,478.0,178.0,19.0,417.0,196.0,0.0,405.0,192.0,367.0,268.0,131.0,153.0,244.0,4704.0
2018-03-18 09:00:00,67.0,453.0,182.0,50.0,460.0,173.0,59.0,561.0,177.0,3.0,549.0,187.0,8.0,465.0,181.0,27.0,432.0,204.0,49.0,382.0,207.0,515.0,426.0,113.0,242.0,405.0,7055.0
2018-03-18 10:00:00,110.0,784.0,195.0,131.0,496.0,175.0,88.0,567.0,180.0,5.0,551.0,187.0,4.0,531.0,182.0,41.0,431.0,207.0,102.0,385.0,212.0,513.0,369.0,96.0,291.0,409.0,11309.0
2018-03-18 11:00:00,100.0,630.0,199.0,142.0,512.0,176.0,95.0,552.0,181.0,28.0,552.0,186.0,16.0,564.0,183.0,45.0,473.0,208.0,116.0,425.0,201.0,388.0,351.0,95.0,231.0,427.0,5488.0
2018-03-18 12:00:00,95.0,500.0,190.0,147.0,512.0,175.0,82.0,514.0,178.0,37.0,514.0,184.0,24.0,539.0,182.0,52.0,461.0,205.0,105.0,438.0,192.0,246.0,245.0,123.0,149.0,286.0,
2018-03-18 13:00:00,85.0,488.0,181.0,117.0,503.0,173.0,86.0,496.0,175.0,40.0,488.0,181.0,23.0,514.0,178.0,52.0,452.0,196.0,87.0,439.0,183.0,176.0,178.0,124.0,126.0,256.0,
2018-03-18 14:00:00,77.0,489.0,180.0,100.0,483.0,173.0,12.0,492.0,174.0,52.0,500.0,181.0,18.0,490.0,179.0,49.0,437.0,196.0,102.0,444.0,184.0,455.0,378.0,126.0,124.0,361.0,10528.0
2018-03-18 15:00:00,36.0,484.0,189.0,42.0,478.0,179.0,7.0,501.0,180.0,16.0,521.0,184.0,7.0,481.0,185.0,15.0,417.0,208.0,47.0,442.0,194.0,504.0,446.0,116.0,132.0,660.0,6832.0
2018-03-18 16:00:00,24.0,472.0,193.0,28.0,481.0,182.0,6.0,502.0,181.0,13.0,525.0,183.0,5.0,480.0,187.0,10.0,426.0,213.0,37.0,448.0,198.0,476.0,424.0,108.0,134.0,875.0,6496.0
2018-03-18 17:00:00,11.0,501.0,196.0,6.0,507.0,183.0,1.0,525.0,183.0,1.0,540.0,183.0,2.0,559.0,189.0,4.0,480.0,223.0,13.0,456.0,200.0,460.0,409.0,88.0,196.0,1776.0,5936.0
2018-03-18 18:00:00,32.0,513.0,198.0,0.0,501.0,183.0,4.0,524.0,184.0,0.0,532.0,183.0,2.0,528.0,190.0,0.0,454.0,221.0,6.0,451.0,203.0,439.0,390.0,101.0,271.0,529.0,5712.0
2018-03-18 19:00:00,36.0,509.0,198.0,0.0,530.0,184.0,0.0,536.0,184.0,0.0,540.0,185.0,2.0,554.0,191.0,0.0,480.0,227.0,5.0,458.0,203.0,420.0,377.0,108.0,218.0,370.0,5598.0
2018-03-18 20:00:00,0.0,519.0,199.0,0.0,542.0,185.0,0.0,547.0,184.0,0.0,559.0,186.0,1.0,580.0,192.0,0.0,476.0,230.0,6.0,482.0,204.0,450.0,396.0,116.0,179.0,393.0,6160.0
2018-03-18 21:00:00,16.0,505.0,199.0,0.0,504.0,185.0,0.0,551.0,185.0,0.0,527.0,186.0,1.0,523.0,192.0,1.0,453.0,224.0,5.0,461.0,206.0,490.0,396.0,118.0,195.0,485.0,5712.0
2018-03-18 22:00:00,7.0,535.0,197.0,0.0,503.0,185.0,0.0,553.0,185.0,0.0,529.0,186.0,1.0,521.0,191.0,0.0,446.0,220.0,8.0,465.0,206.0,357.0,333.0,81.0,224.0,1954.0,2016.0
2018-03-18 23:00:00,1.0,504.0,191.0,0.0,514.0,182.0,0.0,551.0,182.0,0.0,536.0,183.0,1.0,521.0,189.0,0.0,457.0,213.0,6.0,479.0,201.0,220.0,221.0,120.0,141.0,773.0,
2018-03-19 00:00:00,2.0,501.0,186.0,0.0,511.0,179.0,0.0,548.0,178.0,0.0,538.0,181.0,1.0,520.0,186.0,0.0,469.0,204.0,5.0,472.0,194.0,162.0,164.0,126.0,123.0,382.0,
2018-03-19 01:00:00,1.0,497.0,180.0,0.0,507.0,176.0,0.0,549.0,175.0,0.0,544.0,179.0,1.0,518.0,182.0,0.0,479.0,195.0,0.0,468.0,186.0,132.0,135.0,116.0,114.0,320.0,
2018-03-19 02:00:00,1.0,496.0,177.0,0.0,506.0,174.0,0.0,549.0,173.0,0.0,550.0,179.0,1.0,514.0,180.0,0.0,479.0,192.0,0.0,469.0,182.0,124.0,126.0,115.0,112.0,314.0,
2018-03-19 04:00:00,0.0,509.0,173.0,0.0,500.0,170.0,0.0,554.0,169.0,0.0,580.0,177.0,1.0,518.0,175.0,0.0,477.0,186.0,0.0,466.0,178.0,224.0,206.0,119.0,112.0,279.0,2016.0
2018-03-19 05:00:00,1.0,506.0,174.0,0.0,496.0,169.0,0.0,556.0,169.0,0.0,589.0,177.0,1.0,518.0,175.0,0.0,471.0,188.0,0.0,460.0,179.0,255.0,232.0,124.0,117.0,268.0,2464.0
2018-03-19 06:00:00,7.0,503.0,175.0,0.0,491.0,168.0,0.0,563.0,168.0,0.0,587.0,177.0,1.0,515.0,175.0,0.0,463.0,189.0,0.0,455.0,180.0,275.0,252.0,129.0,119.0,276.0,2128.0
2018-03-19 07:00:00,46.0,845.0,188.0,0.0,532.0,168.0,6.0,579.0,168.0,0.0,584.0,176.0,3.0,530.0,175.0,4.0,477.0,189.0,5.0,463.0,179.0,426.0,228.0,77.0,322.0,467.0,7948.0
2018-03-19 08:00:00,54.0,591.0,182.0,137.0,576.0,169.0,37.0,605.0,169.0,12.0,547.0,175.0,11.0,565.0,174.0,12.0,519.0,190.0,74.0,501.0,179.0,285.0,255.0,110.0,163.0,295.0,3471.0
2018-03-19 09:00:00,49.0,538.0,179.0,101.0,535.0,170.0,26.0,543.0,168.0,15.0,536.0,174.0,11.0,545.0,175.0,14.0,495.0,191.0,58.0,481.0,182.0,299.0,270.0,126.0,129.0,297.0,3136.0
2018-03-19 10:00:00,49.0,518.0,179.0,71.0,518.0,170.0,30.0,530.0,168.0,16.0,529.0,174.0,11.0,529.0,175.0,16.0,475.0,192.0,46.0,465.0,183.0,304.0,277.0,130.0,125.0,273.0,3136.0
2018-03-19 11:00:00,48.0,501.0,178.0,64.0,509.0,169.0,35.0,518.0,168.0,17.0,523.0,173.0,12.0,519.0,174.0,18.0,461.0,192.0,44.0,455.0,183.0,302.0,272.0,130.0,124.0,296.0,3808.0
2018-03-19 12:00:00,63.0,494.0,178.0,72.0,503.0,169.0,45.0,512.0,168.0,23.0,520.0,173.0,15.0,515.0,174.0,25.0,455.0,193.0,61.0,449.0,183.0,300.0,274.0,130.0,124.0,275.0,2800.0
2018-03-19 13:00:00,55.0,487.0,178.0,65.0,501.0,168.0,53.0,514.0,168.0,36.0,514.0,173.0,18.0,512.0,174.0,38.0,451.0,192.0,74.0,446.0,183.0,287.0,268.0,130.0,124.0,277.0,1903.0
2018-03-19 14:00:00,40.0,481.0,177.0,81.0,505.0,168.0,107.0,511.0,169.0,77.0,506.0,174.0,36.0,510.0,174.0,104.0,449.0,192.0,98.0,453.0,181.0,245.0,237.0,127.0,123.0,288.0,1678.0
2018-03-19 15:00:00,32.0,482.0,176.0,60.0,510.0,168.0,484.0,504.0,171.0,106.0,499.0,176.0,69.0,509.0,175.0,116.0,451.0,191.0,97.0,463.0,178.0,199.0,199.0,125.0,121.0,312.0,224.0
2018-03-19 16:00:00,28.0,488.0,174.0,40.0,511.0,167.0,474.0,503.0,173.0,92.0,494.0,177.0,90.0,508.0,174.0,92.0,456.0,188.0,77.0,471.0,174.0,159.0,158.0,122.0,118.0,317.0,1008.0
2018-03-19 17:00:00,12.0,476.0,173.0,16.0,503.0,167.0,68.0,504.0,171.0,20.0,486.0,177.0,11.0,501.0,174.0,12.0,447.0,187.0,38.0,474.0,174.0,282.0,252.0,121.0,133.0,291.0,1679.0
2018-03-19 18:00:00,2.0,487.0,176.0,3.0,496.0,168.0,9.0,503.0,170.0,0.0,492.0,177.0,2.0,498.0,175.0,1.0,439.0,192.0,3.0,458.0,181.0,398.0,333.0,127.0,134.0,450.0,8175.0
2018-03-19 19:00:00,14.0,525.0,185.0,0.0,510.0,175.0,0.0,547.0,176.0,0.0,502.0,179.0,6.0,508.0,180.0,1.0,440.0,206.0,6.0,452.0,193.0,553.0,488.0,90.0,228.0,536.0,6606.0
2018-03-19 20:00:00,1.0,492.0,190.0,0.0,501.0,182.0,0.0,551.0,183.0,0.0,500.0,183.0,4.0,499.0,185.0,0.0,425.0,217.0,5.0,457.0,200.0,562.0,492.0,105.0,181.0,797.0,8400.0
2018-03-19 21:00:00,48.0,597.0,197.0,0.0,512.0,185.0,0.0,551.0,186.0,0.0,514.0,187.0,3.0,555.0,188.0,1.0,458.0,221.0,4.0,463.0,200.0,573.0,470.0,79.0,297.0,604.0,13662.0
2018-03-19 22:00:00,21.0,723.0,209.0,0.0,511.0,189.0,0.0,555.0,189.0,0.0,525.0,189.0,1.0,521.0,192.0,0.0,450.0,224.0,2.0,467.0,203.0,550.0,480.0,114.0,292.0,336.0,8400.0
2018-03-19 23:00:00,24.0,636.0,207.0,0.0,529.0,189.0,0.0,564.0,189.0,0.0,542.0,188.0,2.0,564.0,193.0,1.0,452.0,223.0,2.0,458.0,202.0,497.0,371.0,117.0,242.0,362.0,1680.0
2018-03-20 00:00:00,1.0,582.0,198.0,0.0,540.0,185.0,0.0,574.0,185.0,0.0,545.0,188.0,1.0,561.0,189.0,0.0,470.0,215.0,5.0,482.0,196.0,343.0,297.0,135.0,162.0,420.0,4591.0
2018-03-20 01:00:00,1.0,566.0,194.0,0.0,525.0,183.0,0.0,574.0,184.0,0.0,537.0,189.0,1.0,538.0,188.0,0.0,466.0,212.0,0.0,477.0,195.0,271.0,272.0,114.0,168.0,241.0,112.0
2018-03-20 02:00:00,1.0,548.0,190.0,0.0,519.0,181.0,0.0,569.0,181.0,0.0,518.0,188.0,1.0,533.0,186.0,0.0,467.0,206.0,0.0,475.0,189.0,194.0,198.0,124.0,138.0,283.0,
2018-03-20 04:00:00,1.0,536.0,177.0,0.0,509.0,175.0,0.0,567.0,175.0,0.0,504.0,182.0,1.0,527.0,179.0,0.0,480.0,190.0,0.0,482.0,178.0,194.0,157.0,116.0,114.0,245.0,1231.0
2018-03-20 05:00:00,1.0,534.0,177.0,0.0,505.0,174.0,0.0,566.0,173.0,0.0,506.0,181.0,1.0,522.0,178.0,0.0,479.0,189.0,0.0,481.0,177.0,323.0,202.0,121.0,119.0,260.0,1344.0
2018-03-20 06:00:00,7.0,530.0,177.0,0.0,498.0,173.0,0.0,566.0,173.0,0.0,495.0,182.0,1.0,517.0,178.0,0.0,475.0,190.0,0.0,479.0,177.0,334.0,238.0,127.0,123.0,355.0,2576.0
2018-03-20 07:00:00,54.0,680.0,181.0,0.0,511.0,173.0,4.0,564.0,172.0,0.0,486.0,183.0,4.0,525.0,178.0,7.0,479.0,191.0,0.0,482.0,177.0,388.0,240.0,98.0,221.0,421.0,5600.0
2018-03-20 08:00:00,66.0,575.0,183.0,149.0,549.0,174.0,14.0,558.0,173.0,8.0,499.0,182.0,9.0,558.0,178.0,10.0,507.0,193.0,138.0,502.0,179.0,308.0,263.0,91.0,189.0,1411.0,2576.0
2018-03-20 09:00:00,77.0,533.0,180.0,150.0,551.0,176.0,15.0,540.0,172.0,11.0,483.0,179.0,12.0,531.0,178.0,13.0,497.0,191.0,113.0,483.0,179.0,183.0,183.0,111.0,128.0,774.0,
2018-03-20 10:00:00,93.0,519.0,176.0,87.0,551.0,174.0,17.0,535.0,170.0,13.0,476.0,176.0,,528.0,178.0,17.0,488.0,187.0,78.0,481.0,176.0,145.0,146.0,115.0,117.0,386.0,
2018-03-20 11:00:00,84.0,511.0,172.0,67.0,561.0,171.0,22.0,534.0,168.0,14.0,465.0,174.0,12.0,516.0,173.0,21.0,479.0,183.0,65.0,483.0,172.0,124.0,126.0,114.0,112.0,348.0,
2018-03-20 12:00:00,68.0,514.0,169.0,53.0,565.0,169.0,34.0,534.0,167.0,22.0,461.0,172.0,12.0,518.0,172.0,25.0,484.0,179.0,78.0,487.0,170.0,116.0,117.0,110.0,109.0,348.0,
2018-03-20 13:00:00,51.0,526.0,167.0,53.0,551.0,167.0,59.0,535.0,166.0,49.0,474.0,171.0,17.0,525.0,171.0,48.0,495.0,176.0,99.0,490.0,168.0,110.0,111.0,110.0,108.0,387.0,
2018-03-20 14:00:00,37.0,523.0,167.0,56.0,534.0,167.0,120.0,536.0,167.0,91.0,481.0,173.0,32.0,522.0,171.0,99.0,495.0,176.0,110.0,495.0,167.0,106.0,108.0,106.0,107.0,357.0,
2018-03-20 15:00:00,27.0,519.0,167.0,47.0,524.0,167.0,254.0,541.0,168.0,98.0,479.0,175.0,45.0,519.0,171.0,97.0,492.0,175.0,95.0,502.0,166.0,105.0,108.0,107.0,107.0,374.0,
2018-03-20 16:00:00,22.0,518.0,166.0,33.0,523.0,166.0,218.0,532.0,168.0,88.0,485.0,176.0,41.0,517.0,170.0,77.0,491.0,175.0,82.0,504.0,165.0,105.0,106.0,110.0,108.0,370.0,
2018-03-20 17:00:00,20.0,510.0,166.0,15.0,523.0,165.0,83.0,537.0,168.0,22.0,481.0,176.0,7.0,514.0,169.0,15.0,480.0,175.0,46.0,506.0,164.0,207.0,153.0,102.0,127.0,528.0,7276.0
2018-03-20 18:00:00,46.0,773.0,179.0,2.0,520.0,173.0,7.0,535.0,172.0,0.0,474.0,180.0,3.0,543.0,175.0,3.0,469.0,193.0,9.0,487.0,177.0,548.0,470.0,79.0,339.0,2860.0,9853.0
2018-03-20 19:00:00,39.0,646.0,190.0,1.0,545.0,181.0,0.0,593.0,178.0,0.0,501.0,187.0,3.0,612.0,184.0,2.0,499.0,220.0,3.0,496.0,189.0,542.0,465.0,99.0,259.0,2954.0,5149.0
2018-03-20 20:00:00,12.0,587.0,193.0,0.0,553.0,184.0,0.0,591.0,181.0,0.0,531.0,188.0,1.0,570.0,189.0,0.0,429.0,236.0,4.0,508.0,194.0,476.0,422.0,109.0,171.0,441.0,5261.0
2018-03-20 21:00:00,11.0,580.0,193.0,0.0,543.0,186.0,0.0,588.0,182.0,0.0,523.0,188.0,2.0,538.0,190.0,2.0,419.0,231.0,4.0,486.0,199.0,482.0,405.0,100.0,249.0,474.0,5038.0
2018-03-20 22:00:00,1.0,555.0,193.0,0.0,541.0,186.0,0.0,590.0,183.0,0.0,523.0,187.0,2.0,527.0,191.0,2.0,427.0,225.0,6.0,469.0,206.0,483.0,392.0,137.0,168.0,328.0,4928.0
2018-03-20 23:00:00,6.0,549.0,192.0,0.0,529.0,186.0,0.0,588.0,183.0,0.0,519.0,187.0,1.0,522.0,190.0,1.0,430.0,222.0,4.0,461.0,206.0,334.0,326.0,143.0,143.0,248.0,784.0
2018-03-21 00:00:00,0.0,532.0,189.0,0.0,525.0,183.0,0.0,587.0,180.0,0.0,524.0,185.0,1.0,528.0,188.0,0.0,445.0,210.0,1.0,471.0,197.0,224.0,225.0,136.0,133.0,287.0,
2018-03-21 01:00:00,0.0,524.0,183.0,0.0,526.0,180.0,0.0,585.0,177.0,0.0,532.0,184.0,1.0,522.0,184.0,0.0,456.0,201.0,0.0,481.0,187.0,159.0,162.0,126.0,123.0,243.0,
2018-03-21 02:00:00,1.0,522.0,180.0,0.0,526.0,178.0,0.0,582.0,176.0,0.0,533.0,184.0,1.0,520.0,182.0,0.0,463.0,197.0,0.0,485.0,183.0,142.0,145.0,121.0,120.0,231.0,
2018-03-21 04:00:00,0.0,531.0,172.0,0.0,524.0,173.0,0.0,570.0,170.0,0.0,565.0,180.0,1.0,519.0,176.0,0.0,479.0,185.0,0.0,494.0,175.0,115.0,117.0,114.0,113.0,237.0,
2018-03-21 05:00:00,0.0,535.0,169.0,0.0,524.0,171.0,0.0,567.0,168.0,0.0,561.0,179.0,1.0,520.0,174.0,0.0,485.0,182.0,0.0,497.0,172.0,111.0,112.0,110.0,110.0,259.0,
2018-03-21 06:00:00,9.0,537.0,167.0,0.0,525.0,170.0,0.0,564.0,166.0,0.0,565.0,178.0,1.0,522.0,172.0,1.0,489.0,179.0,0.0,500.0,169.0,110.0,109.0,110.0,108.0,348.0,
2018-03-21 07:00:00,65.0,943.0,180.0,12.0,554.0,169.0,1.0,572.0,165.0,3.0,564.0,177.0,5.0,538.0,171.0,5.0,509.0,177.0,27.0,510.0,168.0,229.0,152.0,68.0,308.0,485.0,13774.0
2018-03-21 08:00:00,55.0,703.0,182.0,60.0,553.0,176.0,19.0,583.0,170.0,9.0,549.0,183.0,11.0,586.0,177.0,14.0,526.0,193.0,49.0,528.0,181.0,492.0,443.0,91.0,246.0,1071.0,5936.0
2018-03-21 09:00:00,44.0,587.0,182.0,35.0,545.0,176.0,24.0,565.0,171.0,11.0,528.0,182.0,10.0,563.0,178.0,17.0,505.0,195.0,31.0,515.0,182.0,392.0,270.0,87.0,173.0,940.0,560.0
2018-03-21 10:00:00,54.0,575.0,178.0,38.0,547.0,173.0,31.0,560.0,170.0,14.0,522.0,179.0,12.0,559.0,177.0,22.0,512.0,191.0,33.0,532.0,176.0,265.0,191.0,107.0,188.0,464.0,224.0
2018-03-21 11:00:00,70.0,560.0,173.0,45.0,547.0,171.0,39.0,558.0,168.0,18.0,520.0,177.0,14.0,551.0,175.0,27.0,508.0,186.0,39.0,538.0,172.0,189.0,156.0,119.0,157.0,247.0,
2018-03-21 12:00:00,82.0,552.0,170.0,58.0,541.0,170.0,53.0,550.0,167.0,24.0,515.0,175.0,17.0,542.0,173.0,34.0,505.0,181.0,50.0,532.0,169.0,164.0,148.0,120.0,123.0,225.0,896.0
2018-03-21 13:00:00,57.0,551.0,170.0,38.0,539.0,169.0,27.0,547.0,165.0,12.0,513.0,174.0,11.0,539.0,172.0,20.0,506.0,180.0,33.0,528.0,169.0,188.0,168.0,119.0,118.0,280.0,1903.0
2018-03-21 14:00:00,50.0,550.0,170.0,26.0,538.0,168.0,28.0,548.0,165.0,12.0,514.0,173.0,10.0,540.0,172.0,19.0,508.0,180.0,26.0,525.0,170.0,216.0,190.0,120.0,118.0,212.0,1008.0
2018-03-21 15:00:00,54.0,549.0,171.0,30.0,538.0,168.0,50.0,548.0,165.0,19.0,517.0,173.0,14.0,542.0,172.0,26.0,508.0,180.0,31.0,522.0,171.0,301.0,208.0,122.0,120.0,212.0,1120.0
2018-03-21 16:00:00,34.0,548.0,172.0,21.0,539.0,168.0,29.0,549.0,165.0,11.0,519.0,173.0,9.0,544.0,172.0,15.0,507.0,181.0,19.0,520.0,171.0,234.0,216.0,125.0,121.0,245.0,2240.0
2018-03-21 17:00:00,14.0,548.0,173.0,5.0,540.0,167.0,4.0,550.0,165.0,2.0,519.0,173.0,2.0,546.0,171.0,2.0,506.0,182.0,4.0,518.0,172.0,247.0,227.0,124.0,122.0,261.0,2351.0
2018-03-21 18:00:00,2.0,560.0,176.0,0.0,546.0,169.0,1.0,556.0,166.0,0.0,525.0,175.0,1.0,549.0,174.0,0.0,506.0,188.0,5.0,523.0,177.0,476.0,393.0,102.0,148.0,627.0,11760.0
2018-03-21 19:00:00,5.0,553.0,186.0,0.0,544.0,178.0,0.0,573.0,173.0,0.0,529.0,182.0,1.0,547.0,182.0,1.0,488.0,204.0,4.0,513.0,188.0,535.0,462.0,126.0,156.0,1495.0,6832.0
2018-03-21 20:00:00,1.0,567.0,193.0,0.0,553.0,182.0,0.0,569.0,176.0,0.0,535.0,183.0,1.0,582.0,187.0,0.0,477.0,222.0,6.0,528.0,193.0,461.0,409.0,121.0,191.0,366.0,5936.0
2018-03-21 21:00:00,4.0,566.0,197.0,0.0,551.0,184.0,0.0,570.0,177.0,0.0,543.0,184.0,1.0,559.0,188.0,0.0,460.0,220.0,6.0,522.0,197.0,468.0,385.0,107.0,239.0,791.0,5597.0
2018-03-21 22:00:00,1.0,554.0,198.0,0.0,550.0,185.0,0.0,570.0,178.0,0.0,546.0,185.0,1.0,556.0,189.0,0.0,465.0,216.0,7.0,527.0,199.0,411.0,373.0,105.0,168.0,597.0,4927.0
2018-03-21 23:00:00,0.0,546.0,198.0,0.0,549.0,186.0,0.0,566.0,179.0,0.0,550.0,185.0,1.0,553.0,190.0,0.0,467.0,215.0,7.0,529.0,201.0,391.0,352.0,139.0,147.0,464.0,3808.0
2018-03-22 00:00:00,1.0,545.0,197.0,0.0,549.0,186.0,0.0,565.0,178.0,0.0,552.0,185.0,1.0,552.0,189.0,0.0,473.0,213.0,6.0,530.0,201.0,315.0,306.0,145.0,142.0,409.0,672.0
2018-03-22 01:00:00,2.0,546.0,192.0,0.0,553.0,183.0,0.0,566.0,176.0,0.0,553.0,184.0,1.0,556.0,187.0,0.0,488.0,206.0,0.0,519.0,195.0,202.0,204.0,115.0,133.0,239.0,
2018-03-22 02:00:00,1.0,543.0,188.0,0.0,551.0,182.0,0.0,566.0,173.0,0.0,557.0,184.0,1.0,554.0,185.0,0.0,499.0,200.0,0.0,518.0,190.0,162.0,165.0,125.0,127.0,229.0,
2018-03-22 04:00:00,1.0,553.0,179.0,0.0,547.0,177.0,0.0,562.0,169.0,0.0,567.0,181.0,0.0,552.0,180.0,0.0,516.0,188.0,0.0,522.0,182.0,126.0,127.0,120.0,119.0,212.0,
2018-03-22 05:00:00,1.0,556.0,176.0,0.0,546.0,176.0,0.0,560.0,167.0,0.0,563.0,180.0,1.0,552.0,179.0,0.0,520.0,185.0,0.0,524.0,179.0,120.0,121.0,118.0,117.0,242.0,
2018-03-22 06:00:00,5.0,560.0,174.0,0.0,546.0,174.0,0.0,559.0,165.0,0.0,563.0,178.0,1.0,551.0,177.0,0.0,524.0,182.0,0.0,525.0,177.0,115.0,116.0,115.0,115.0,278.0,
2018-03-22 07:00:00,28.0,569.0,173.0,0.0,549.0,173.0,3.0,563.0,165.0,0.0,580.0,178.0,3.0,551.0,176.0,3.0,528.0,181.0,0.0,529.0,176.0,249.0,195.0,113.0,122.0,290.0,4927.0
2018-03-22 08:00:00,51.0,586.0,184.0,0.0,550.0,179.0,17.0,572.0,171.0,1.0,577.0,184.0,4.0,558.0,183.0,10.0,506.0,197.0,0.0,521.0,186.0,472.0,430.0,95.0,263.0,372.0,9744.0
2018-03-22 09:00:00,69.0,686.0,196.0,84.0,584.0,184.0,35.0,630.0,177.0,10.0,576.0,188.0,8.0,615.0,185.0,22.0,516.0,203.0,52.0,532.0,193.0,477.0,336.0,99.0,259.0,417.0,3248.0
2018-03-22 10:00:00,78.0,595.0,192.0,94.0,559.0,183.0,34.0,584.0,176.0,17.0,556.0,186.0,13.0,567.0,184.0,28.0,511.0,201.0,98.0,530.0,191.0,236.0,238.0,131.0,154.0,249.0,
2018-03-22 11:00:00,60.0,570.0,186.0,62.0,554.0,180.0,30.0,572.0,173.0,14.0,544.0,182.0,11.0,556.0,181.0,23.0,511.0,195.0,42.0,523.0,185.0,173.0,175.0,129.0,132.0,227.0,
2018-03-22 12:00:00,56.0,570.0,184.0,56.0,550.0,180.0,31.0,566.0,173.0,14.0,537.0,183.0,12.0,550.0,182.0,25.0,508.0,194.0,38.0,520.0,186.0,413.0,331.0,115.0,157.0,343.0,11424.0
2018-03-22 13:00:00,63.0,559.0,193.0,60.0,543.0,191.0,36.0,558.0,181.0,17.0,525.0,193.0,12.0,542.0,191.0,23.0,477.0,211.0,40.0,500.0,200.0,537.0,465.0,120.0,155.0,743.0,7392.0
2018-03-22 14:00:00,50.0,553.0,201.0,44.0,533.0,196.0,24.0,552.0,186.0,11.0,526.0,193.0,10.0,535.0,195.0,18.0,464.0,218.0,29.0,487.0,206.0,521.0,448.0,101.0,173.0,737.0,7055.0
2018-03-22 15:00:00,33.0,554.0,206.0,40.0,533.0,198.0,35.0,549.0,188.0,13.0,530.0,193.0,11.0,536.0,198.0,15.0,467.0,223.0,24.0,488.0,207.0,513.0,430.0,97.0,276.0,540.0,6832.0
2018-03-22 16:00:00,16.0,550.0,209.0,15.0,537.0,199.0,7.0,552.0,190.0,3.0,536.0,195.0,4.0,541.0,199.0,6.0,486.0,224.0,9.0,497.0,207.0,465.0,402.0,95.0,288.0,2104.0,5374.0
2018-03-22 17:00:00,6.0,573.0,208.0,4.0,539.0,199.0,15.0,572.0,190.0,1.0,557.0,196.0,3.0,575.0,199.0,4.0,469.0,236.0,5.0,504.0,207.0,414.0,370.0,92.0,204.0,1318.0,5599.0
2018-03-22 18:00:00,31.0,721.0,211.0,0.0,547.0,199.0,5.0,588.0,191.0,0.0,572.0,196.0,1.0,591.0,199.0,0.0,466.0,239.0,0.0,514.0,206.0,495.0,363.0,87.0,275.0,1258.0,8960.0
2018-03-22 19:00:00,7.0,651.0,211.0,1.0,572.0,200.0,0.0,603.0,191.0,0.0,595.0,196.0,1.0,613.0,200.0,1.0,502.0,239.0,2.0,524.0,207.0,427.0,343.0,121.0,165.0,2332.0,2575.0
2018-03-22 20:00:00,1.0,593.0,210.0,2.0,570.0,201.0,0.0,600.0,190.0,0.0,589.0,197.0,1.0,596.0,203.0,0.0,476.0,242.0,6.0,541.0,207.0,422.0,323.0,120.0,185.0,430.0,4704.0
2018-03-22 21:00:00,13.0,596.0,208.0,1.0,563.0,200.0,0.0,594.0,189.0,0.0,585.0,197.0,1.0,580.0,203.0,0.0,474.0,236.0,4.0,547.0,209.0,337.0,316.0,131.0,195.0,345.0,1120.0
2018-03-22 22:00:00,0.0,581.0,203.0,0.0,566.0,197.0,0.0,594.0,187.0,0.0,583.0,194.0,1.0,576.0,200.0,0.0,490.0,224.0,5.0,540.0,207.0,220.0,221.0,135.0,150.0,413.0,
2018-03-22 23:00:00,0.0,574.0,198.0,0.0,560.0,195.0,0.0,592.0,184.0,0.0,579.0,191.0,1.0,564.0,198.0,0.0,499.0,215.0,5.0,540.0,202.0,171.0,173.0,137.0,137.0,372.0,
2018-03-23 06:00:00,,,,,,,,,,,,,,,,,,,,,,,,,,,2352.0
2018-03-23 07:00:00,,,,,,,,,,,,,,,,,,,,,,,,,,,8511.0
2018-03-23 08:00:00,,,,,,,,,,,,,,,,,,,,,,,,,,,6720.0
2018-03-23 09:00:00,,,,,,,,,,,,,,,,,,,,,,,,,,,6716.0
2018-03-23 10:00:00,,,,,,,,,,,,,,,,,,,,,,,,,,,1119.0
2018-03-23 16:00:00,26.0,614.0,178.0,30.0,569.0,180.0,83.0,581.0,177.0,11.0,565.0,185.0,12.0,578.0,181.0,16.0,552.0,188.0,23.0,555.0,180.0,313.0,175.0,99.0,196.0,900.0,4479.0
2018-03-23 17:00:00,20.0,706.0,182.0,28.0,569.0,186.0,162.0,578.0,181.0,19.0,572.0,188.0,11.0,587.0,185.0,17.0,545.0,199.0,84.0,549.0,194.0,526.0,469.0,109.0,184.0,1495.0,5039.0
2018-03-23 18:00:00,16.0,679.0,190.0,1.0,563.0,193.0,1.0,578.0,186.0,0.0,571.0,190.0,5.0,586.0,191.0,1.0,517.0,217.0,8.0,537.0,202.0,549.0,456.0,129.0,154.0,321.0,7053.0
2018-03-23 19:00:00,1.0,681.0,194.0,0.0,557.0,196.0,0.0,599.0,189.0,0.0,569.0,190.0,6.0,572.0,193.0,1.0,504.0,222.0,6.0,528.0,204.0,533.0,448.0,143.0,152.0,300.0,4478.0
2018-03-23 20:00:00,9.0,636.0,196.0,0.0,553.0,197.0,0.0,597.0,190.0,0.0,574.0,192.0,6.0,569.0,195.0,2.0,492.0,224.0,5.0,530.0,203.0,527.0,406.0,126.0,221.0,389.0,4590.0
2018-03-23 21:00:00,0.0,627.0,197.0,0.0,554.0,197.0,0.0,599.0,190.0,0.0,569.0,193.0,1.0,573.0,196.0,0.0,490.0,223.0,4.0,548.0,205.0,543.0,400.0,141.0,181.0,341.0,5151.0
2018-03-23 22:00:00,11.0,615.0,199.0,0.0,551.0,198.0,0.0,597.0,191.0,0.0,563.0,193.0,1.0,576.0,196.0,0.0,488.0,225.0,4.0,554.0,208.0,439.0,400.0,148.0,182.0,312.0,3360.0
2018-03-23 23:00:00,3.0,596.0,201.0,0.0,552.0,197.0,0.0,598.0,190.0,0.0,577.0,192.0,1.0,577.0,197.0,0.0,496.0,223.0,0.0,528.0,205.0,425.0,327.0,133.0,189.0,261.0,1008.0
2018-03-24 00:00:00,1.0,575.0,198.0,0.0,549.0,193.0,0.0,600.0,187.0,0.0,581.0,190.0,1.0,565.0,194.0,0.0,501.0,215.0,0.0,528.0,198.0,250.0,226.0,145.0,151.0,249.0,
2018-03-24 01:00:00,1.0,569.0,193.0,0.0,549.0,191.0,0.0,598.0,183.0,0.0,588.0,190.0,1.0,562.0,192.0,0.0,509.0,207.0,0.0,530.0,194.0,184.0,178.0,141.0,140.0,210.0,
2018-03-24 02:00:00,1.0,566.0,189.0,0.0,548.0,188.0,0.0,594.0,181.0,0.0,599.0,189.0,1.0,559.0,190.0,0.0,514.0,201.0,0.0,531.0,190.0,152.0,152.0,135.0,133.0,280.0,
2018-03-24 03:00:00,1.0,571.0,185.0,0.0,547.0,186.0,0.0,592.0,179.0,0.0,594.0,188.0,1.0,557.0,188.0,0.0,520.0,196.0,0.0,529.0,187.0,139.0,139.0,130.0,129.0,204.0,
2018-03-24 04:00:00,1.0,567.0,183.0,0.0,545.0,184.0,0.0,590.0,177.0,0.0,596.0,187.0,1.0,554.0,186.0,0.0,522.0,193.0,0.0,528.0,184.0,130.0,131.0,126.0,126.0,241.0,
2018-03-24 05:00:00,0.0,567.0,180.0,0.0,545.0,183.0,0.0,590.0,176.0,0.0,600.0,185.0,1.0,553.0,184.0,0.0,524.0,190.0,0.0,527.0,182.0,126.0,126.0,125.0,124.0,296.0,
2018-03-24 06:00:00,6.0,566.0,178.0,0.0,544.0,181.0,0.0,590.0,174.0,0.0,607.0,184.0,1.0,552.0,183.0,0.0,525.0,187.0,0.0,527.0,180.0,123.0,123.0,123.0,123.0,345.0,
2018-03-24 07:00:00,39.0,567.0,176.0,0.0,544.0,179.0,0.0,590.0,173.0,0.0,608.0,183.0,4.0,550.0,181.0,4.0,525.0,186.0,0.0,527.0,178.0,120.0,120.0,120.0,120.0,288.0,
2018-03-24 08:00:00,89.0,567.0,176.0,10.0,542.0,181.0,9.0,590.0,172.0,1.0,617.0,181.0,7.0,549.0,180.0,8.0,527.0,184.0,1.0,538.0,178.0,179.0,139.0,116.0,123.0,269.0,5712.0
2018-03-24 09:00:00,108.0,594.0,182.0,7.0,527.0,189.0,20.0,568.0,176.0,12.0,544.0,182.0,10.0,553.0,184.0,20.0,528.0,196.0,82.0,508.0,192.0,476.0,393.0,80.0,248.0,1482.0,5487.0
2018-03-24 10:00:00,124.0,807.0,194.0,106.0,499.0,191.0,34.0,526.0,178.0,27.0,511.0,182.0,10.0,542.0,186.0,32.0,498.0,205.0,89.0,453.0,200.0,506.0,354.0,70.0,292.0,480.0,9967.0
2018-03-24 11:00:00,107.0,755.0,197.0,84.0,507.0,190.0,33.0,539.0,177.0,23.0,549.0,185.0,18.0,567.0,187.0,36.0,517.0,207.0,52.0,459.0,195.0,429.0,331.0,75.0,340.0,1045.0,5262.0
2018-03-24 12:00:00,108.0,669.0,194.0,113.0,515.0,189.0,58.0,536.0,178.0,37.0,547.0,185.0,22.0,556.0,188.0,41.0,520.0,208.0,75.0,471.0,195.0,327.0,298.0,96.0,183.0,627.0,3472.0
2018-03-24 13:00:00,81.0,557.0,193.0,130.0,489.0,188.0,116.0,499.0,179.0,79.0,512.0,187.0,29.0,509.0,188.0,75.0,434.0,208.0,92.0,445.0,196.0,330.0,291.0,91.0,211.0,1084.0,1904.0
2018-03-24 14:00:00,56.0,605.0,191.0,126.0,506.0,187.0,210.0,448.0,178.0,111.0,512.0,188.0,35.0,546.0,188.0,100.0,499.0,204.0,94.0,471.0,192.0,229.0,211.0,121.0,159.0,261.0,
2018-03-24 15:00:00,34.0,633.0,187.0,48.0,515.0,185.0,75.0,425.0,175.0,27.0,521.0,188.0,15.0,539.0,187.0,27.0,503.0,199.0,31.0,492.0,187.0,171.0,167.0,128.0,136.0,243.0,
2018-03-24 16:00:00,36.0,639.0,185.0,58.0,517.0,184.0,440.0,435.0,174.0,115.0,527.0,187.0,68.0,537.0,186.0,95.0,509.0,194.0,81.0,500.0,185.0,146.0,147.0,130.0,130.0,258.0,
2018-03-24 17:00:00,22.0,639.0,183.0,24.0,521.0,183.0,166.0,456.0,175.0,18.0,522.0,187.0,11.0,534.0,185.0,15.0,509.0,193.0,27.0,507.0,183.0,259.0,198.0,119.0,129.0,407.0,6160.0
2018-03-24 18:00:00,31.0,713.0,190.0,4.0,523.0,190.0,4.0,533.0,181.0,1.0,529.0,189.0,4.0,582.0,191.0,3.0,518.0,210.0,8.0,494.0,198.0,560.0,423.0,94.0,256.0,1527.0,9180.0
2018-03-24 19:00:00,11.0,885.0,204.0,0.0,529.0,192.0,11.0,570.0,184.0,0.0,537.0,188.0,1.0,570.0,195.0,0.0,525.0,215.0,4.0,506.0,203.0,429.0,383.0,131.0,183.0,297.0,4032.0
2018-03-24 20:00:00,1.0,704.0,202.0,0.0,538.0,193.0,0.0,576.0,186.0,0.0,555.0,190.0,1.0,579.0,196.0,0.0,508.0,218.0,5.0,521.0,207.0,446.0,375.0,130.0,167.0,336.0,4815.0
2018-03-24 21:00:00,3.0,663.0,201.0,0.0,545.0,194.0,0.0,569.0,187.0,0.0,565.0,192.0,1.0,576.0,198.0,1.0,506.0,220.0,5.0,525.0,209.0,443.0,351.0,121.0,226.0,533.0,4813.0
2018-03-24 22:00:00,7.0,658.0,201.0,4.0,558.0,193.0,0.0,566.0,186.0,0.0,566.0,193.0,1.0,572.0,199.0,0.0,506.0,220.0,2.0,525.0,208.0,347.0,317.0,117.0,213.0,323.0,784.0
2018-03-24 23:00:00,0.0,682.0,198.0,0.0,561.0,192.0,0.0,567.0,184.0,0.0,534.0,190.0,1.0,556.0,196.0,0.0,499.0,214.0,0.0,512.0,201.0,220.0,220.0,137.0,163.0,207.0,
2018-03-25 00:00:00,0.0,684.0,193.0,0.0,554.0,189.0,0.0,563.0,181.0,0.0,508.0,187.0,1.0,546.0,193.0,0.0,498.0,205.0,0.0,508.0,194.0,165.0,167.0,136.0,138.0,233.0,
2018-03-25 01:00:00,0.0,686.0,189.0,0.0,558.0,187.0,0.0,560.0,179.0,0.0,509.0,185.0,1.0,541.0,190.0,0.0,501.0,200.0,0.0,508.0,191.0,147.0,149.0,132.0,132.0,265.0,
2018-03-25 02:00:00,0.0,688.0,186.0,0.0,573.0,186.0,0.0,559.0,177.0,0.0,501.0,184.0,1.0,539.0,188.0,0.0,505.0,196.0,0.0,508.0,188.0,136.0,137.0,130.0,128.0,243.0,
2018-03-25 03:00:00,0.0,688.0,184.0,0.0,587.0,185.0,0.0,559.0,176.0,0.0,497.0,182.0,1.0,534.0,186.0,0.0,504.0,192.0,0.0,506.0,185.0,129.0,130.0,125.0,125.0,233.0,
2018-03-25 04:00:00,0.0,695.0,183.0,0.0,559.0,184.0,0.0,558.0,174.0,0.0,493.0,181.0,1.0,532.0,185.0,0.0,503.0,191.0,0.0,507.0,184.0,190.0,174.0,126.0,125.0,240.0,1792.0
2018-03-25 05:00:00,1.0,700.0,184.0,0.0,565.0,183.0,0.0,558.0,173.0,0.0,492.0,181.0,1.0,529.0,185.0,0.0,497.0,192.0,0.0,503.0,184.0,234.0,214.0,130.0,129.0,252.0,2797.0
2018-03-25 06:00:00,11.0,663.0,185.0,0.0,585.0,182.0,0.0,558.0,173.0,0.0,496.0,181.0,2.0,534.0,185.0,1.0,500.0,193.0,0.0,502.0,185.0,236.0,224.0,125.0,131.0,264.0,1008.0
2018-03-25 07:00:00,53.0,613.0,185.0,0.0,610.0,182.0,0.0,560.0,172.0,0.0,490.0,181.0,4.0,540.0,185.0,5.0,506.0,194.0,0.0,503.0,185.0,254.0,223.0,121.0,145.0,342.0,3696.0
2018-03-25 08:00:00,99.0,829.0,198.0,191.0,584.0,186.0,33.0,597.0,173.0,1.0,491.0,179.0,12.0,574.0,185.0,8.0,551.0,194.0,173.0,527.0,185.0,449.0,194.0,85.0,258.0,359.0,7280.0
2018-03-25 09:00:00,107.0,947.0,194.0,90.0,568.0,188.0,36.0,623.0,174.0,14.0,520.0,179.0,12.0,598.0,185.0,23.0,588.0,192.0,121.0,537.0,185.0,420.0,196.0,89.0,264.0,622.0,7390.0
2018-03-25 10:00:00,68.0,715.0,195.0,33.0,563.0,189.0,26.0,608.0,177.0,13.0,582.0,184.0,13.0,635.0,188.0,24.0,595.0,199.0,48.0,550.0,191.0,356.0,345.0,119.0,226.0,295.0,784.0
2018-03-25 11:00:00,81.0,635.0,191.0,29.0,560.0,186.0,29.0,587.0,176.0,15.0,552.0,184.0,14.0,608.0,187.0,30.0,564.0,198.0,47.0,537.0,188.0,219.0,221.0,137.0,149.0,269.0,
2018-03-25 12:00:00,82.0,609.0,185.0,29.0,557.0,183.0,47.0,576.0,175.0,22.0,539.0,183.0,16.0,591.0,184.0,36.0,552.0,193.0,64.0,532.0,184.0,166.0,169.0,132.0,132.0,280.0,
2018-03-25 13:00:00,52.0,601.0,181.0,29.0,556.0,181.0,60.0,570.0,174.0,27.0,540.0,181.0,16.0,577.0,183.0,35.0,545.0,188.0,55.0,532.0,181.0,142.0,145.0,127.0,126.0,245.0,
2018-03-25 14:00:00,40.0,596.0,178.0,19.0,555.0,179.0,48.0,567.0,173.0,19.0,539.0,180.0,15.0,570.0,181.0,27.0,543.0,185.0,37.0,533.0,178.0,131.0,133.0,125.0,123.0,285.0,
2018-03-25 15:00:00,44.0,608.0,179.0,26.0,554.0,180.0,203.0,567.0,174.0,52.0,540.0,181.0,30.0,564.0,182.0,60.0,540.0,186.0,61.0,535.0,181.0,339.0,269.0,100.0,164.0,728.0,9182.0
2018-03-25 16:00:00,43.0,605.0,194.0,19.0,544.0,192.0,177.0,563.0,184.0,46.0,536.0,191.0,38.0,553.0,192.0,52.0,484.0,211.0,73.0,513.0,201.0,479.0,449.0,92.0,282.0,2736.0,7167.0
2018-03-25 17:00:00,47.0,698.0,201.0,5.0,638.0,194.0,0.0,620.0,186.0,4.0,530.0,190.0,9.0,649.0,196.0,11.0,601.0,238.0,15.0,520.0,201.0,545.0,325.0,72.0,292.0,3979.0,8400.0
2018-03-25 18:00:00,6.0,781.0,208.0,0.0,796.0,205.0,0.0,638.0,187.0,0.0,694.0,192.0,6.0,792.0,212.0,5.0,615.0,278.0,8.0,623.0,207.0,434.0,407.0,100.0,198.0,2557.0,6492.0
2018-03-25 19:00:00,4.0,755.0,204.0,0.0,694.0,205.0,0.0,620.0,188.0,0.0,647.0,192.0,1.0,700.0,211.0,0.0,520.0,265.0,5.0,634.0,209.0,486.0,393.0,94.0,201.0,833.0,5376.0
2018-03-25 20:00:00,9.0,773.0,204.0,0.0,641.0,206.0,0.0,626.0,191.0,0.0,623.0,193.0,1.0,650.0,209.0,0.0,500.0,256.0,5.0,607.0,212.0,455.0,400.0,94.0,202.0,1403.0,4480.0
2018-03-25 21:00:00,0.0,802.0,203.0,6.0,618.0,206.0,0.0,613.0,192.0,0.0,606.0,194.0,1.0,601.0,209.0,0.0,483.0,247.0,5.0,585.0,212.0,420.0,378.0,138.0,162.0,365.0,3581.0
2018-03-25 22:00:00,5.0,762.0,203.0,0.0,621.0,206.0,0.0,605.0,193.0,0.0,592.0,194.0,1.0,594.0,208.0,0.0,500.0,241.0,1.0,569.0,212.0,406.0,352.0,116.0,220.0,1055.0,1904.0
2018-03-25 23:00:00,1.0,655.0,202.0,0.0,623.0,203.0,0.0,604.0,190.0,0.0,548.0,193.0,1.0,601.0,205.0,0.0,508.0,231.0,0.0,558.0,207.0,233.0,236.0,112.0,166.0,1080.0,
2018-03-26 00:00:00,0.0,636.0,199.0,0.0,624.0,201.0,0.0,603.0,188.0,0.0,524.0,192.0,1.0,583.0,202.0,0.0,507.0,223.0,0.0,552.0,202.0,180.0,183.0,132.0,142.0,269.0,
2018-03-26 01:00:00,0.0,668.0,194.0,0.0,612.0,198.0,0.0,595.0,185.0,0.0,509.0,190.0,1.0,559.0,199.0,0.0,500.0,215.0,0.0,543.0,199.0,152.0,155.0,135.0,134.0,218.0,
2018-03-26 02:00:00,0.0,680.0,190.0,0.0,595.0,196.0,0.0,589.0,183.0,0.0,503.0,188.0,1.0,545.0,197.0,0.0,503.0,209.0,0.0,533.0,195.0,138.0,140.0,130.0,130.0,293.0,
2018-03-26 03:00:00,0.0,682.0,187.0,0.0,592.0,194.0,0.0,586.0,180.0,0.0,498.0,187.0,1.0,530.0,194.0,0.0,506.0,204.0,0.0,526.0,192.0,131.0,132.0,129.0,127.0,266.0,
2018-03-26 04:00:00,0.0,681.0,185.0,0.0,594.0,192.0,0.0,585.0,178.0,0.0,496.0,185.0,1.0,528.0,191.0,0.0,506.0,200.0,0.0,521.0,189.0,126.0,127.0,125.0,125.0,223.0,
2018-03-26 05:00:00,1.0,636.0,182.0,0.0,593.0,190.0,0.0,582.0,177.0,0.0,476.0,182.0,1.0,538.0,189.0,0.0,509.0,196.0,0.0,515.0,186.0,123.0,123.0,125.0,123.0,248.0,
2018-03-26 06:00:00,31.0,849.0,187.0,0.0,589.0,189.0,4.0,581.0,175.0,0.0,465.0,179.0,3.0,534.0,186.0,2.0,507.0,193.0,0.0,507.0,184.0,344.0,138.0,87.0,281.0,621.0,7280.0
2018-03-26 07:00:00,71.0,789.0,187.0,44.0,567.0,186.0,14.0,594.0,175.0,6.0,509.0,180.0,10.0,553.0,184.0,8.0,538.0,193.0,29.0,518.0,181.0,512.0,163.0,89.0,266.0,385.0,2016.0
2018-03-26 08:00:00,69.0,618.0,181.0,215.0,559.0,188.0,5.0,577.0,175.0,13.0,540.0,179.0,17.0,566.0,183.0,9.0,536.0,189.0,181.0,537.0,181.0,267.0,169.0,125.0,162.0,215.0,
2018-03-26 09:00:00,82.0,603.0,179.0,101.0,547.0,188.0,5.0,576.0,174.0,17.0,549.0,178.0,11.0,568.0,182.0,12.0,542.0,187.0,115.0,543.0,182.0,177.0,150.0,128.0,132.0,245.0,
2018-03-26 10:00:00,99.0,598.0,177.0,64.0,546.0,186.0,9.0,574.0,173.0,22.0,548.0,177.0,13.0,564.0,181.0,22.0,540.0,185.0,66.0,534.0,180.0,144.0,135.0,125.0,124.0,232.0,
2018-03-26 11:00:00,55.0,595.0,175.0,36.0,546.0,183.0,14.0,570.0,172.0,19.0,548.0,176.0,13.0,561.0,179.0,21.0,539.0,183.0,44.0,534.0,177.0,147.0,136.0,120.0,121.0,266.0,896.0
2018-03-26 12:00:00,48.0,595.0,175.0,33.0,550.0,180.0,16.0,568.0,171.0,20.0,548.0,175.0,13.0,563.0,178.0,20.0,541.0,183.0,42.0,534.0,176.0,164.0,156.0,120.0,122.0,248.0,896.0
2018-03-26 13:00:00,57.0,589.0,175.0,41.0,551.0,179.0,25.0,566.0,171.0,34.0,549.0,175.0,16.0,560.0,178.0,32.0,536.0,183.0,57.0,533.0,176.0,193.0,183.0,125.0,123.0,236.0,1119.0
2018-03-26 14:00:00,49.0,582.0,176.0,33.0,552.0,177.0,29.0,566.0,171.0,32.0,548.0,175.0,16.0,558.0,178.0,32.0,530.0,184.0,48.0,530.0,176.0,210.0,193.0,125.0,124.0,268.0,2240.0
2018-03-26 15:00:00,43.0,576.0,177.0,34.0,552.0,177.0,128.0,565.0,171.0,89.0,547.0,176.0,40.0,558.0,178.0,62.0,526.0,185.0,66.0,529.0,177.0,192.0,191.0,128.0,125.0,238.0,
2018-03-26 16:00:00,41.0,508.0,176.0,25.0,537.0,176.0,195.0,549.0,173.0,91.0,516.0,178.0,48.0,529.0,178.0,83.0,476.0,186.0,60.0,511.0,175.0,209.0,191.0,118.0,139.0,267.0,2352.0
2018-03-26 17:00:00,17.0,583.0,178.0,5.0,522.0,177.0,6.0,527.0,172.0,5.0,505.0,178.0,4.0,522.0,179.0,5.0,470.0,189.0,14.0,502.0,181.0,408.0,336.0,121.0,134.0,392.0,10304.0
2018-03-26 18:00:00,6.0,605.0,186.0,0.0,534.0,187.0,0.0,567.0,181.0,0.0,529.0,184.0,1.0,536.0,187.0,3.0,476.0,207.0,4.0,495.0,198.0,542.0,485.0,128.0,145.0,492.0,7392.0
2018-03-26 19:00:00,0.0,583.0,193.0,0.0,531.0,194.0,0.0,573.0,186.0,0.0,547.0,189.0,1.0,544.0,193.0,0.0,469.0,218.0,7.0,495.0,207.0,543.0,480.0,121.0,185.0,733.0,8399.0
2018-03-26 20:00:00,49.0,662.0,198.0,0.0,535.0,196.0,0.0,574.0,188.0,0.0,559.0,191.0,1.0,561.0,195.0,0.0,480.0,222.0,5.0,496.0,210.0,567.0,423.0,85.0,318.0,1169.0,10415.0
2018-03-26 21:00:00,44.0,718.0,206.0,0.0,546.0,195.0,0.0,580.0,188.0,0.0,584.0,191.0,2.0,606.0,195.0,0.0,512.0,220.0,2.0,500.0,208.0,421.0,386.0,96.0,282.0,466.0,6832.0
2018-03-26 22:00:00,11.0,719.0,206.0,0.0,597.0,193.0,0.0,586.0,186.0,0.0,587.0,188.0,1.0,631.0,194.0,0.0,538.0,216.0,1.0,514.0,205.0,456.0,293.0,93.0,319.0,1171.0,2016.0
2018-03-26 23:00:00,1.0,616.0,197.0,0.0,586.0,190.0,0.0,597.0,183.0,0.0,583.0,186.0,1.0,607.0,191.0,0.0,547.0,209.0,0.0,526.0,198.0,255.0,215.0,121.0,164.0,850.0,
2018-03-27 00:00:00,0.0,594.0,191.0,0.0,571.0,187.0,0.0,592.0,180.0,0.0,589.0,185.0,1.0,580.0,189.0,0.0,536.0,202.0,0.0,531.0,192.0,182.0,172.0,131.0,144.0,247.0,
2018-03-27 01:00:00,0.0,596.0,186.0,0.0,563.0,185.0,0.0,588.0,178.0,0.0,591.0,184.0,1.0,564.0,187.0,0.0,532.0,197.0,0.0,532.0,188.0,153.0,150.0,127.0,139.0,268.0,
2018-03-27 02:00:00,0.0,594.0,184.0,0.0,559.0,184.0,0.0,585.0,177.0,0.0,595.0,184.0,1.0,560.0,186.0,0.0,534.0,195.0,0.0,531.0,186.0,140.0,141.0,130.0,130.0,266.0,
2018-03-27 04:00:00,0.0,589.0,176.0,0.0,550.0,180.0,0.0,580.0,173.0,0.0,613.0,182.0,1.0,554.0,181.0,0.0,530.0,186.0,0.0,528.0,179.0,125.0,124.0,123.0,123.0,225.0,
2018-03-27 05:00:00,0.0,589.0,174.0,0.0,547.0,178.0,0.0,579.0,172.0,0.0,616.0,181.0,1.0,553.0,179.0,0.0,530.0,184.0,0.0,528.0,177.0,120.0,121.0,120.0,120.0,300.0,
2018-03-27 06:00:00,12.0,602.0,173.0,0.0,551.0,176.0,3.0,584.0,172.0,0.0,601.0,180.0,1.0,563.0,178.0,1.0,548.0,183.0,1.0,533.0,175.0,120.0,119.0,89.0,138.0,391.0,112.0
2018-03-27 07:00:00,12.0,616.0,173.0,5.0,569.0,175.0,1.0,577.0,171.0,1.0,567.0,178.0,3.0,576.0,177.0,2.0,565.0,181.0,5.0,550.0,174.0,120.0,120.0,105.0,136.0,256.0,
2018-03-27 08:00:00,21.0,612.0,171.0,12.0,577.0,173.0,3.0,573.0,170.0,4.0,562.0,176.0,4.0,574.0,175.0,5.0,559.0,179.0,10.0,553.0,172.0,120.0,120.0,115.0,122.0,265.0,
2018-03-27 09:00:00,49.0,612.0,170.0,34.0,584.0,172.0,10.0,572.0,169.0,10.0,562.0,175.0,8.0,575.0,174.0,14.0,559.0,178.0,29.0,557.0,170.0,120.0,118.0,119.0,118.0,266.0,
2018-03-27 10:00:00,81.0,612.0,169.0,64.0,584.0,172.0,16.0,575.0,168.0,18.0,565.0,173.0,13.0,577.0,173.0,24.0,560.0,176.0,53.0,561.0,169.0,115.0,117.0,115.0,118.0,237.0,
2018-03-27 11:00:00,72.0,610.0,169.0,50.0,584.0,171.0,16.0,578.0,168.0,16.0,567.0,172.0,12.0,578.0,172.0,23.0,563.0,175.0,43.0,563.0,168.0,115.0,115.0,115.0,117.0,237.0,
2018-03-27 12:00:00,67.0,612.0,169.0,46.0,589.0,170.0,16.0,580.0,167.0,16.0,567.0,172.0,12.0,579.0,172.0,22.0,563.0,175.0,40.0,567.0,168.0,148.0,140.0,116.0,117.0,263.0,1008.0
2018-03-27 13:00:00,47.0,609.0,170.0,30.0,594.0,169.0,10.0,583.0,167.0,10.0,568.0,171.0,8.0,581.0,171.0,14.0,563.0,175.0,26.0,568.0,168.0,170.0,158.0,120.0,118.0,230.0,784.0
2018-03-27 14:00:00,46.0,603.0,172.0,26.0,598.0,169.0,9.0,592.0,166.0,9.0,568.0,171.0,8.0,580.0,171.0,13.0,558.0,177.0,25.0,567.0,170.0,207.0,197.0,124.0,122.0,252.0,1008.0
2018-03-27 15:00:00,30.0,595.0,173.0,18.0,601.0,169.0,6.0,597.0,166.0,7.0,567.0,171.0,6.0,580.0,172.0,9.0,554.0,178.0,17.0,563.0,172.0,228.0,210.0,125.0,124.0,257.0,1904.0
2018-03-27 16:00:00,37.0,594.0,174.0,17.0,609.0,169.0,9.0,600.0,166.0,8.0,568.0,171.0,7.0,584.0,172.0,10.0,553.0,180.0,16.0,561.0,173.0,222.0,210.0,102.0,219.0,247.0,2352.0
2018-03-27 17:00:00,34.0,604.0,175.0,3.0,619.0,168.0,19.0,621.0,166.0,1.0,573.0,171.0,5.0,600.0,172.0,5.0,586.0,184.0,7.0,575.0,173.0,358.0,188.0,91.0,242.0,2323.0,672.0
2018-03-27 18:00:00,35.0,624.0,176.0,1.0,634.0,170.0,8.0,647.0,168.0,0.0,595.0,172.0,7.0,614.0,174.0,4.0,554.0,198.0,3.0,595.0,174.0,456.0,329.0,95.0,234.0,1815.0,9631.0
2018-03-27 19:00:00,2.0,611.0,187.0,0.0,626.0,182.0,0.0,647.0,176.0,0.0,606.0,182.0,1.0,613.0,184.0,0.0,487.0,225.0,5.0,578.0,191.0,540.0,486.0,115.0,177.0,478.0,8170.0
2018-03-27 20:00:00,32.0,670.0,196.0,0.0,611.0,189.0,0.0,623.0,180.0,0.0,611.0,186.0,2.0,639.0,189.0,1.0,507.0,226.0,9.0,557.0,199.0,597.0,456.0,81.0,301.0,481.0,13213.0
2018-03-27 21:00:00,15.0,815.0,209.0,0.0,608.0,192.0,0.0,616.0,182.0,0.0,624.0,186.0,1.0,645.0,191.0,0.0,523.0,224.0,0.0,554.0,202.0,491.0,449.0,101.0,239.0,1042.0,4474.0
2018-03-27 22:00:00,0.0,668.0,203.0,0.0,610.0,190.0,0.0,609.0,183.0,0.0,626.0,185.0,1.0,645.0,190.0,0.0,527.0,220.0,0.0,553.0,198.0,312.0,315.0,117.0,160.0,1081.0,
2018-03-27 23:00:00,0.0,619.0,194.0,0.0,602.0,186.0,0.0,609.0,179.0,0.0,615.0,183.0,1.0,606.0,188.0,0.0,521.0,210.0,0.0,561.0,190.0,208.0,212.0,134.0,141.0,271.0,
2018-03-28 00:00:00,1.0,614.0,187.0,0.0,599.0,183.0,0.0,598.0,175.0,0.0,607.0,182.0,1.0,589.0,185.0,0.0,526.0,201.0,0.0,565.0,185.0,163.0,166.0,134.0,133.0,246.0,
2018-03-28 01:00:00,0.0,609.0,183.0,0.0,599.0,181.0,0.0,596.0,173.0,0.0,607.0,181.0,1.0,579.0,183.0,0.0,533.0,195.0,0.0,565.0,182.0,144.0,147.0,130.0,129.0,237.0,
2018-03-28 02:00:00,1.0,604.0,180.0,0.0,599.0,180.0,0.0,594.0,173.0,0.0,606.0,180.0,1.0,576.0,183.0,0.0,537.0,192.0,0.0,563.0,181.0,136.0,138.0,130.0,128.0,335.0,
2018-03-28 03:00:00,1.0,598.0,175.0,0.0,592.0,177.0,0.0,591.0,170.0,0.0,605.0,179.0,1.0,572.0,179.0,0.0,541.0,186.0,0.0,558.0,177.0,125.0,127.0,125.0,123.0,256.0,
2018-03-28 04:00:00,0.0,600.0,175.0,0.0,585.0,176.0,0.0,590.0,168.0,0.0,618.0,178.0,1.0,571.0,178.0,0.0,543.0,185.0,0.0,557.0,177.0,213.0,186.0,125.0,124.0,260.0,2240.0
2018-03-28 05:00:00,1.0,590.0,176.0,0.0,577.0,175.0,0.0,590.0,168.0,0.0,615.0,179.0,1.0,570.0,178.0,0.0,538.0,186.0,0.0,554.0,177.0,232.0,215.0,130.0,128.0,287.0,2128.0
2018-03-28 06:00:00,31.0,772.0,183.0,2.0,597.0,175.0,9.0,624.0,169.0,1.0,611.0,180.0,2.0,589.0,178.0,2.0,565.0,187.0,2.0,558.0,177.0,229.0,214.0,89.0,276.0,577.0,4816.0
2018-03-28 07:00:00,33.0,653.0,182.0,31.0,613.0,175.0,3.0,638.0,170.0,6.0,594.0,179.0,7.0,606.0,178.0,8.0,576.0,188.0,35.0,575.0,177.0,253.0,226.0,118.0,181.0,299.0,3248.0
2018-03-28 08:00:00,44.0,615.0,181.0,46.0,600.0,175.0,7.0,615.0,170.0,11.0,586.0,178.0,10.0,592.0,178.0,13.0,560.0,188.0,44.0,568.0,178.0,244.0,232.0,117.0,186.0,228.0,1344.0
2018-03-28 09:00:00,78.0,620.0,181.0,84.0,598.0,175.0,9.0,610.0,170.0,16.0,588.0,178.0,13.0,597.0,178.0,18.0,562.0,189.0,81.0,576.0,178.0,223.0,213.0,121.0,194.0,365.0,1232.0
2018-03-28 10:00:00,72.0,594.0,180.0,52.0,593.0,175.0,13.0,609.0,170.0,18.0,583.0,177.0,13.0,589.0,178.0,23.0,553.0,187.0,56.0,569.0,178.0,225.0,207.0,131.0,144.0,239.0,1904.0
2018-03-28 11:00:00,88.0,581.0,180.0,62.0,588.0,175.0,17.0,601.0,169.0,23.0,580.0,177.0,15.0,581.0,178.0,29.0,543.0,187.0,65.0,560.0,178.0,236.0,223.0,135.0,133.0,234.0,1232.0
2018-03-28 12:00:00,80.0,573.0,181.0,56.0,584.0,175.0,,596.0,169.0,24.0,578.0,177.0,15.0,577.0,178.0,29.0,537.0,188.0,66.0,555.0,178.0,244.0,227.0,135.0,133.0,228.0,2016.0
2018-03-28 13:00:00,70.0,568.0,181.0,54.0,582.0,174.0,26.0,594.0,169.0,37.0,575.0,177.0,19.0,576.0,178.0,38.0,535.0,188.0,68.0,552.0,178.0,235.0,219.0,135.0,132.0,287.0,2016.0
2018-03-28 14:00:00,39.0,571.0,180.0,30.0,580.0,174.0,,591.0,170.0,44.0,573.0,177.0,19.0,574.0,178.0,44.0,534.0,188.0,50.0,549.0,178.0,229.0,219.0,135.0,131.0,275.0,1008.0
2018-03-28 15:00:00,51.0,573.0,179.0,52.0,581.0,174.0,53.0,587.0,172.0,103.0,569.0,178.0,48.0,573.0,178.0,76.0,535.0,187.0,88.0,557.0,176.0,199.0,193.0,134.0,130.0,214.0,560.0
2018-03-28 16:00:00,47.0,583.0,179.0,36.0,616.0,174.0,94.0,697.0,174.0,109.0,566.0,180.0,44.0,589.0,178.0,75.0,604.0,192.0,73.0,565.0,175.0,192.0,184.0,116.0,146.0,307.0,3132.0
2018-03-28 17:00:00,24.0,615.0,182.0,14.0,650.0,176.0,15.0,661.0,175.0,18.0,566.0,181.0,7.0,624.0,181.0,9.0,583.0,204.0,42.0,596.0,180.0,456.0,388.0,119.0,154.0,351.0,4815.0
2018-03-28 18:00:00,7.0,598.0,189.0,4.0,602.0,182.0,0.0,639.0,179.0,1.0,575.0,184.0,4.0,594.0,185.0,3.0,528.0,210.0,7.0,551.0,194.0,489.0,444.0,140.0,147.0,492.0,5595.0
2018-03-28 19:00:00,17.0,580.0,193.0,0.0,583.0,186.0,0.0,630.0,182.0,0.0,573.0,185.0,2.0,580.0,188.0,2.0,516.0,214.0,4.0,507.0,208.0,451.0,410.0,120.0,197.0,1059.0,5039.0
2018-03-28 20:00:00,17.0,572.0,197.0,0.0,583.0,186.0,0.0,631.0,182.0,0.0,575.0,187.0,1.0,573.0,190.0,0.0,506.0,214.0,5.0,506.0,209.0,396.0,355.0,122.0,196.0,723.0,2015.0
2018-03-28 21:00:00,2.0,570.0,198.0,0.0,576.0,186.0,0.0,627.0,182.0,0.0,574.0,186.0,1.0,569.0,190.0,0.0,505.0,212.0,6.0,517.0,208.0,362.0,339.0,132.0,156.0,637.0,2237.0
2018-03-28 22:00:00,0.0,557.0,197.0,0.0,566.0,186.0,0.0,625.0,181.0,0.0,574.0,185.0,1.0,560.0,190.0,0.0,499.0,211.0,6.0,515.0,208.0,353.0,326.0,123.0,145.0,552.0,3134.0
2018-03-28 23:00:00,1.0,550.0,196.0,0.0,558.0,186.0,0.0,623.0,181.0,0.0,572.0,185.0,1.0,553.0,190.0,0.0,494.0,211.0,5.0,513.0,208.0,386.0,322.0,146.0,145.0,419.0,3472.0
2018-03-29 00:00:00,3.0,547.0,194.0,0.0,552.0,185.0,0.0,618.0,180.0,0.0,572.0,185.0,1.0,552.0,189.0,0.0,493.0,208.0,3.0,510.0,205.0,374.0,267.0,149.0,145.0,291.0,
2018-03-29 01:00:00,0.0,546.0,189.0,0.0,557.0,183.0,0.0,611.0,178.0,0.0,579.0,184.0,1.0,556.0,187.0,0.0,504.0,201.0,0.0,503.0,195.0,224.0,198.0,141.0,138.0,229.0,
2018-03-29 03:00:00,1.0,555.0,180.0,0.0,553.0,179.0,0.0,602.0,174.0,0.0,586.0,181.0,1.0,547.0,182.0,0.0,512.0,190.0,0.0,514.0,183.0,143.0,142.0,128.0,126.0,236.0,
2018-03-29 04:00:00,0.0,555.0,176.0,0.0,550.0,177.0,0.0,599.0,172.0,0.0,584.0,180.0,1.0,542.0,180.0,0.0,512.0,186.0,0.0,514.0,180.0,133.0,132.0,125.0,124.0,296.0,
2018-03-29 05:00:00,1.0,553.0,173.0,0.0,546.0,175.0,0.0,595.0,170.0,0.0,586.0,179.0,1.0,537.0,177.0,0.0,511.0,183.0,0.0,513.0,177.0,125.0,125.0,120.0,120.0,215.0,
2018-03-29 06:00:00,13.0,552.0,170.0,0.0,544.0,173.0,0.0,592.0,169.0,0.0,590.0,178.0,2.0,535.0,176.0,1.0,511.0,180.0,0.0,513.0,174.0,120.0,120.0,120.0,118.0,295.0,
2018-03-29 07:00:00,87.0,654.0,173.0,56.0,551.0,173.0,4.0,604.0,169.0,1.0,595.0,177.0,9.0,568.0,176.0,9.0,530.0,183.0,1.0,517.0,177.0,374.0,283.0,101.0,222.0,439.0,12880.0
2018-03-29 08:00:00,114.0,700.0,188.0,278.0,552.0,188.0,8.0,613.0,176.0,3.0,592.0,184.0,13.0,592.0,185.0,11.0,525.0,205.0,165.0,505.0,203.0,537.0,475.0,90.0,211.0,335.0,7389.0
2018-03-29 09:00:00,100.0,614.0,190.0,122.0,532.0,191.0,5.0,582.0,178.0,3.0,571.0,186.0,10.0,560.0,187.0,14.0,500.0,206.0,114.0,490.0,203.0,300.0,305.0,133.0,168.0,219.0,
2018-03-29 10:00:00,107.0,600.0,186.0,70.0,534.0,187.0,7.0,566.0,176.0,9.0,574.0,184.0,11.0,556.0,183.0,21.0,505.0,199.0,67.0,502.0,192.0,310.0,267.0,125.0,155.0,383.0,6720.0
2018-03-29 11:00:00,94.0,652.0,191.0,56.0,533.0,189.0,25.0,569.0,179.0,19.0,586.0,186.0,16.0,549.0,187.0,40.0,508.0,206.0,68.0,502.0,202.0,435.0,387.0,110.0,156.0,768.0,2800.0
2018-03-29 12:00:00,82.0,607.0,195.0,60.0,538.0,188.0,18.0,574.0,181.0,23.0,567.0,187.0,17.0,550.0,189.0,38.0,510.0,208.0,70.0,500.0,202.0,423.0,326.0,96.0,247.0,1655.0,3696.0
2018-03-29 13:00:00,56.0,623.0,192.0,43.0,529.0,186.0,12.0,558.0,180.0,15.0,555.0,186.0,12.0,549.0,187.0,23.0,498.0,205.0,45.0,489.0,196.0,331.0,252.0,130.0,175.0,230.0,
2018-03-29 14:00:00,54.0,627.0,186.0,46.0,532.0,183.0,20.0,555.0,177.0,24.0,555.0,184.0,16.0,544.0,184.0,33.0,506.0,198.0,53.0,496.0,188.0,205.0,188.0,135.0,139.0,233.0,
2018-03-29 15:00:00,44.0,626.0,182.0,45.0,532.0,181.0,114.0,549.0,177.0,81.0,547.0,183.0,41.0,541.0,183.0,64.0,511.0,193.0,75.0,504.0,184.0,162.0,157.0,130.0,130.0,242.0,
2018-03-29 16:00:00,30.0,624.0,178.0,23.0,531.0,179.0,81.0,541.0,178.0,44.0,528.0,183.0,27.0,535.0,181.0,41.0,496.0,189.0,43.0,508.0,180.0,138.0,138.0,126.0,125.0,1566.0,
2018-03-29 17:00:00,,,,,,,,531.0,,,,,,,,,,,,,,,,,,,
2018-03-29 19:00:00,54.0,688.0,201.0,0.0,528.0,190.0,0.0,580.0,187.0,0.0,555.0,189.0,3.0,582.0,191.0,1.0,469.0,228.0,1.0,473.0,207.0,587.0,455.0,80.0,387.0,378.0,14224.0
2018-03-29 20:00:00,18.0,638.0,216.0,0.0,524.0,194.0,0.0,581.0,191.0,0.0,559.0,190.0,1.0,558.0,196.0,0.0,469.0,229.0,0.0,471.0,211.0,541.0,458.0,129.0,243.0,254.0,4478.0
2018-03-29 21:00:00,0.0,676.0,214.0,0.0,523.0,193.0,0.0,583.0,190.0,0.0,576.0,188.0,1.0,534.0,195.0,0.0,461.0,224.0,0.0,476.0,206.0,387.0,337.0,148.0,167.0,222.0,
2018-03-29 22:00:00,0.0,627.0,202.0,0.0,525.0,188.0,0.0,582.0,185.0,0.0,574.0,185.0,1.0,534.0,191.0,0.0,477.0,210.0,0.0,495.0,193.0,217.0,212.0,142.0,141.0,201.0,
2018-03-29 23:00:00,0.0,557.0,193.0,0.0,530.0,185.0,0.0,579.0,182.0,0.0,570.0,184.0,1.0,540.0,188.0,0.0,492.0,202.0,0.0,505.0,187.0,168.0,169.0,135.0,132.0,268.0,
2018-03-30 00:00:00,0.0,570.0,186.0,0.0,533.0,182.0,0.0,555.0,180.0,0.0,563.0,183.0,0.0,547.0,185.0,0.0,506.0,196.0,3.0,514.0,183.0,143.0,145.0,116.0,126.0,243.0,
2018-03-30 01:00:00,0.0,566.0,180.0,0.0,539.0,180.0,0.0,560.0,177.0,0.0,569.0,181.0,0.0,543.0,183.0,0.0,509.0,191.0,0.0,514.0,180.0,130.0,132.0,121.0,123.0,243.0,
2018-03-30 02:00:00,0.0,558.0,177.0,0.0,543.0,178.0,0.0,568.0,176.0,0.0,574.0,180.0,0.0,535.0,181.0,0.0,506.0,188.0,0.0,509.0,177.0,124.0,125.0,120.0,120.0,248.0,
2018-03-30 03:00:00,0.0,556.0,174.0,0.0,553.0,177.0,0.0,571.0,174.0,0.0,581.0,178.0,0.0,532.0,179.0,0.0,506.0,185.0,0.0,507.0,175.0,120.0,121.0,120.0,118.0,225.0,
2018-03-30 04:00:00,0.0,554.0,173.0,0.0,560.0,175.0,0.0,571.0,172.0,0.0,581.0,177.0,0.0,532.0,177.0,0.0,507.0,182.0,0.0,507.0,173.0,156.0,142.0,119.0,118.0,239.0,1677.0
2018-03-30 05:00:00,0.0,547.0,176.0,0.0,566.0,174.0,0.0,579.0,171.0,0.0,587.0,177.0,0.0,536.0,177.0,0.0,507.0,183.0,0.0,505.0,173.0,217.0,198.0,122.0,121.0,259.0,1904.0
2018-03-30 06:00:00,5.0,535.0,179.0,0.0,578.0,173.0,0.0,586.0,171.0,0.0,584.0,177.0,0.0,535.0,176.0,0.0,502.0,184.0,0.0,502.0,174.0,344.0,217.0,126.0,124.0,255.0,1904.0
2018-03-30 07:00:00,10.0,528.0,182.0,0.0,572.0,172.0,0.0,594.0,171.0,0.0,586.0,177.0,0.0,535.0,176.0,2.0,502.0,185.0,2.0,501.0,174.0,435.0,238.0,124.0,130.0,345.0,5039.0
2018-03-30 08:00:00,26.0,524.0,193.0,0.0,531.0,174.0,2.0,572.0,175.0,0.0,589.0,179.0,3.0,534.0,181.0,8.0,508.0,200.0,5.0,493.0,187.0,564.0,468.0,101.0,204.0,1213.0,11868.0
2018-03-30 09:00:00,40.0,872.0,207.0,2.0,525.0,178.0,2.0,552.0,180.0,4.0,573.0,183.0,5.0,530.0,185.0,9.0,469.0,210.0,7.0,454.0,198.0,523.0,427.0,84.0,275.0,1005.0,8957.0
2018-03-30 10:00:00,35.0,791.0,204.0,2.0,513.0,180.0,4.0,530.0,182.0,6.0,525.0,184.0,7.0,514.0,188.0,13.0,444.0,214.0,8.0,432.0,201.0,459.0,395.0,135.0,162.0,331.0,5936.0
2018-03-30 11:00:00,18.0,751.0,202.0,2.0,504.0,180.0,1.0,517.0,182.0,2.0,515.0,185.0,4.0,502.0,188.0,6.0,429.0,214.0,3.0,424.0,202.0,496.0,379.0,149.0,150.0,281.0,4699.0
2018-03-30 12:00:00,31.0,717.0,201.0,8.0,503.0,180.0,2.0,515.0,183.0,3.0,520.0,185.0,5.0,503.0,189.0,8.0,433.0,213.0,5.0,427.0,202.0,457.0,370.0,140.0,171.0,276.0,4815.0
2018-03-30 13:00:00,71.0,600.0,202.0,39.0,521.0,180.0,6.0,526.0,183.0,7.0,532.0,186.0,10.0,539.0,190.0,17.0,455.0,213.0,20.0,446.0,201.0,509.0,353.0,112.0,234.0,510.0,5264.0
2018-03-30 14:00:00,56.0,635.0,201.0,44.0,516.0,180.0,6.0,519.0,183.0,9.0,522.0,186.0,9.0,521.0,189.0,18.0,451.0,212.0,41.0,451.0,198.0,416.0,322.0,141.0,172.0,267.0,1008.0
2018-03-30 15:00:00,33.0,680.0,196.0,25.0,511.0,178.0,5.0,516.0,180.0,5.0,523.0,184.0,6.0,513.0,187.0,11.0,458.0,206.0,21.0,460.0,190.0,265.0,235.0,111.0,164.0,990.0,
2018-03-30 16:00:00,39.0,698.0,190.0,12.0,573.0,177.0,22.0,609.0,180.0,2.0,539.0,183.0,4.0,563.0,186.0,5.0,613.0,209.0,17.0,497.0,185.0,274.0,204.0,79.0,221.0,2612.0,10303.0
2018-03-30 17:00:00,38.0,753.0,201.0,7.0,662.0,184.0,6.0,652.0,185.0,2.0,610.0,190.0,5.0,664.0,195.0,6.0,561.0,237.0,11.0,544.0,193.0,561.0,359.0,82.0,287.0,2174.0,4139.0
2018-03-30 18:00:00,10.0,683.0,203.0,2.0,705.0,186.0,0.0,643.0,183.0,0.0,644.0,190.0,2.0,658.0,199.0,1.0,543.0,248.0,7.0,585.0,192.0,362.0,253.0,104.0,193.0,1020.0,1680.0
2018-03-30 19:00:00,11.0,629.0,201.0,0.0,611.0,185.0,0.0,626.0,182.0,0.0,597.0,190.0,1.0,580.0,198.0,0.0,460.0,235.0,4.0,570.0,192.0,385.0,302.0,119.0,184.0,452.0,7952.0
2018-03-30 20:00:00,20.0,656.0,207.0,1.0,579.0,190.0,0.0,612.0,186.0,0.0,582.0,192.0,2.0,566.0,199.0,1.0,462.0,237.0,3.0,531.0,202.0,548.0,468.0,90.0,298.0,1213.0,5600.0
2018-03-30 21:00:00,0.0,611.0,205.0,0.0,587.0,191.0,0.0,603.0,188.0,0.0,588.0,190.0,1.0,570.0,198.0,0.0,471.0,231.0,5.0,529.0,201.0,346.0,308.0,110.0,186.0,1050.0,
2018-03-30 22:00:00,0.0,593.0,196.0,0.0,582.0,188.0,0.0,601.0,184.0,0.0,594.0,188.0,1.0,567.0,195.0,0.0,486.0,219.0,5.0,532.0,194.0,213.0,209.0,133.0,142.0,312.0,
2018-03-30 23:00:00,4.0,603.0,190.0,0.0,580.0,185.0,0.0,600.0,181.0,0.0,593.0,186.0,1.0,566.0,192.0,0.0,501.0,210.0,5.0,535.0,190.0,212.0,194.0,121.0,140.0,326.0,2016.0
2018-03-31 00:00:00,2.0,613.0,193.0,0.0,579.0,183.0,0.0,599.0,180.0,0.0,594.0,187.0,1.0,568.0,190.0,0.0,511.0,207.0,1.0,537.0,190.0,259.0,240.0,114.0,160.0,295.0,2240.0
2018-03-31 01:00:00,1.0,573.0,191.0,0.0,580.0,182.0,0.0,596.0,178.0,0.0,597.0,187.0,1.0,568.0,189.0,0.0,515.0,204.0,0.0,534.0,188.0,191.0,190.0,128.0,142.0,252.0,
2018-03-31 02:00:00,1.0,564.0,188.0,0.0,582.0,181.0,,,,0.0,601.0,187.0,1.0,563.0,188.0,0.0,515.0,201.0,0.0,535.0,185.0,166.0,167.0,130.0,133.0,309.0,
2018-03-31 03:00:00,1.0,562.0,184.0,0.0,573.0,178.0,0.0,593.0,176.0,0.0,609.0,185.0,1.0,558.0,184.0,0.0,519.0,195.0,0.0,534.0,182.0,218.0,198.0,130.0,128.0,237.0,2240.0
2018-03-31 04:00:00,1.0,553.0,186.0,0.0,563.0,177.0,,,,0.0,618.0,186.0,1.0,556.0,183.0,0.0,514.0,195.0,0.0,531.0,182.0,252.0,230.0,131.0,129.0,248.0,2240.0
2018-03-31 05:00:00,1.0,540.0,188.0,0.0,557.0,177.0,,,,0.0,620.0,186.0,1.0,553.0,183.0,0.0,507.0,196.0,0.0,527.0,182.0,269.0,244.0,135.0,130.0,259.0,3024.0
2018-03-31 06:00:00,1.0,528.0,189.0,0.0,551.0,176.0,,,,0.0,619.0,186.0,1.0,548.0,182.0,0.0,500.0,197.0,0.0,522.0,183.0,277.0,256.0,135.0,133.0,261.0,2240.0
2018-03-31 07:00:00,2.0,524.0,191.0,0.0,548.0,176.0,0.0,603.0,175.0,0.0,620.0,186.0,1.0,548.0,182.0,0.0,496.0,198.0,0.0,518.0,183.0,287.0,261.0,135.0,133.0,262.0,3248.0
2018-03-31 08:00:00,18.0,533.0,193.0,0.0,561.0,175.0,0.0,599.0,175.0,0.0,613.0,186.0,2.0,555.0,182.0,1.0,500.0,199.0,2.0,520.0,183.0,401.0,324.0,117.0,159.0,434.0,8064.0
2018-03-31 09:00:00,23.0,530.0,202.0,15.0,568.0,184.0,2.0,591.0,178.0,0.0,590.0,188.0,4.0,557.0,188.0,7.0,501.0,214.0,17.0,519.0,194.0,538.0,483.0,109.0,173.0,342.0,6602.0
2018-03-31 10:00:00,42.0,496.0,208.0,29.0,558.0,190.0,29.0,564.0,189.0,1.0,565.0,190.0,4.0,548.0,191.0,12.0,474.0,222.0,29.0,502.0,201.0,537.0,471.0,142.0,177.0,283.0,7504.0
2018-03-31 11:00:00,38.0,494.0,211.0,20.0,550.0,194.0,26.0,556.0,191.0,0.0,557.0,191.0,4.0,556.0,193.0,9.0,476.0,226.0,21.0,493.0,206.0,520.0,452.0,114.0,256.0,489.0,6717.0
2018-03-31 12:00:00,64.0,665.0,215.0,16.0,554.0,195.0,17.0,556.0,192.0,2.0,566.0,192.0,6.0,570.0,196.0,12.0,496.0,230.0,19.0,498.0,206.0,585.0,432.0,80.0,321.0,1060.0,12206.0
2018-03-31 13:00:00,29.0,523.0,210.0,20.0,558.0,191.0,11.0,542.0,189.0,7.0,550.0,190.0,8.0,563.0,193.0,14.0,475.0,222.0,22.0,452.0,196.0,410.0,309.0,99.0,211.0,1183.0,112.0
2018-03-31 14:00:00,26.0,480.0,196.0,15.0,501.0,185.0,3.0,478.0,182.0,5.0,494.0,185.0,6.0,494.0,187.0,11.0,422.0,209.0,17.0,435.0,180.0,354.0,218.0,83.0,233.0,639.0,784.0
2018-03-31 15:00:00,25.0,529.0,191.0,5.0,518.0,182.0,6.0,505.0,181.0,1.0,515.0,184.0,5.0,519.0,185.0,5.0,466.0,206.0,9.0,480.0,185.0,425.0,289.0,100.0,176.0,1217.0,4365.0
2018-03-31 16:00:00,8.0,556.0,208.0,2.0,547.0,191.0,7.0,559.0,187.0,0.0,565.0,191.0,3.0,586.0,194.0,3.0,483.0,231.0,9.0,495.0,202.0,540.0,483.0,92.0,217.0,3192.0,7728.0
2018-03-31 17:00:00,30.0,636.0,219.0,0.0,559.0,196.0,0.0,593.0,193.0,0.0,587.0,194.0,2.0,595.0,200.0,1.0,441.0,248.0,5.0,506.0,206.0,547.0,470.0,92.0,271.0,667.0,8171.0
2018-03-31 18:00:00,1.0,606.0,222.0,0.0,538.0,200.0,0.0,583.0,196.0,0.0,552.0,198.0,1.0,542.0,203.0,0.0,419.0,247.0,6.0,493.0,211.0,546.0,483.0,148.0,168.0,446.0,7728.0
2018-03-31 19:00:00,3.0,542.0,223.0,0.0,524.0,202.0,0.0,581.0,198.0,0.0,539.0,199.0,1.0,526.0,204.0,0.0,423.0,242.0,6.0,482.0,213.0,535.0,476.0,136.0,247.0,329.0,7168.0
2018-03-31 20:00:00,0.0,507.0,223.0,0.0,516.0,204.0,0.0,579.0,201.0,0.0,531.0,199.0,1.0,520.0,205.0,0.0,427.0,240.0,6.0,476.0,215.0,532.0,473.0,158.0,196.0,354.0,6606.0
2018-03-31 21:00:00,10.0,502.0,222.0,0.0,510.0,205.0,0.0,577.0,202.0,0.0,526.0,200.0,1.0,517.0,206.0,0.0,426.0,239.0,5.0,475.0,215.0,445.0,418.0,138.0,201.0,344.0,2015.0
2018-03-31 22:00:00,1.0,495.0,212.0,0.0,510.0,200.0,0.0,578.0,197.0,0.0,536.0,197.0,1.0,522.0,201.0,0.0,437.0,229.0,2.0,478.0,208.0,249.0,253.0,125.0,160.0,274.0,
2018-03-31 23:00:00,1.0,487.0,201.0,0.0,515.0,195.0,0.0,577.0,192.0,0.0,549.0,194.0,1.0,514.0,198.0,0.0,443.0,217.0,0.0,481.0,199.0,180.0,184.0,135.0,137.0,217.0,
2018-04-01 00:00:00,1.0,496.0,193.0,0.0,513.0,191.0,0.0,578.0,189.0,0.0,562.0,192.0,1.0,511.0,193.0,0.0,451.0,208.0,0.0,484.0,193.0,149.0,152.0,131.0,129.0,254.0,
2018-04-01 01:00:00,1.0,500.0,188.0,0.0,511.0,189.0,0.0,578.0,186.0,0.0,570.0,191.0,1.0,511.0,190.0,0.0,458.0,202.0,0.0,484.0,189.0,135.0,138.0,126.0,124.0,234.0,
2018-04-01 02:00:00,1.0,508.0,184.0,0.0,509.0,186.0,0.0,578.0,183.0,0.0,582.0,190.0,1.0,513.0,188.0,0.0,466.0,197.0,0.0,484.0,186.0,127.0,128.0,123.0,121.0,275.0,
2018-04-01 03:00:00,0.0,520.0,180.0,0.0,509.0,183.0,0.0,577.0,181.0,0.0,578.0,188.0,1.0,514.0,185.0,0.0,473.0,194.0,0.0,486.0,182.0,121.0,122.0,120.0,118.0,239.0,
2018-04-01 04:00:00,0.0,523.0,177.0,0.0,508.0,181.0,0.0,578.0,179.0,0.0,600.0,187.0,1.0,515.0,182.0,0.0,477.0,190.0,0.0,488.0,179.0,118.0,118.0,117.0,116.0,241.0,
2018-04-01 05:00:00,1.0,525.0,175.0,0.0,508.0,178.0,0.0,577.0,177.0,0.0,603.0,185.0,1.0,516.0,180.0,0.0,481.0,187.0,0.0,489.0,176.0,115.0,115.0,115.0,114.0,296.0,
2018-04-01 06:00:00,14.0,525.0,172.0,0.0,508.0,176.0,0.0,578.0,176.0,0.0,604.0,183.0,2.0,516.0,178.0,2.0,483.0,184.0,0.0,492.0,174.0,113.0,113.0,115.0,113.0,316.0,
2018-04-01 07:00:00,68.0,531.0,171.0,2.0,509.0,175.0,0.0,580.0,174.0,0.0,612.0,181.0,6.0,518.0,176.0,8.0,486.0,182.0,1.0,497.0,172.0,113.0,111.0,106.0,111.0,261.0,1008.0
2018-04-01 08:00:00,74.0,552.0,181.0,145.0,511.0,184.0,6.0,553.0,177.0,6.0,591.0,183.0,11.0,536.0,181.0,14.0,492.0,196.0,112.0,518.0,183.0,531.0,430.0,94.0,162.0,565.0,12765.0
2018-04-01 09:00:00,85.0,736.0,198.0,70.0,514.0,192.0,11.0,562.0,182.0,7.0,573.0,189.0,8.0,581.0,188.0,17.0,482.0,212.0,67.0,498.0,197.0,544.0,449.0,80.0,303.0,2178.0,10413.0
2018-04-01 10:00:00,112.0,622.0,211.0,80.0,523.0,194.0,15.0,577.0,185.0,21.0,593.0,191.0,16.0,621.0,189.0,36.0,506.0,215.0,73.0,506.0,202.0,443.0,388.0,97.0,254.0,910.0,3470.0
2018-04-01 11:00:00,43.0,526.0,205.0,52.0,511.0,189.0,9.0,558.0,183.0,13.0,574.0,188.0,12.0,574.0,188.0,17.0,499.0,210.0,46.0,482.0,196.0,256.0,258.0,131.0,155.0,233.0,
2018-04-01 12:00:00,49.0,504.0,194.0,58.0,507.0,185.0,14.0,536.0,180.0,17.0,558.0,185.0,14.0,541.0,184.0,23.0,492.0,202.0,47.0,481.0,188.0,181.0,185.0,130.0,132.0,241.0,
2018-04-01 13:00:00,44.0,493.0,185.0,49.0,499.0,181.0,19.0,520.0,177.0,20.0,533.0,182.0,17.0,524.0,180.0,25.0,485.0,195.0,43.0,480.0,182.0,145.0,149.0,125.0,123.0,225.0,
2018-04-01 14:00:00,53.0,494.0,180.0,62.0,494.0,178.0,28.0,513.0,176.0,33.0,518.0,180.0,21.0,517.0,178.0,36.0,482.0,189.0,56.0,483.0,178.0,128.0,131.0,120.0,119.0,226.0,
2018-04-01 15:00:00,35.0,491.0,176.0,30.0,489.0,176.0,14.0,507.0,174.0,15.0,506.0,179.0,14.0,511.0,175.0,19.0,477.0,186.0,32.0,482.0,175.0,121.0,123.0,118.0,117.0,251.0,
2018-04-01 16:00:00,42.0,524.0,183.0,31.0,482.0,177.0,8.0,518.0,175.0,21.0,511.0,182.0,13.0,517.0,179.0,20.0,469.0,193.0,41.0,490.0,181.0,439.0,366.0,113.0,185.0,506.0,10074.0
2018-04-01 17:00:00,26.0,516.0,199.0,14.0,478.0,182.0,0.0,528.0,182.0,7.0,514.0,188.0,6.0,512.0,186.0,8.0,450.0,206.0,24.0,481.0,192.0,509.0,441.0,123.0,210.0,479.0,7724.0
2018-04-01 18:00:00,20.0,518.0,209.0,3.0,469.0,187.0,0.0,527.0,185.0,2.0,520.0,189.0,4.0,508.0,191.0,2.0,435.0,217.0,9.0,475.0,201.0,527.0,471.0,106.0,234.0,1402.0,6494.0
2018-04-01 19:00:00,0.0,489.0,211.0,0.0,452.0,189.0,0.0,551.0,190.0,0.0,517.0,190.0,1.0,500.0,195.0,0.0,429.0,223.0,6.0,487.0,204.0,541.0,462.0,117.0,160.0,516.0,7056.0
2018-04-01 20:00:00,6.0,490.0,213.0,0.0,468.0,191.0,0.0,560.0,193.0,0.0,534.0,190.0,1.0,522.0,195.0,0.0,429.0,226.0,3.0,484.0,207.0,517.0,458.0,130.0,211.0,381.0,6832.0
2018-04-01 21:00:00,1.0,477.0,213.0,0.0,475.0,190.0,0.0,564.0,194.0,0.0,550.0,189.0,1.0,519.0,194.0,0.0,433.0,224.0,5.0,470.0,209.0,360.0,355.0,128.0,163.0,439.0,1008.0
2018-04-01 22:00:00,1.0,466.0,208.0,0.0,471.0,188.0,0.0,572.0,190.0,0.0,552.0,189.0,1.0,506.0,192.0,0.0,435.0,217.0,5.0,468.0,206.0,340.0,312.0,144.0,145.0,440.0,2240.0
2018-04-01 23:00:00,0.0,466.0,207.0,0.0,466.0,187.0,0.0,574.0,189.0,0.0,555.0,190.0,1.0,498.0,192.0,0.0,434.0,214.0,6.0,459.0,209.0,367.0,330.0,148.0,143.0,458.0,4479.0
2018-04-02 00:00:00,1.0,461.0,207.0,0.0,465.0,186.0,0.0,575.0,188.0,0.0,556.0,190.0,1.0,496.0,192.0,0.0,432.0,213.0,5.0,451.0,210.0,336.0,319.0,149.0,143.0,403.0,1680.0
2018-04-02 01:00:00,0.0,468.0,199.0,0.0,475.0,185.0,0.0,571.0,186.0,0.0,564.0,189.0,1.0,504.0,190.0,0.0,441.0,208.0,0.0,435.0,201.0,211.0,215.0,139.0,136.0,218.0,
2018-04-02 03:00:00,1.0,491.0,184.0,0.0,469.0,180.0,0.0,567.0,180.0,0.0,560.0,186.0,1.0,503.0,184.0,0.0,457.0,194.0,0.0,446.0,187.0,140.0,142.0,125.0,123.0,242.0,
2018-04-02 04:00:00,1.0,494.0,179.0,0.0,465.0,178.0,0.0,567.0,178.0,0.0,565.0,184.0,1.0,501.0,181.0,0.0,463.0,190.0,0.0,450.0,183.0,129.0,131.0,121.0,120.0,268.0,
2018-04-02 05:00:00,1.0,494.0,176.0,0.0,462.0,175.0,0.0,566.0,176.0,0.0,572.0,183.0,1.0,501.0,179.0,0.0,469.0,186.0,0.0,454.0,179.0,122.0,123.0,119.0,118.0,270.0,
2018-04-02 06:00:00,4.0,480.0,173.0,0.0,455.0,173.0,0.0,560.0,174.0,0.0,548.0,180.0,1.0,491.0,176.0,0.0,462.0,183.0,0.0,452.0,175.0,116.0,118.0,115.0,115.0,280.0,
2018-04-02 07:00:00,19.0,472.0,170.0,0.0,450.0,171.0,0.0,564.0,172.0,0.0,508.0,177.0,2.0,484.0,174.0,4.0,458.0,180.0,0.0,450.0,173.0,115.0,114.0,115.0,113.0,282.0,
2018-04-02 08:00:00,49.0,484.0,170.0,4.0,457.0,169.0,7.0,553.0,171.0,1.0,497.0,175.0,6.0,487.0,172.0,13.0,468.0,178.0,0.0,454.0,170.0,218.0,161.0,104.0,118.0,383.0,7504.0
2018-04-02 09:00:00,42.0,465.0,185.0,33.0,461.0,170.0,18.0,544.0,176.0,0.0,464.0,179.0,8.0,493.0,177.0,22.0,440.0,197.0,20.0,432.0,186.0,493.0,432.0,88.0,201.0,815.0,6384.0
2018-04-02 10:00:00,82.0,748.0,199.0,38.0,483.0,173.0,35.0,529.0,178.0,5.0,480.0,183.0,9.0,500.0,180.0,17.0,454.0,201.0,31.0,432.0,191.0,459.0,363.0,83.0,349.0,1276.0,10416.0
2018-04-02 11:00:00,60.0,575.0,203.0,47.0,547.0,176.0,39.0,555.0,178.0,13.0,551.0,184.0,13.0,587.0,182.0,23.0,508.0,204.0,39.0,509.0,190.0,451.0,388.0,98.0,217.0,737.0,7502.0
2018-04-02 12:00:00,50.0,557.0,201.0,38.0,528.0,182.0,15.0,545.0,181.0,8.0,546.0,185.0,10.0,545.0,185.0,19.0,475.0,210.0,29.0,529.0,195.0,413.0,392.0,135.0,151.0,282.0,2576.0
2018-04-02 13:00:00,47.0,526.0,192.0,33.0,520.0,178.0,8.0,516.0,177.0,7.0,533.0,183.0,9.0,544.0,183.0,16.0,479.0,204.0,25.0,528.0,187.0,249.0,251.0,138.0,137.0,214.0,
2018-04-02 14:00:00,41.0,517.0,187.0,28.0,521.0,180.0,10.0,537.0,179.0,6.0,544.0,183.0,7.0,550.0,184.0,12.0,483.0,205.0,19.0,552.0,190.0,552.0,442.0,116.0,185.0,822.0,10524.0
2018-04-02 15:00:00,24.0,437.0,179.0,16.0,515.0,187.0,5.0,541.0,184.0,3.0,559.0,188.0,4.0,552.0,190.0,6.0,479.0,213.0,14.0,535.0,201.0,501.0,450.0,142.0,161.0,543.0,6384.0
2018-04-02 16:00:00,11.0,422.0,173.0,6.0,501.0,190.0,1.0,527.0,186.0,1.0,546.0,189.0,2.0,542.0,190.0,1.0,484.0,210.0,10.0,511.0,207.0,483.0,433.0,133.0,147.0,1275.0,5819.0
2018-04-02 17:00:00,13.0,441.0,170.0,2.0,495.0,191.0,0.0,523.0,187.0,0.0,535.0,190.0,1.0,531.0,191.0,0.0,475.0,209.0,7.0,485.0,209.0,495.0,431.0,108.0,166.0,672.0,7168.0
2018-04-02 18:00:00,2.0,534.0,189.0,0.0,489.0,195.0,0.0,551.0,191.0,0.0,532.0,192.0,1.0,529.0,192.0,0.0,473.0,211.0,1.0,465.0,214.0,511.0,468.0,123.0,203.0,485.0,4591.0
2018-04-02 19:00:00,8.0,511.0,197.0,0.0,492.0,191.0,0.0,559.0,189.0,0.0,548.0,190.0,2.0,515.0,190.0,2.0,473.0,209.0,3.0,454.0,205.0,331.0,307.0,117.0,147.0,973.0,2239.0
2018-04-02 20:00:00,51.0,605.0,200.0,0.0,524.0,187.0,0.0,559.0,186.0,0.0,548.0,190.0,2.0,571.0,188.0,0.0,523.0,205.0,4.0,465.0,201.0,422.0,302.0,76.0,344.0,1463.0,11872.0
2018-04-02 21:00:00,40.0,808.0,210.0,0.0,530.0,186.0,0.0,561.0,186.0,0.0,535.0,192.0,1.0,567.0,188.0,0.0,524.0,205.0,5.0,465.0,200.0,516.0,309.0,97.0,316.0,447.0,5373.0
2018-04-02 22:00:00,3.0,676.0,203.0,0.0,553.0,183.0,0.0,572.0,184.0,0.0,568.0,190.0,1.0,630.0,187.0,0.0,581.0,202.0,4.0,496.0,195.0,439.0,229.0,110.0,246.0,336.0,112.0
2018-04-02 23:00:00,1.0,589.0,192.0,0.0,539.0,181.0,0.0,562.0,181.0,0.0,567.0,187.0,1.0,593.0,185.0,0.0,562.0,196.0,2.0,504.0,188.0,238.0,186.0,135.0,148.0,238.0,
2018-04-03 00:00:00,4.0,566.0,184.0,0.0,524.0,177.0,0.0,558.0,178.0,0.0,566.0,185.0,1.0,561.0,182.0,0.0,535.0,190.0,0.0,509.0,183.0,168.0,154.0,126.0,136.0,242.0,
2018-04-03 01:00:00,1.0,560.0,178.0,0.0,518.0,175.0,0.0,558.0,177.0,0.0,581.0,183.0,1.0,550.0,180.0,0.0,526.0,186.0,0.0,507.0,179.0,142.0,137.0,120.0,130.0,297.0,
2018-04-03 02:00:00,1.0,557.0,173.0,0.0,514.0,173.0,0.0,557.0,175.0,0.0,589.0,182.0,1.0,544.0,177.0,0.0,520.0,183.0,0.0,506.0,176.0,128.0,127.0,120.0,120.0,274.0,
2018-04-03 03:00:00,1.0,557.0,170.0,0.0,513.0,170.0,0.0,558.0,173.0,0.0,591.0,181.0,1.0,542.0,175.0,0.0,518.0,180.0,0.0,507.0,173.0,120.0,120.0,115.0,115.0,290.0,
2018-04-03 04:00:00,1.0,556.0,167.0,0.0,511.0,168.0,0.0,557.0,171.0,0.0,597.0,179.0,1.0,539.0,173.0,0.0,517.0,177.0,0.0,507.0,170.0,115.0,115.0,115.0,113.0,233.0,
2018-04-03 05:00:00,1.0,555.0,164.0,0.0,511.0,166.0,0.0,557.0,169.0,0.0,604.0,178.0,0.0,537.0,171.0,0.0,517.0,174.0,0.0,508.0,167.0,112.0,112.0,110.0,111.0,242.0,1118.0
2018-04-03 06:00:00,34.0,613.0,167.0,0.0,528.0,166.0,2.0,560.0,169.0,0.0,593.0,177.0,3.0,562.0,171.0,2.0,540.0,175.0,1.0,517.0,171.0,395.0,313.0,88.0,236.0,453.0,9968.0
2018-04-03 07:00:00,10.0,601.0,176.0,2.0,535.0,172.0,1.0,552.0,174.0,1.0,558.0,180.0,7.0,554.0,177.0,1.0,522.0,186.0,5.0,501.0,187.0,466.0,416.0,122.0,177.0,298.0,4592.0
2018-04-03 08:00:00,23.0,569.0,181.0,7.0,528.0,176.0,5.0,543.0,176.0,3.0,544.0,181.0,10.0,540.0,179.0,6.0,500.0,192.0,15.0,482.0,192.0,439.0,392.0,138.0,143.0,273.0,5936.0
2018-04-03 09:00:00,35.0,550.0,184.0,12.0,525.0,177.0,9.0,538.0,177.0,5.0,537.0,182.0,12.0,534.0,180.0,10.0,489.0,194.0,23.0,473.0,194.0,410.0,373.0,143.0,140.0,272.0,4704.0
2018-04-03 10:00:00,46.0,538.0,185.0,15.0,523.0,178.0,12.0,535.0,178.0,7.0,535.0,182.0,14.0,530.0,181.0,14.0,483.0,195.0,30.0,469.0,194.0,398.0,358.0,145.0,140.0,252.0,4480.0
2018-04-03 11:00:00,55.0,530.0,186.0,18.0,522.0,178.0,14.0,533.0,178.0,9.0,532.0,183.0,16.0,528.0,182.0,18.0,481.0,196.0,35.0,466.0,195.0,377.0,343.0,145.0,139.0,273.0,3584.0
2018-04-03 12:00:00,37.0,524.0,187.0,13.0,521.0,178.0,9.0,532.0,178.0,6.0,530.0,183.0,13.0,527.0,182.0,11.0,479.0,196.0,25.0,465.0,194.0,374.0,331.0,145.0,138.0,253.0,4928.0
2018-04-03 13:00:00,22.0,520.0,187.0,7.0,520.0,178.0,5.0,532.0,178.0,3.0,527.0,183.0,9.0,525.0,182.0,6.0,477.0,196.0,15.0,465.0,194.0,357.0,325.0,145.0,138.0,262.0,3583.0
2018-04-03 14:00:00,30.0,515.0,188.0,10.0,517.0,178.0,7.0,528.0,178.0,4.0,524.0,183.0,11.0,522.0,182.0,8.0,474.0,196.0,20.0,462.0,194.0,350.0,322.0,144.0,138.0,247.0,3136.0
2018-04-03 15:00:00,25.0,512.0,188.0,8.0,515.0,178.0,6.0,526.0,178.0,4.0,520.0,183.0,10.0,520.0,182.0,7.0,472.0,195.0,16.0,461.0,193.0,350.0,315.0,142.0,138.0,262.0,4368.0
2018-04-03 16:00:00,9.0,509.0,188.0,2.0,514.0,178.0,1.0,523.0,178.0,1.0,518.0,184.0,7.0,518.0,182.0,1.0,471.0,195.0,5.0,459.0,194.0,355.0,317.0,141.0,138.0,386.0,4368.0
2018-04-03 17:00:00,37.0,604.0,189.0,0.0,535.0,178.0,16.0,542.0,178.0,0.0,529.0,184.0,8.0,551.0,183.0,7.0,486.0,201.0,6.0,470.0,194.0,409.0,302.0,109.0,253.0,1839.0,6160.0
2018-04-03 18:00:00,40.0,625.0,193.0,0.0,582.0,178.0,11.0,593.0,179.0,0.0,551.0,184.0,8.0,579.0,185.0,5.0,494.0,211.0,8.0,504.0,191.0,345.0,282.0,100.0,306.0,2283.0,3919.0
2018-04-03 19:00:00,3.0,561.0,190.0,0.0,589.0,180.0,0.0,595.0,178.0,0.0,561.0,185.0,6.0,579.0,187.0,0.0,492.0,218.0,5.0,521.0,190.0,393.0,275.0,111.0,201.0,573.0,7279.0
2018-04-03 20:00:00,29.0,576.0,194.0,2.0,559.0,185.0,0.0,591.0,182.0,0.0,562.0,188.0,8.0,600.0,189.0,4.0,546.0,215.0,5.0,520.0,201.0,521.0,467.0,106.0,205.0,1246.0,7278.0
2018-04-03 21:00:00,13.0,576.0,198.0,0.0,549.0,189.0,0.0,587.0,185.0,0.0,561.0,190.0,3.0,567.0,192.0,0.0,529.0,213.0,5.0,515.0,208.0,503.0,442.0,86.0,251.0,1811.0,5711.0
2018-04-03 22:00:00,0.0,545.0,199.0,0.0,544.0,189.0,,588.0,188.0,0.0,564.0,188.0,1.0,564.0,192.0,0.0,522.0,212.0,5.0,511.0,209.0,372.0,366.0,122.0,154.0,869.0,784.0
2018-04-03 23:00:00,3.0,526.0,193.0,0.0,539.0,185.0,0.0,582.0,183.0,0.0,570.0,186.0,1.0,559.0,189.0,0.0,506.0,206.0,0.0,524.0,196.0,218.0,222.0,135.0,136.0,223.0,
2018-04-04 00:00:00,0.0,527.0,187.0,0.0,534.0,182.0,0.0,578.0,180.0,0.0,571.0,185.0,1.0,545.0,186.0,0.0,507.0,199.0,0.0,530.0,187.0,164.0,168.0,130.0,128.0,266.0,
2018-04-04 01:00:00,0.0,535.0,182.0,0.0,531.0,179.0,0.0,581.0,177.0,0.0,576.0,184.0,0.0,548.0,183.0,0.0,511.0,193.0,0.0,528.0,182.0,141.0,144.0,125.0,123.0,255.0,
2018-04-04 02:00:00,0.0,542.0,178.0,0.0,528.0,177.0,0.0,580.0,175.0,0.0,585.0,183.0,1.0,545.0,180.0,0.0,512.0,188.0,0.0,526.0,179.0,149.0,143.0,120.0,119.0,266.0,1008.0
2018-04-04 03:00:00,0.0,547.0,177.0,0.0,526.0,175.0,0.0,576.0,173.0,0.0,599.0,183.0,0.0,546.0,178.0,0.0,516.0,185.0,0.0,524.0,177.0,213.0,194.0,122.0,120.0,251.0,2015.0
2018-04-04 04:00:00,1.0,541.0,178.0,0.0,521.0,174.0,0.0,572.0,173.0,0.0,599.0,183.0,1.0,544.0,178.0,0.0,514.0,185.0,0.0,520.0,179.0,274.0,247.0,127.0,124.0,226.0,3023.0
2018-04-04 05:00:00,1.0,531.0,179.0,0.0,517.0,174.0,0.0,577.0,173.0,0.0,609.0,184.0,1.0,539.0,178.0,0.0,507.0,185.0,0.0,513.0,180.0,292.0,264.0,130.0,127.0,265.0,3360.0
2018-04-04 06:00:00,37.0,718.0,189.0,0.0,546.0,175.0,9.0,591.0,174.0,0.0,600.0,186.0,2.0,590.0,179.0,1.0,549.0,188.0,0.0,513.0,186.0,467.0,368.0,96.0,275.0,525.0,9631.0
2018-04-04 07:00:00,6.0,621.0,190.0,2.0,573.0,177.0,0.0,580.0,177.0,0.0,577.0,186.0,2.0,636.0,182.0,0.0,592.0,193.0,3.0,519.0,190.0,313.0,315.0,121.0,197.0,269.0,
2018-04-04 08:00:00,12.0,576.0,182.0,7.0,554.0,174.0,1.0,555.0,174.0,1.0,544.0,182.0,3.0,585.0,179.0,2.0,544.0,189.0,8.0,528.0,181.0,201.0,204.0,129.0,137.0,249.0,
2018-04-04 09:00:00,16.0,568.0,175.0,8.0,543.0,170.0,3.0,542.0,171.0,1.0,531.0,178.0,3.0,562.0,175.0,3.0,524.0,184.0,10.0,530.0,174.0,151.0,155.0,123.0,123.0,268.0,
2018-04-04 10:00:00,24.0,598.0,173.0,15.0,545.0,169.0,6.0,545.0,169.0,3.0,541.0,177.0,5.0,568.0,174.0,6.0,540.0,181.0,17.0,537.0,172.0,290.0,178.0,110.0,195.0,438.0,2464.0
2018-04-04 11:00:00,28.0,596.0,173.0,19.0,543.0,168.0,5.0,545.0,168.0,4.0,540.0,176.0,5.0,572.0,173.0,7.0,544.0,179.0,21.0,537.0,171.0,234.0,216.0,122.0,158.0,254.0,2016.0
2018-04-04 12:00:00,38.0,579.0,173.0,35.0,536.0,167.0,7.0,537.0,168.0,6.0,538.0,175.0,6.0,564.0,172.0,11.0,535.0,179.0,33.0,525.0,172.0,259.0,238.0,126.0,130.0,247.0,2800.0
2018-04-04 13:00:00,35.0,567.0,174.0,35.0,532.0,167.0,6.0,529.0,168.0,5.0,537.0,174.0,6.0,559.0,172.0,10.0,527.0,178.0,32.0,517.0,173.0,276.0,254.0,130.0,125.0,231.0,2912.0
2018-04-04 14:00:00,39.0,556.0,175.0,41.0,529.0,166.0,,,,6.0,536.0,174.0,6.0,554.0,172.0,12.0,521.0,179.0,36.0,510.0,174.0,282.0,260.0,130.0,125.0,270.0,2912.0
2018-04-04 15:00:00,35.0,545.0,175.0,37.0,527.0,166.0,,,,5.0,532.0,174.0,6.0,549.0,171.0,11.0,515.0,179.0,32.0,505.0,174.0,295.0,271.0,130.0,127.0,233.0,3024.0
2018-04-04 16:00:00,26.0,538.0,176.0,25.0,527.0,166.0,,,,4.0,526.0,174.0,4.0,545.0,171.0,7.0,511.0,179.0,21.0,501.0,175.0,298.0,276.0,130.0,128.0,232.0,2912.0
2018-04-04 17:00:00,36.0,532.0,179.0,13.0,532.0,169.0,15.0,527.0,169.0,1.0,523.0,175.0,9.0,536.0,173.0,7.0,505.0,182.0,9.0,487.0,182.0,514.0,432.0,133.0,170.0,447.0,12206.0
2018-04-04 18:00:00,52.0,572.0,187.0,1.0,531.0,179.0,3.0,552.0,176.0,0.0,546.0,182.0,9.0,630.0,180.0,8.0,654.0,211.0,4.0,477.0,197.0,560.0,497.0,111.0,213.0,1002.0,10528.0
2018-04-04 19:00:00,1.0,578.0,193.0,0.0,544.0,184.0,0.0,573.0,181.0,0.0,559.0,184.0,1.0,619.0,186.0,0.0,595.0,216.0,5.0,493.0,205.0,554.0,490.0,133.0,176.0,346.0,8063.0
2018-04-04 20:00:00,4.0,555.0,195.0,0.0,534.0,188.0,0.0,570.0,184.0,0.0,552.0,185.0,1.0,563.0,188.0,0.0,531.0,212.0,5.0,488.0,210.0,551.0,490.0,148.0,149.0,346.0,8064.0
2018-04-04 21:00:00,14.0,558.0,199.0,0.0,529.0,191.0,0.0,571.0,186.0,0.0,556.0,188.0,1.0,563.0,191.0,0.0,499.0,216.0,7.0,530.0,212.0,543.0,485.0,119.0,214.0,440.0,7392.0
2018-04-04 22:00:00,1.0,530.0,202.0,0.0,523.0,194.0,0.0,570.0,189.0,0.0,561.0,188.0,1.0,539.0,192.0,0.0,468.0,217.0,5.0,552.0,216.0,544.0,484.0,146.0,158.0,456.0,7167.0
2018-04-04 23:00:00,1.0,510.0,204.0,0.0,513.0,196.0,0.0,568.0,191.0,0.0,558.0,188.0,1.0,524.0,194.0,0.0,451.0,218.0,5.0,549.0,219.0,544.0,476.0,152.0,150.0,506.0,8399.0
2018-04-05 00:00:00,1.0,498.0,203.0,0.0,507.0,194.0,0.0,568.0,190.0,0.0,558.0,188.0,1.0,521.0,194.0,0.0,450.0,217.0,5.0,550.0,215.0,368.0,364.0,151.0,146.0,367.0,
2018-04-05 01:00:00,2.0,502.0,196.0,0.0,511.0,189.0,0.0,567.0,185.0,0.0,557.0,187.0,1.0,529.0,189.0,0.0,464.0,208.0,2.0,554.0,202.0,223.0,229.0,124.0,155.0,255.0,
2018-04-05 02:00:00,1.0,505.0,188.0,0.0,514.0,184.0,0.0,568.0,181.0,0.0,559.0,185.0,1.0,529.0,185.0,0.0,479.0,198.0,0.0,562.0,191.0,162.0,168.0,122.0,137.0,246.0,
2018-04-05 03:00:00,1.0,508.0,182.0,0.0,512.0,181.0,0.0,565.0,177.0,0.0,561.0,183.0,0.0,524.0,182.0,0.0,485.0,191.0,0.0,562.0,185.0,137.0,141.0,121.0,122.0,228.0,
2018-04-05 04:00:00,0.0,511.0,177.0,0.0,513.0,178.0,0.0,562.0,175.0,0.0,560.0,181.0,0.0,521.0,178.0,0.0,490.0,185.0,0.0,552.0,180.0,123.0,126.0,116.0,115.0,241.0,
2018-04-05 05:00:00,3.0,513.0,174.0,0.0,515.0,175.0,0.0,559.0,172.0,0.0,562.0,179.0,0.0,519.0,176.0,0.0,493.0,181.0,0.0,546.0,176.0,116.0,118.0,113.0,112.0,272.0,
2018-04-05 06:00:00,26.0,516.0,170.0,0.0,516.0,172.0,0.0,556.0,169.0,0.0,567.0,177.0,4.0,520.0,174.0,4.0,498.0,178.0,0.0,547.0,173.0,110.0,112.0,110.0,109.0,274.0,
2018-04-05 07:00:00,115.0,545.0,175.0,164.0,525.0,175.0,8.0,557.0,171.0,4.0,559.0,178.0,19.0,540.0,176.0,12.0,513.0,182.0,50.0,537.0,183.0,477.0,396.0,93.0,215.0,1042.0,11422.0
2018-04-05 08:00:00,109.0,527.0,183.0,294.0,521.0,184.0,10.0,556.0,174.0,8.0,547.0,181.0,20.0,551.0,179.0,13.0,514.0,189.0,242.0,512.0,192.0,298.0,298.0,100.0,152.0,1111.0,
2018-04-05 09:00:00,117.0,520.0,181.0,204.0,519.0,182.0,11.0,551.0,173.0,10.0,540.0,180.0,16.0,551.0,178.0,17.0,514.0,186.0,166.0,517.0,185.0,189.0,192.0,114.0,123.0,243.0,
2018-04-05 10:00:00,122.0,528.0,179.0,137.0,520.0,181.0,14.0,553.0,172.0,27.0,538.0,179.0,17.0,548.0,177.0,38.0,514.0,185.0,99.0,519.0,185.0,401.0,322.0,106.0,119.0,913.0,9631.0
2018-04-05 11:00:00,107.0,530.0,189.0,92.0,520.0,190.0,17.0,553.0,179.0,32.0,543.0,185.0,17.0,555.0,185.0,41.0,522.0,199.0,111.0,506.0,205.0,543.0,484.0,102.0,131.0,571.0,8512.0
2018-04-05 12:00:00,112.0,517.0,196.0,81.0,518.0,195.0,22.0,547.0,185.0,33.0,542.0,189.0,19.0,551.0,189.0,47.0,489.0,209.0,119.0,485.0,210.0,542.0,475.0,97.0,196.0,1247.0,7949.0
2018-04-05 13:00:00,117.0,685.0,204.0,72.0,536.0,198.0,31.0,538.0,188.0,51.0,564.0,192.0,10.0,650.0,192.0,46.0,495.0,210.0,103.0,492.0,212.0,536.0,454.0,82.0,312.0,576.0,12653.0
2018-04-05 14:00:00,90.0,715.0,208.0,76.0,584.0,197.0,52.0,542.0,191.0,78.0,574.0,194.0,28.0,594.0,193.0,60.0,513.0,213.0,112.0,498.0,213.0,446.0,425.0,135.0,199.0,262.0,2574.0
2018-04-05 15:00:00,86.0,674.0,203.0,72.0,572.0,192.0,141.0,556.0,191.0,132.0,565.0,194.0,52.0,587.0,191.0,83.0,515.0,208.0,142.0,513.0,203.0,258.0,263.0,142.0,147.0,236.0,
2018-04-05 16:00:00,51.0,653.0,195.0,35.0,570.0,189.0,93.0,554.0,190.0,69.0,558.0,193.0,41.0,581.0,189.0,62.0,522.0,202.0,88.0,524.0,194.0,178.0,184.0,134.0,132.0,224.0,
2018-04-05 17:00:00,24.0,645.0,189.0,13.0,579.0,186.0,4.0,559.0,185.0,4.0,544.0,191.0,5.0,568.0,186.0,7.0,526.0,195.0,18.0,528.0,189.0,145.0,151.0,127.0,125.0,257.0,
2018-04-05 18:00:00,32.0,675.0,187.0,4.0,576.0,183.0,3.0,559.0,181.0,0.0,535.0,188.0,3.0,565.0,184.0,2.0,529.0,191.0,6.0,527.0,187.0,289.0,230.0,100.0,182.0,544.0,8175.0
2018-04-05 19:00:00,10.0,681.0,199.0,6.0,576.0,186.0,0.0,598.0,186.0,0.0,562.0,190.0,1.0,599.0,190.0,0.0,556.0,201.0,5.0,515.0,206.0,526.0,475.0,104.0,212.0,370.0,6608.0
2018-04-05 20:00:00,5.0,604.0,201.0,6.0,574.0,188.0,0.0,590.0,190.0,0.0,561.0,190.0,1.0,586.0,193.0,0.0,534.0,209.0,5.0,507.0,215.0,527.0,469.0,134.0,154.0,485.0,5932.0
2018-04-05 21:00:00,8.0,575.0,203.0,4.0,568.0,190.0,0.0,587.0,192.0,0.0,562.0,190.0,1.0,573.0,195.0,1.0,511.0,213.0,5.0,507.0,216.0,494.0,422.0,125.0,202.0,361.0,4032.0
2018-04-05 22:00:00,3.0,556.0,205.0,8.0,573.0,192.0,0.0,590.0,192.0,0.0,568.0,190.0,1.0,562.0,196.0,0.0,502.0,214.0,6.0,504.0,215.0,483.0,384.0,141.0,191.0,452.0,4815.0
2018-04-05 23:00:00,1.0,529.0,205.0,0.0,582.0,193.0,0.0,593.0,192.0,0.0,571.0,190.0,1.0,538.0,196.0,0.0,478.0,214.0,6.0,496.0,216.0,492.0,381.0,150.0,153.0,498.0,4592.0
2018-04-06 00:00:00,1.0,521.0,203.0,0.0,587.0,193.0,0.0,594.0,191.0,0.0,576.0,190.0,1.0,531.0,196.0,0.0,469.0,213.0,2.0,481.0,214.0,334.0,321.0,147.0,180.0,362.0,560.0
2018-04-06 01:00:00,1.0,526.0,198.0,0.0,589.0,189.0,0.0,590.0,187.0,0.0,583.0,189.0,1.0,537.0,193.0,0.0,485.0,206.0,0.0,486.0,202.0,203.0,208.0,138.0,147.0,255.0,
2018-04-06 02:00:00,1.0,527.0,192.0,0.0,593.0,185.0,0.0,587.0,184.0,0.0,584.0,188.0,1.0,537.0,190.0,0.0,492.0,199.0,0.0,494.0,194.0,159.0,163.0,131.0,130.0,260.0,
2018-04-06 03:00:00,0.0,531.0,187.0,0.0,592.0,182.0,0.0,584.0,181.0,0.0,587.0,187.0,1.0,535.0,187.0,0.0,499.0,193.0,0.0,497.0,189.0,138.0,141.0,125.0,123.0,292.0,
2018-04-06 04:00:00,1.0,533.0,183.0,0.0,592.0,180.0,0.0,581.0,179.0,0.0,586.0,186.0,1.0,532.0,185.0,0.0,504.0,189.0,0.0,497.0,185.0,127.0,129.0,120.0,119.0,235.0,
2018-04-06 05:00:00,1.0,535.0,180.0,0.0,591.0,178.0,0.0,580.0,177.0,0.0,595.0,184.0,1.0,531.0,182.0,0.0,507.0,185.0,0.0,498.0,182.0,121.0,122.0,118.0,117.0,263.0,
2018-04-06 06:00:00,7.0,537.0,177.0,0.0,590.0,176.0,0.0,579.0,175.0,0.0,603.0,183.0,1.0,531.0,180.0,0.0,510.0,183.0,0.0,499.0,179.0,116.0,117.0,115.0,115.0,284.0,
2018-04-06 07:00:00,38.0,784.0,185.0,0.0,603.0,176.0,6.0,605.0,175.0,1.0,597.0,183.0,4.0,580.0,180.0,5.0,566.0,183.0,3.0,515.0,182.0,395.0,304.0,86.0,242.0,704.0,11870.0
2018-04-06 08:00:00,20.0,622.0,195.0,13.0,588.0,181.0,23.0,590.0,181.0,5.0,600.0,188.0,9.0,585.0,186.0,7.0,550.0,196.0,22.0,496.0,203.0,544.0,465.0,121.0,180.0,466.0,5933.0
2018-04-06 09:00:00,31.0,579.0,201.0,20.0,565.0,185.0,8.0,568.0,185.0,7.0,595.0,187.0,10.0,556.0,190.0,10.0,509.0,205.0,31.0,479.0,210.0,535.0,433.0,130.0,149.0,443.0,5936.0
2018-04-06 10:00:00,40.0,666.0,200.0,27.0,560.0,187.0,15.0,566.0,187.0,10.0,586.0,187.0,11.0,548.0,192.0,12.0,499.0,209.0,40.0,486.0,210.0,552.0,420.0,102.0,228.0,1101.0,5931.0
2018-04-06 11:00:00,78.0,622.0,201.0,59.0,569.0,189.0,33.0,572.0,189.0,21.0,590.0,189.0,18.0,594.0,194.0,34.0,521.0,219.0,78.0,501.0,206.0,525.0,390.0,87.0,236.0,1679.0,3808.0
2018-04-06 12:00:00,70.0,572.0,200.0,44.0,570.0,189.0,6.0,583.0,189.0,15.0,591.0,189.0,11.0,575.0,195.0,24.0,530.0,217.0,68.0,510.0,204.0,512.0,366.0,118.0,195.0,293.0,5258.0
2018-04-06 13:00:00,73.0,568.0,201.0,60.0,564.0,189.0,24.0,574.0,189.0,24.0,575.0,190.0,17.0,563.0,194.0,33.0,512.0,214.0,89.0,510.0,204.0,473.0,351.0,107.0,264.0,218.0,1789.0
2018-04-06 14:00:00,90.0,549.0,198.0,81.0,558.0,188.0,44.0,568.0,188.0,44.0,570.0,190.0,25.0,563.0,193.0,54.0,514.0,209.0,140.0,505.0,199.0,288.0,252.0,138.0,173.0,211.0,
2018-04-06 15:00:00,38.0,549.0,193.0,27.0,554.0,186.0,22.0,561.0,185.0,10.0,563.0,189.0,8.0,558.0,191.0,18.0,521.0,203.0,39.0,513.0,194.0,339.0,301.0,122.0,141.0,1406.0,2685.0
2018-04-06 16:00:00,19.0,562.0,197.0,14.0,568.0,189.0,16.0,567.0,189.0,6.0,569.0,190.0,4.0,580.0,195.0,9.0,511.0,215.0,27.0,522.0,203.0,513.0,447.0,117.0,175.0,962.0,7387.0
2018-04-06 17:00:00,27.0,562.0,203.0,17.0,564.0,192.0,19.0,572.0,192.0,13.0,570.0,190.0,13.0,572.0,198.0,16.0,482.0,227.0,32.0,516.0,207.0,424.0,396.0,108.0,175.0,1512.0,3136.0
2018-04-06 18:00:00,11.0,567.0,205.0,5.0,578.0,195.0,0.0,589.0,193.0,2.0,587.0,190.0,4.0,590.0,200.0,5.0,493.0,233.0,14.0,524.0,206.0,382.0,351.0,111.0,190.0,2066.0,3024.0
2018-04-06 19:00:00,8.0,571.0,206.0,0.0,591.0,196.0,0.0,592.0,191.0,0.0,605.0,193.0,1.0,593.0,202.0,1.0,488.0,236.0,5.0,544.0,205.0,329.0,314.0,114.0,195.0,283.0,1344.0
2018-04-06 20:00:00,7.0,581.0,204.0,0.0,580.0,193.0,0.0,596.0,189.0,0.0,596.0,192.0,1.0,581.0,200.0,0.0,490.0,227.0,6.0,559.0,203.0,234.0,238.0,100.0,206.0,1303.0,112.0
2018-04-06 21:00:00,5.0,578.0,200.0,0.0,579.0,189.0,0.0,596.0,186.0,0.0,589.0,191.0,1.0,577.0,198.0,0.0,508.0,217.0,6.0,569.0,199.0,196.0,192.0,86.0,157.0,621.0,1008.0
2018-04-06 22:00:00,1.0,571.0,198.0,0.0,580.0,188.0,0.0,595.0,185.0,0.0,592.0,190.0,1.0,574.0,197.0,0.0,519.0,210.0,6.0,598.0,199.0,298.0,269.0,126.0,140.0,455.0,3132.0
2018-04-06 23:00:00,1.0,568.0,199.0,0.0,580.0,187.0,0.0,595.0,185.0,0.0,591.0,191.0,1.0,570.0,196.0,0.0,528.0,208.0,4.0,615.0,199.0,308.0,291.0,137.0,139.0,319.0,2016.0
2018-04-07 00:00:00,1.0,563.0,199.0,0.0,584.0,186.0,0.0,595.0,184.0,0.0,601.0,190.0,1.0,574.0,195.0,0.0,528.0,206.0,0.0,610.0,197.0,233.0,233.0,134.0,136.0,222.0,
2018-04-07 01:00:00,1.0,559.0,194.0,0.0,586.0,184.0,0.0,592.0,182.0,0.0,605.0,189.0,1.0,568.0,193.0,0.0,529.0,202.0,0.0,610.0,193.0,172.0,174.0,134.0,133.0,210.0,
2018-04-07 02:00:00,0.0,561.0,192.0,0.0,587.0,183.0,0.0,589.0,181.0,0.0,607.0,189.0,0.0,567.0,192.0,0.0,532.0,199.0,0.0,610.0,191.0,156.0,156.0,130.0,130.0,218.0,
2018-04-07 03:00:00,1.0,575.0,187.0,0.0,589.0,181.0,0.0,585.0,178.0,0.0,615.0,187.0,1.0,569.0,189.0,0.0,541.0,194.0,0.0,607.0,186.0,134.0,135.0,126.0,125.0,219.0,
2018-04-07 04:00:00,1.0,580.0,184.0,0.0,592.0,179.0,0.0,585.0,177.0,0.0,615.0,186.0,1.0,571.0,187.0,0.0,545.0,191.0,0.0,609.0,183.0,127.0,129.0,125.0,123.0,254.0,
2018-04-07 05:00:00,3.0,585.0,182.0,0.0,593.0,178.0,0.0,586.0,175.0,0.0,619.0,185.0,1.0,572.0,185.0,0.0,549.0,189.0,0.0,612.0,181.0,124.0,124.0,122.0,122.0,230.0,
2018-04-07 06:00:00,15.0,586.0,180.0,0.0,594.0,177.0,0.0,586.0,174.0,0.0,626.0,184.0,4.0,572.0,183.0,3.0,551.0,186.0,0.0,611.0,179.0,149.0,146.0,121.0,120.0,263.0,224.0
2018-04-07 07:00:00,31.0,584.0,183.0,0.0,593.0,176.0,3.0,584.0,174.0,0.0,613.0,184.0,5.0,566.0,182.0,10.0,537.0,187.0,9.0,604.0,180.0,374.0,310.0,103.0,194.0,535.0,8064.0
2018-04-07 08:00:00,30.0,663.0,194.0,16.0,622.0,181.0,9.0,609.0,179.0,8.0,591.0,188.0,6.0,617.0,186.0,13.0,573.0,196.0,21.0,613.0,187.0,479.0,376.0,99.0,289.0,410.0,4704.0
2018-04-07 09:00:00,67.0,774.0,200.0,50.0,617.0,183.0,14.0,612.0,181.0,15.0,591.0,188.0,7.0,612.0,188.0,17.0,576.0,200.0,38.0,609.0,190.0,431.0,329.0,84.0,338.0,275.0,9632.0
2018-04-07 10:00:00,67.0,769.0,202.0,46.0,612.0,183.0,17.0,610.0,181.0,10.0,596.0,187.0,10.0,602.0,188.0,21.0,557.0,200.0,45.0,598.0,190.0,333.0,317.0,110.0,210.0,218.0,2573.0
2018-04-07 11:00:00,75.0,634.0,196.0,56.0,594.0,181.0,22.0,596.0,179.0,12.0,586.0,185.0,13.0,587.0,186.0,27.0,546.0,197.0,66.0,588.0,187.0,217.0,217.0,139.0,147.0,214.0,
2018-04-07 12:00:00,63.0,599.0,191.0,52.0,588.0,180.0,18.0,593.0,177.0,11.0,579.0,184.0,11.0,582.0,184.0,22.0,548.0,192.0,58.0,590.0,183.0,170.0,171.0,134.0,135.0,262.0,224.0
2018-04-07 13:00:00,74.0,603.0,191.0,61.0,589.0,182.0,0.0,597.0,178.0,3.0,596.0,185.0,10.0,588.0,186.0,27.0,559.0,195.0,64.0,608.0,187.0,471.0,395.0,95.0,178.0,1628.0,8400.0
2018-04-07 14:00:00,34.0,611.0,195.0,30.0,598.0,185.0,5.0,608.0,182.0,1.0,605.0,187.0,5.0,608.0,188.0,11.0,575.0,201.0,23.0,595.0,193.0,396.0,330.0,90.0,163.0,1452.0,3248.0
2018-04-07 15:00:00,28.0,586.0,196.0,24.0,605.0,184.0,4.0,614.0,182.0,1.0,601.0,187.0,5.0,601.0,189.0,9.0,558.0,201.0,15.0,573.0,196.0,302.0,298.0,124.0,147.0,630.0,
2018-04-07 16:00:00,29.0,581.0,194.0,15.0,606.0,183.0,1.0,613.0,181.0,2.0,594.0,186.0,4.0,591.0,188.0,5.0,555.0,200.0,9.0,569.0,193.0,220.0,221.0,135.0,143.0,332.0,
2018-04-07 17:00:00,33.0,791.0,197.0,5.0,608.0,184.0,0.0,627.0,182.0,1.0,607.0,186.0,2.0,622.0,189.0,3.0,586.0,200.0,9.0,591.0,195.0,455.0,381.0,90.0,325.0,571.0,13536.0
2018-04-07 18:00:00,16.0,714.0,206.0,0.0,618.0,188.0,0.0,644.0,185.0,0.0,613.0,187.0,2.0,664.0,192.0,5.0,650.0,214.0,6.0,597.0,199.0,512.0,426.0,95.0,269.0,600.0,7390.0
2018-04-07 19:00:00,2.0,672.0,208.0,0.0,636.0,192.0,0.0,651.0,189.0,0.0,606.0,187.0,1.0,707.0,196.0,1.0,691.0,236.0,5.0,614.0,203.0,470.0,396.0,117.0,233.0,812.0,4031.0
2018-04-07 20:00:00,1.0,644.0,207.0,0.0,609.0,193.0,0.0,639.0,190.0,0.0,632.0,189.0,1.0,665.0,196.0,0.0,576.0,226.0,5.0,611.0,203.0,455.0,395.0,154.0,167.0,398.0,4031.0
2018-04-07 21:00:00,12.0,645.0,207.0,3.0,601.0,194.0,0.0,631.0,191.0,0.0,628.0,190.0,1.0,625.0,198.0,1.0,559.0,221.0,6.0,603.0,202.0,452.0,361.0,117.0,213.0,1637.0,2240.0
2018-04-07 22:00:00,0.0,664.0,207.0,7.0,609.0,194.0,0.0,629.0,190.0,0.0,621.0,189.0,1.0,620.0,199.0,0.0,575.0,217.0,6.0,600.0,201.0,352.0,316.0,120.0,166.0,1229.0,3360.0
2018-04-07 23:00:00,5.0,632.0,206.0,0.0,613.0,192.0,0.0,629.0,189.0,0.0,615.0,189.0,1.0,619.0,199.0,0.0,572.0,215.0,6.0,600.0,201.0,332.0,300.0,150.0,153.0,403.0,2575.0
2018-04-08 00:00:00,2.0,616.0,206.0,0.0,616.0,191.0,0.0,629.0,188.0,0.0,620.0,189.0,1.0,617.0,199.0,0.0,572.0,212.0,1.0,589.0,201.0,285.0,277.0,131.0,183.0,285.0,784.0
2018-04-08 01:00:00,1.0,603.0,203.0,0.0,613.0,189.0,0.0,627.0,186.0,0.0,632.0,189.0,1.0,613.0,197.0,0.0,574.0,208.0,0.0,579.0,198.0,203.0,204.0,141.0,154.0,256.0,
2018-04-08 02:00:00,1.0,606.0,198.0,0.0,611.0,188.0,0.0,622.0,184.0,0.0,624.0,188.0,1.0,606.0,194.0,0.0,574.0,203.0,0.0,577.0,194.0,166.0,168.0,140.0,140.0,237.0,
2018-04-08 03:00:00,1.0,612.0,194.0,0.0,611.0,186.0,0.0,618.0,182.0,0.0,585.0,186.0,1.0,604.0,192.0,0.0,578.0,199.0,0.0,573.0,191.0,148.0,149.0,135.0,135.0,288.0,
2018-04-08 04:00:00,0.0,612.0,191.0,0.0,609.0,184.0,0.0,615.0,180.0,0.0,572.0,184.0,1.0,600.0,191.0,0.0,578.0,196.0,0.0,568.0,189.0,139.0,140.0,133.0,132.0,280.0,
2018-04-08 05:00:00,2.0,614.0,187.0,0.0,607.0,183.0,0.0,612.0,179.0,0.0,562.0,183.0,1.0,593.0,189.0,0.0,575.0,193.0,0.0,566.0,186.0,133.0,133.0,128.0,129.0,223.0,
2018-04-08 06:00:00,11.0,613.0,185.0,0.0,606.0,181.0,0.0,609.0,177.0,,,,2.0,587.0,188.0,1.0,573.0,191.0,0.0,564.0,185.0,130.0,130.0,129.0,128.0,276.0,
2018-04-08 07:00:00,41.0,623.0,186.0,7.0,611.0,182.0,14.0,609.0,178.0,3.0,553.0,183.0,5.0,583.0,187.0,8.0,572.0,192.0,7.0,569.0,185.0,379.0,313.0,109.0,161.0,534.0,7728.0
2018-04-08 08:00:00,110.0,727.0,197.0,198.0,603.0,189.0,28.0,610.0,183.0,18.0,534.0,186.0,9.0,587.0,191.0,17.0,558.0,200.0,75.0,564.0,193.0,422.0,346.0,91.0,253.0,691.0,6831.0
2018-04-08 09:00:00,88.0,820.0,203.0,100.0,581.0,192.0,23.0,600.0,184.0,16.0,559.0,186.0,11.0,587.0,192.0,26.0,563.0,203.0,108.0,546.0,196.0,421.0,265.0,91.0,313.0,524.0,4592.0
2018-04-08 10:00:00,89.0,572.0,199.0,48.0,547.0,192.0,28.0,556.0,183.0,12.0,560.0,188.0,15.0,555.0,191.0,31.0,495.0,204.0,78.0,518.0,198.0,353.0,326.0,103.0,217.0,1095.0,2800.0
2018-04-08 11:00:00,99.0,575.0,196.0,29.0,539.0,190.0,30.0,550.0,183.0,12.0,550.0,188.0,14.0,550.0,190.0,26.0,510.0,201.0,57.0,504.0,196.0,239.0,245.0,89.0,202.0,572.0,336.0
2018-04-08 12:00:00,71.0,634.0,195.0,41.0,575.0,188.0,26.0,584.0,181.0,11.0,568.0,186.0,10.0,589.0,189.0,16.0,577.0,199.0,42.0,527.0,193.0,407.0,199.0,95.0,258.0,467.0,3696.0
2018-04-08 13:00:00,42.0,613.0,193.0,31.0,574.0,187.0,20.0,598.0,181.0,12.0,578.0,185.0,9.0,600.0,189.0,15.0,577.0,197.0,30.0,547.0,192.0,220.0,212.0,104.0,161.0,1265.0,
2018-04-08 14:00:00,38.0,637.0,193.0,22.0,590.0,186.0,4.0,610.0,180.0,5.0,589.0,184.0,7.0,602.0,190.0,13.0,583.0,195.0,22.0,561.0,192.0,206.0,193.0,89.0,156.0,577.0,1344.0
2018-04-08 15:00:00,35.0,618.0,192.0,22.0,592.0,185.0,13.0,613.0,181.0,5.0,594.0,185.0,8.0,599.0,189.0,13.0,577.0,195.0,23.0,561.0,192.0,230.0,223.0,120.0,144.0,247.0,1008.0
2018-04-08 16:00:00,49.0,607.0,190.0,37.0,588.0,184.0,14.0,606.0,180.0,8.0,589.0,185.0,12.0,594.0,188.0,19.0,576.0,193.0,34.0,557.0,190.0,180.0,181.0,132.0,137.0,244.0,
2018-04-08 17:00:00,28.0,636.0,189.0,13.0,599.0,184.0,5.0,618.0,179.0,3.0,591.0,185.0,9.0,606.0,188.0,12.0,608.0,193.0,24.0,571.0,188.0,330.0,266.0,116.0,147.0,1436.0,7167.0
2018-04-08 18:00:00,14.0,679.0,197.0,6.0,616.0,192.0,4.0,643.0,183.0,1.0,634.0,191.0,46.0,664.0,193.0,13.0,682.0,201.0,15.0,588.0,199.0,498.0,457.0,137.0,162.0,1681.0,4925.0
2018-04-08 19:00:00,3.0,675.0,204.0,0.0,633.0,196.0,0.0,640.0,189.0,0.0,675.0,193.0,1.0,688.0,198.0,1.0,660.0,214.0,5.0,594.0,202.0,417.0,393.0,136.0,205.0,1140.0,2798.0
2018-04-08 20:00:00,0.0,681.0,206.0,0.0,636.0,197.0,0.0,633.0,190.0,0.0,662.0,192.0,1.0,658.0,199.0,0.0,593.0,218.0,6.0,612.0,204.0,415.0,376.0,150.0,164.0,331.0,3696.0
2018-04-08 21:00:00,16.0,657.0,207.0,0.0,624.0,196.0,0.0,629.0,190.0,0.0,643.0,191.0,1.0,642.0,199.0,0.0,595.0,213.0,6.0,597.0,205.0,434.0,355.0,128.0,189.0,308.0,1904.0
2018-04-08 22:00:00,1.0,613.0,205.0,0.0,616.0,194.0,0.0,628.0,188.0,0.0,639.0,190.0,1.0,629.0,198.0,0.0,591.0,208.0,6.0,588.0,203.0,311.0,259.0,134.0,161.0,630.0,
2018-04-08 23:00:00,2.0,606.0,199.0,0.0,612.0,192.0,0.0,630.0,185.0,0.0,630.0,188.0,1.0,621.0,196.0,0.0,594.0,204.0,3.0,588.0,200.0,206.0,194.0,106.0,150.0,1265.0,
2018-04-09 00:00:00,0.0,612.0,196.0,0.0,611.0,190.0,0.0,629.0,184.0,0.0,634.0,188.0,1.0,613.0,194.0,0.0,596.0,201.0,0.0,578.0,197.0,168.0,164.0,116.0,149.0,205.0,
2018-04-09 01:00:00,0.0,608.0,192.0,0.0,606.0,189.0,0.0,625.0,182.0,0.0,640.0,187.0,1.0,604.0,192.0,0.0,589.0,198.0,0.0,574.0,194.0,150.0,149.0,131.0,137.0,245.0,
2018-04-09 02:00:00,0.0,608.0,189.0,0.0,600.0,187.0,0.0,622.0,180.0,0.0,647.0,187.0,0.0,601.0,191.0,0.0,588.0,195.0,0.0,572.0,191.0,139.0,139.0,133.0,133.0,212.0,
2018-04-09 03:00:00,0.0,605.0,187.0,0.0,597.0,186.0,0.0,620.0,179.0,0.0,651.0,186.0,0.0,601.0,189.0,0.0,590.0,192.0,0.0,570.0,189.0,134.0,134.0,130.0,130.0,251.0,
2018-04-09 04:00:00,0.0,608.0,185.0,0.0,594.0,184.0,0.0,619.0,177.0,0.0,646.0,185.0,0.0,601.0,187.0,0.0,590.0,190.0,0.0,570.0,187.0,130.0,130.0,130.0,129.0,211.0,
2018-04-09 05:00:00,2.0,614.0,183.0,0.0,594.0,183.0,0.0,619.0,176.0,0.0,609.0,183.0,1.0,599.0,185.0,0.0,590.0,188.0,0.0,571.0,185.0,129.0,128.0,129.0,128.0,229.0,
2018-04-09 06:00:00,41.0,831.0,190.0,0.0,625.0,182.0,5.0,642.0,176.0,0.0,596.0,182.0,3.0,610.0,185.0,4.0,613.0,187.0,0.0,572.0,184.0,440.0,205.0,92.0,252.0,440.0,8511.0
2018-04-09 07:00:00,30.0,655.0,190.0,35.0,629.0,182.0,3.0,662.0,179.0,4.0,612.0,184.0,5.0,627.0,185.0,6.0,625.0,188.0,21.0,586.0,184.0,283.0,199.0,123.0,169.0,257.0,
2018-04-09 08:00:00,48.0,632.0,186.0,58.0,617.0,181.0,,,,7.0,608.0,182.0,8.0,618.0,184.0,10.0,616.0,187.0,33.0,586.0,182.0,194.0,169.0,134.0,141.0,199.0,
2018-04-09 09:00:00,53.0,626.0,183.0,54.0,614.0,179.0,11.0,,,8.0,607.0,181.0,8.0,613.0,182.0,13.0,608.0,185.0,34.0,584.0,180.0,157.0,149.0,132.0,133.0,265.0,
2018-04-09 10:00:00,71.0,625.0,181.0,75.0,613.0,178.0,,,,11.0,606.0,179.0,11.0,608.0,181.0,18.0,606.0,183.0,47.0,583.0,179.0,140.0,138.0,130.0,129.0,222.0,
2018-04-09 11:00:00,82.0,620.0,179.0,94.0,609.0,178.0,,,,13.0,604.0,179.0,13.0,604.0,180.0,21.0,604.0,182.0,57.0,583.0,178.0,132.0,132.0,129.0,128.0,227.0,
2018-04-09 12:00:00,66.0,622.0,178.0,70.0,607.0,177.0,,,,10.0,603.0,178.0,11.0,603.0,179.0,16.0,602.0,181.0,44.0,582.0,177.0,129.0,128.0,125.0,126.0,209.0,
2018-04-09 13:00:00,69.0,618.0,177.0,80.0,607.0,176.0,,,,24.0,601.0,177.0,14.0,602.0,178.0,26.0,601.0,180.0,57.0,583.0,176.0,125.0,126.0,125.0,125.0,232.0,
2018-04-09 14:00:00,50.0,618.0,176.0,71.0,606.0,175.0,,,,33.0,599.0,177.0,14.0,602.0,178.0,27.0,599.0,179.0,51.0,585.0,175.0,125.0,124.0,125.0,125.0,245.0,
2018-04-09 15:00:00,47.0,619.0,176.0,83.0,606.0,175.0,,,,59.0,601.0,178.0,27.0,603.0,178.0,41.0,598.0,179.0,65.0,590.0,174.0,125.0,123.0,125.0,125.0,215.0,
2018-04-09 16:00:00,39.0,621.0,175.0,41.0,606.0,174.0,,,,14.0,597.0,177.0,12.0,603.0,177.0,18.0,597.0,178.0,33.0,592.0,173.0,124.0,123.0,125.0,125.0,234.0,
2018-04-09 17:00:00,40.0,622.0,175.0,38.0,606.0,173.0,6.0,614.0,173.0,25.0,598.0,177.0,57.0,605.0,177.0,59.0,600.0,178.0,56.0,595.0,173.0,121.0,123.0,122.0,123.0,265.0,
2018-04-09 18:00:00,18.0,629.0,178.0,12.0,607.0,175.0,0.0,623.0,174.0,4.0,604.0,178.0,13.0,606.0,178.0,7.0,604.0,181.0,12.0,606.0,175.0,392.0,319.0,126.0,148.0,1097.0,10415.0
2018-04-09 19:00:00,1.0,591.0,195.0,0.0,593.0,185.0,0.0,626.0,182.0,0.0,593.0,185.0,1.0,604.0,185.0,0.0,576.0,198.0,7.0,588.0,188.0,521.0,470.0,141.0,230.0,691.0,7280.0
2018-04-09 20:00:00,7.0,582.0,204.0,0.0,588.0,191.0,0.0,622.0,187.0,0.0,599.0,187.0,1.0,609.0,189.0,0.0,578.0,200.0,10.0,610.0,199.0,514.0,461.0,140.0,226.0,737.0,6607.0
2018-04-09 21:00:00,9.0,585.0,207.0,0.0,593.0,191.0,0.0,623.0,189.0,0.0,625.0,189.0,1.0,610.0,191.0,1.0,574.0,205.0,5.0,584.0,201.0,369.0,374.0,114.0,228.0,1147.0,224.0
2018-04-09 22:00:00,0.0,576.0,198.0,0.0,587.0,187.0,0.0,627.0,185.0,0.0,628.0,186.0,1.0,596.0,188.0,0.0,562.0,202.0,5.0,583.0,194.0,231.0,238.0,115.0,160.0,444.0,
2018-04-09 23:00:00,2.0,586.0,189.0,0.0,584.0,183.0,0.0,630.0,182.0,0.0,622.0,183.0,1.0,597.0,185.0,0.0,565.0,195.0,3.0,579.0,190.0,172.0,176.0,123.0,138.0,317.0,
2018-04-10 00:00:00,0.0,593.0,185.0,0.0,584.0,181.0,0.0,625.0,179.0,0.0,621.0,183.0,1.0,593.0,184.0,0.0,571.0,191.0,0.0,561.0,186.0,151.0,154.0,123.0,132.0,262.0,
2018-04-10 01:00:00,1.0,594.0,181.0,0.0,581.0,180.0,0.0,624.0,178.0,0.0,644.0,182.0,1.0,592.0,182.0,0.0,575.0,188.0,0.0,561.0,183.0,139.0,141.0,130.0,130.0,239.0,
2018-04-10 02:00:00,1.0,596.0,179.0,0.0,579.0,179.0,0.0,624.0,177.0,0.0,658.0,182.0,1.0,590.0,182.0,0.0,575.0,187.0,0.0,560.0,182.0,135.0,137.0,130.0,130.0,277.0,
2018-04-10 03:00:00,0.0,590.0,176.0,0.0,574.0,176.0,0.0,615.0,175.0,0.0,660.0,181.0,0.0,582.0,179.0,0.0,571.0,183.0,0.0,556.0,179.0,130.0,129.0,125.0,127.0,259.0,
2018-04-10 04:00:00,0.0,592.0,174.0,0.0,572.0,175.0,0.0,615.0,174.0,0.0,662.0,180.0,1.0,583.0,178.0,0.0,574.0,181.0,0.0,556.0,177.0,125.0,126.0,125.0,125.0,256.0,
2018-04-10 05:00:00,0.0,589.0,172.0,0.0,570.0,174.0,0.0,610.0,173.0,0.0,664.0,179.0,1.0,580.0,176.0,0.0,572.0,179.0,0.0,555.0,175.0,125.0,124.0,125.0,124.0,226.0,
2018-04-10 06:00:00,31.0,807.0,178.0,0.0,584.0,173.0,11.0,611.0,173.0,0.0,655.0,179.0,2.0,592.0,175.0,2.0,579.0,180.0,0.0,563.0,174.0,344.0,232.0,94.0,238.0,596.0,10863.0
2018-04-10 07:00:00,18.0,708.0,190.0,5.0,606.0,179.0,6.0,619.0,179.0,0.0,650.0,183.0,3.0,670.0,182.0,1.0,617.0,197.0,4.0,583.0,185.0,495.0,415.0,123.0,238.0,313.0,5598.0
2018-04-10 08:00:00,13.0,618.0,194.0,15.0,581.0,182.0,2.0,595.0,182.0,1.0,620.0,184.0,3.0,616.0,185.0,2.0,567.0,203.0,10.0,568.0,190.0,426.0,386.0,148.0,164.0,197.0,4704.0
2018-04-10 09:00:00,12.0,581.0,196.0,13.0,572.0,183.0,1.0,582.0,183.0,1.0,601.0,184.0,3.0,589.0,187.0,2.0,536.0,206.0,8.0,550.0,192.0,392.0,354.0,155.0,152.0,239.0,4031.0
2018-04-10 10:00:00,15.0,564.0,196.0,17.0,569.0,183.0,2.0,575.0,183.0,2.0,591.0,184.0,4.0,576.0,188.0,3.0,523.0,207.0,11.0,541.0,193.0,368.0,333.0,155.0,150.0,211.0,3472.0
2018-04-10 11:00:00,14.0,559.0,196.0,15.0,567.0,183.0,2.0,571.0,183.0,2.0,585.0,185.0,4.0,572.0,188.0,3.0,519.0,208.0,10.0,536.0,193.0,368.0,327.0,155.0,150.0,224.0,4815.0
2018-04-10 12:00:00,9.0,554.0,196.0,9.0,564.0,183.0,1.0,568.0,183.0,1.0,581.0,185.0,2.0,568.0,188.0,1.0,516.0,207.0,6.0,532.0,193.0,348.0,318.0,155.0,149.0,254.0,2800.0
2018-04-10 13:00:00,7.0,550.0,195.0,7.0,561.0,183.0,0.0,565.0,183.0,0.0,576.0,185.0,2.0,564.0,189.0,0.0,512.0,208.0,4.0,528.0,193.0,342.0,316.0,155.0,148.0,188.0,2682.0
2018-04-10 14:00:00,7.0,548.0,196.0,7.0,559.0,183.0,0.0,563.0,183.0,0.0,574.0,185.0,2.0,563.0,189.0,0.0,510.0,208.0,5.0,525.0,193.0,357.0,317.0,155.0,148.0,287.0,3472.0
2018-04-10 15:00:00,9.0,542.0,196.0,10.0,555.0,183.0,0.0,560.0,183.0,1.0,569.0,185.0,2.0,558.0,189.0,1.0,506.0,208.0,7.0,522.0,193.0,341.0,308.0,154.0,148.0,251.0,4474.0
2018-04-10 16:00:00,4.0,539.0,196.0,3.0,553.0,183.0,1.0,557.0,183.0,0.0,565.0,185.0,1.0,555.0,189.0,0.0,503.0,208.0,2.0,519.0,193.0,355.0,318.0,154.0,148.0,376.0,3472.0
2018-04-10 17:00:00,46.0,634.0,198.0,0.0,600.0,183.0,17.0,611.0,183.0,0.0,606.0,186.0,3.0,605.0,190.0,3.0,527.0,212.0,0.0,526.0,193.0,370.0,278.0,93.0,270.0,1532.0,6157.0
2018-04-10 18:00:00,9.0,611.0,200.0,0.0,664.0,185.0,0.0,649.0,184.0,0.0,628.0,187.0,2.0,642.0,192.0,4.0,595.0,230.0,1.0,547.0,193.0,365.0,304.0,105.0,213.0,528.0,7610.0
2018-04-10 19:00:00,27.0,669.0,203.0,0.0,643.0,188.0,0.0,636.0,187.0,0.0,655.0,189.0,4.0,652.0,196.0,0.0,519.0,235.0,4.0,571.0,198.0,516.0,393.0,97.0,301.0,724.0,11423.0
2018-04-10 20:00:00,48.0,807.0,211.0,1.0,619.0,189.0,0.0,622.0,188.0,0.0,639.0,190.0,7.0,623.0,197.0,1.0,520.0,227.0,6.0,572.0,201.0,399.0,369.0,96.0,278.0,2175.0,3808.0
2018-04-10 21:00:00,10.0,787.0,211.0,0.0,647.0,189.0,0.0,622.0,186.0,0.0,652.0,190.0,1.0,628.0,196.0,0.0,552.0,220.0,5.0,602.0,198.0,402.0,264.0,114.0,242.0,530.0,448.0
2018-04-10 22:00:00,0.0,786.0,204.0,0.0,614.0,187.0,0.0,624.0,184.0,0.0,650.0,188.0,1.0,597.0,193.0,0.0,551.0,211.0,5.0,616.0,193.0,246.0,209.0,137.0,161.0,346.0,
2018-04-10 23:00:00,0.0,766.0,198.0,0.0,595.0,185.0,0.0,619.0,182.0,0.0,646.0,187.0,1.0,580.0,191.0,0.0,555.0,204.0,5.0,614.0,191.0,234.0,208.0,142.0,143.0,415.0,2128.0
2018-04-11 00:00:00,0.0,718.0,196.0,0.0,596.0,184.0,0.0,615.0,181.0,0.0,640.0,187.0,1.0,583.0,191.0,0.0,553.0,203.0,5.0,610.0,192.0,250.0,232.0,145.0,142.0,406.0,2128.0
2018-04-11 01:00:00,2.0,634.0,194.0,0.0,608.0,183.0,0.0,619.0,180.0,0.0,640.0,187.0,1.0,599.0,190.0,0.0,560.0,202.0,0.0,634.0,191.0,227.0,217.0,143.0,139.0,229.0,784.0
2018-04-11 03:00:00,0.0,626.0,184.0,0.0,594.0,180.0,0.0,612.0,177.0,0.0,647.0,185.0,1.0,595.0,186.0,0.0,564.0,194.0,0.0,651.0,182.0,149.0,149.0,132.0,131.0,242.0,
2018-04-11 04:00:00,0.0,635.0,181.0,0.0,591.0,178.0,0.0,612.0,176.0,0.0,653.0,184.0,0.0,597.0,184.0,0.0,569.0,190.0,0.0,655.0,179.0,137.0,138.0,130.0,128.0,214.0,
2018-04-11 05:00:00,1.0,639.0,178.0,0.0,588.0,176.0,0.0,611.0,174.0,0.0,662.0,183.0,1.0,598.0,182.0,0.0,575.0,187.0,0.0,656.0,177.0,130.0,131.0,125.0,125.0,269.0,
2018-04-11 06:00:00,12.0,644.0,176.0,0.0,590.0,175.0,2.0,611.0,174.0,0.0,663.0,181.0,1.0,601.0,180.0,0.0,579.0,185.0,0.0,652.0,175.0,153.0,137.0,112.0,136.0,360.0,1008.0
2018-04-11 07:00:00,23.0,707.0,179.0,8.0,626.0,174.0,16.0,657.0,175.0,0.0,626.0,180.0,3.0,627.0,179.0,1.0,609.0,185.0,6.0,650.0,174.0,179.0,156.0,91.0,202.0,983.0,448.0
2018-04-11 08:00:00,16.0,652.0,175.0,19.0,606.0,172.0,,,,2.0,610.0,178.0,4.0,622.0,177.0,3.0,602.0,183.0,12.0,653.0,172.0,156.0,146.0,113.0,139.0,260.0,
2018-04-11 09:00:00,22.0,646.0,172.0,27.0,601.0,171.0,8.0,599.0,171.0,3.0,602.0,176.0,5.0,613.0,175.0,6.0,595.0,180.0,18.0,656.0,169.0,140.0,136.0,122.0,128.0,252.0,670.0
2018-04-11 10:00:00,32.0,649.0,171.0,38.0,604.0,170.0,9.0,602.0,170.0,4.0,605.0,175.0,7.0,622.0,174.0,9.0,615.0,179.0,25.0,659.0,168.0,359.0,147.0,99.0,303.0,369.0,1343.0
2018-04-11 11:00:00,47.0,676.0,170.0,48.0,602.0,169.0,16.0,602.0,170.0,5.0,611.0,174.0,8.0,630.0,173.0,12.0,625.0,177.0,32.0,665.0,167.0,400.0,162.0,121.0,217.0,232.0,
2018-04-11 12:00:00,58.0,684.0,170.0,50.0,598.0,167.0,,,,,,,9.0,611.0,171.0,15.0,607.0,175.0,36.0,667.0,165.0,222.0,158.0,130.0,143.0,233.0,
2018-04-11 13:00:00,39.0,685.0,170.0,35.0,593.0,166.0,,,,,,,6.0,602.0,170.0,9.0,596.0,174.0,25.0,655.0,164.0,172.0,151.0,129.0,129.0,231.0,896.0
2018-04-11 14:00:00,31.0,678.0,172.0,29.0,591.0,165.0,,,,,,,5.0,594.0,170.0,7.0,585.0,175.0,20.0,639.0,164.0,179.0,169.0,128.0,127.0,229.0,1677.0
2018-04-11 15:00:00,24.0,667.0,174.0,23.0,588.0,165.0,,,,2.0,,,4.0,589.0,169.0,5.0,574.0,176.0,15.0,628.0,165.0,208.0,193.0,130.0,128.0,249.0,2016.0
2018-04-11 16:00:00,16.0,655.0,176.0,15.0,586.0,165.0,,,,1.0,,,3.0,586.0,169.0,2.0,565.0,177.0,10.0,616.0,166.0,227.0,214.0,130.0,129.0,229.0,448.0
2018-04-11 17:00:00,9.0,627.0,181.0,5.0,589.0,169.0,0.0,600.0,166.0,0.0,606.0,174.0,1.0,620.0,173.0,2.0,595.0,194.0,8.0,597.0,177.0,523.0,437.0,131.0,136.0,509.0,12767.0
2018-04-11 18:00:00,16.0,609.0,190.0,1.0,583.0,178.0,0.0,613.0,175.0,0.0,602.0,180.0,1.0,603.0,181.0,0.0,546.0,207.0,6.0,569.0,192.0,547.0,480.0,124.0,190.0,1080.0,7162.0
2018-04-11 19:00:00,13.0,671.0,196.0,0.0,577.0,184.0,0.0,628.0,181.0,0.0,609.0,184.0,1.0,621.0,187.0,1.0,517.0,222.0,4.0,554.0,207.0,505.0,452.0,108.0,245.0,2294.0,5040.0
2018-04-11 20:00:00,26.0,688.0,198.0,1.0,614.0,186.0,0.0,628.0,182.0,0.0,623.0,187.0,2.0,625.0,191.0,4.0,485.0,236.0,4.0,529.0,216.0,514.0,386.0,91.0,229.0,2985.0,3471.0
2018-04-11 21:00:00,1.0,612.0,196.0,0.0,620.0,186.0,0.0,634.0,180.0,0.0,635.0,185.0,1.0,611.0,192.0,0.0,484.0,232.0,0.0,557.0,205.0,315.0,270.0,121.0,176.0,282.0,
2018-04-11 22:00:00,1.0,593.0,191.0,0.0,602.0,183.0,0.0,630.0,177.0,0.0,634.0,183.0,1.0,594.0,188.0,0.0,494.0,219.0,0.0,576.0,193.0,218.0,206.0,136.0,146.0,194.0,
2018-04-11 23:00:00,1.0,593.0,184.0,0.0,588.0,180.0,0.0,625.0,175.0,0.0,634.0,181.0,1.0,584.0,184.0,0.0,512.0,204.0,0.0,580.0,184.0,163.0,162.0,135.0,134.0,253.0,
2018-04-12 00:00:00,1.0,598.0,180.0,0.0,583.0,178.0,0.0,623.0,174.0,0.0,645.0,180.0,1.0,582.0,182.0,0.0,524.0,198.0,0.0,578.0,180.0,145.0,145.0,130.0,129.0,216.0,
2018-04-12 01:00:00,1.0,595.0,176.0,0.0,576.0,175.0,0.0,623.0,172.0,0.0,655.0,180.0,1.0,577.0,179.0,0.0,532.0,191.0,0.0,574.0,177.0,133.0,134.0,127.0,125.0,248.0,
2018-04-12 03:00:00,0.0,596.0,170.0,0.0,571.0,171.0,0.0,624.0,169.0,0.0,668.0,178.0,1.0,576.0,175.0,0.0,545.0,184.0,0.0,571.0,172.0,124.0,123.0,122.0,122.0,265.0,
2018-04-12 04:00:00,14.0,635.0,170.0,0.0,574.0,170.0,0.0,622.0,168.0,0.0,669.0,177.0,1.0,581.0,174.0,0.0,552.0,182.0,0.0,573.0,172.0,225.0,176.0,113.0,158.0,324.0,5264.0
2018-04-12 05:00:00,12.0,676.0,182.0,0.0,650.0,171.0,0.0,633.0,170.0,0.0,653.0,179.0,1.0,633.0,176.0,0.0,579.0,189.0,0.0,550.0,188.0,427.0,298.0,110.0,256.0,854.0,1903.0
2018-04-12 06:00:00,14.0,611.0,184.0,0.0,615.0,172.0,0.0,637.0,171.0,0.0,645.0,180.0,2.0,601.0,177.0,1.0,551.0,191.0,0.0,540.0,190.0,353.0,271.0,118.0,153.0,366.0,2126.0
2018-04-12 07:00:00,50.0,704.0,185.0,15.0,616.0,171.0,1.0,628.0,171.0,0.0,637.0,181.0,4.0,609.0,177.0,11.0,547.0,192.0,11.0,540.0,190.0,403.0,259.0,98.0,221.0,362.0,8512.0
2018-04-12 08:00:00,37.0,871.0,192.0,28.0,678.0,171.0,1.0,635.0,171.0,3.0,636.0,181.0,4.0,664.0,177.0,9.0,552.0,192.0,17.0,568.0,189.0,464.0,258.0,103.0,263.0,353.0,1007.0
2018-04-12 09:00:00,31.0,850.0,190.0,28.0,625.0,171.0,8.0,621.0,170.0,4.0,613.0,178.0,6.0,599.0,177.0,9.0,553.0,191.0,16.0,550.0,187.0,340.0,236.0,135.0,171.0,244.0,2912.0
2018-04-12 10:00:00,32.0,830.0,189.0,29.0,607.0,170.0,8.0,605.0,170.0,5.0,604.0,178.0,6.0,585.0,177.0,10.0,542.0,191.0,17.0,535.0,188.0,454.0,251.0,144.0,146.0,290.0,2464.0
2018-04-12 11:00:00,32.0,810.0,188.0,29.0,600.0,170.0,8.0,599.0,170.0,5.0,587.0,178.0,6.0,580.0,177.0,10.0,535.0,192.0,17.0,526.0,189.0,374.0,254.0,145.0,143.0,268.0,2912.0
2018-04-12 12:00:00,29.0,735.0,186.0,27.0,604.0,170.0,8.0,609.0,170.0,4.0,579.0,178.0,6.0,583.0,177.0,8.0,536.0,192.0,16.0,520.0,190.0,357.0,256.0,127.0,167.0,233.0,1904.0
2018-04-12 13:00:00,19.0,623.0,182.0,19.0,598.0,170.0,4.0,600.0,170.0,3.0,567.0,177.0,4.0,593.0,177.0,5.0,541.0,192.0,10.0,517.0,190.0,424.0,260.0,126.0,173.0,284.0,2909.0
2018-04-12 14:00:00,21.0,611.0,180.0,18.0,592.0,170.0,5.0,594.0,170.0,3.0,565.0,178.0,5.0,586.0,177.0,6.0,534.0,192.0,10.0,509.0,191.0,320.0,259.0,134.0,168.0,246.0,1904.0
2018-04-12 15:00:00,13.0,595.0,180.0,11.0,585.0,170.0,3.0,588.0,170.0,1.0,561.0,177.0,3.0,579.0,177.0,3.0,529.0,192.0,6.0,506.0,191.0,451.0,258.0,144.0,145.0,291.0,2684.0
2018-04-12 16:00:00,7.0,598.0,180.0,3.0,602.0,171.0,0.0,593.0,170.0,0.0,566.0,178.0,3.0,596.0,178.0,4.0,543.0,197.0,3.0,507.0,194.0,409.0,309.0,122.0,197.0,2139.0,8512.0
2018-04-12 17:00:00,27.0,772.0,188.0,0.0,616.0,177.0,0.0,624.0,177.0,0.0,580.0,184.0,2.0,619.0,185.0,1.0,497.0,222.0,5.0,495.0,209.0,569.0,475.0,89.0,334.0,337.0,12319.0
2018-04-12 18:00:00,4.0,681.0,201.0,0.0,602.0,185.0,0.0,629.0,184.0,0.0,594.0,187.0,2.0,620.0,189.0,3.0,508.0,229.0,4.0,499.0,222.0,545.0,482.0,106.0,262.0,2928.0,7053.0
2018-04-12 19:00:00,0.0,672.0,209.0,0.0,587.0,189.0,0.0,627.0,187.0,0.0,603.0,188.0,2.0,620.0,192.0,3.0,495.0,233.0,4.0,508.0,226.0,542.0,465.0,96.0,270.0,3175.0,4810.0
2018-04-12 20:00:00,1.0,650.0,211.0,0.0,616.0,192.0,0.0,622.0,189.0,0.0,622.0,190.0,2.0,617.0,198.0,3.0,470.0,247.0,3.0,517.0,225.0,506.0,421.0,124.0,216.0,1594.0,5486.0
2018-04-12 21:00:00,9.0,652.0,210.0,0.0,649.0,192.0,0.0,623.0,189.0,0.0,645.0,190.0,1.0,627.0,199.0,0.0,470.0,250.0,0.0,537.0,223.0,409.0,372.0,112.0,251.0,274.0,2576.0
2018-04-12 22:00:00,0.0,671.0,201.0,0.0,629.0,190.0,0.0,627.0,186.0,0.0,641.0,188.0,1.0,614.0,198.0,0.0,481.0,238.0,0.0,568.0,211.0,254.0,256.0,140.0,166.0,234.0,
2018-04-12 23:00:00,0.0,661.0,193.0,0.0,625.0,186.0,0.0,626.0,183.0,0.0,634.0,185.0,1.0,605.0,193.0,0.0,507.0,220.0,0.0,616.0,197.0,182.0,185.0,141.0,142.0,201.0,
2018-04-13 07:00:00,,,,,,,,,,,,,,,,,,,,,,,,,,,4816.0
2018-04-13 11:00:00,,,,,,,,,,,,,,,,,,,,,,,,,,,1008.0
2018-04-13 12:00:00,,,,,,,,,,,,,,,,,,,,,,,,,,,6607.0
2018-04-13 13:00:00,,,,,,,,,,,,,,,,,,,,,,,,,,,2800.0
2018-04-13 17:00:00,7.0,615.0,170.0,5.0,618.0,166.0,,611.0,167.0,0.0,598.0,174.0,1.0,601.0,172.0,0.0,562.0,183.0,2.0,614.0,169.0,139.0,142.0,125.0,125.0,237.0,
2018-04-13 18:00:00,5.0,618.0,168.0,3.0,617.0,165.0,0.0,610.0,166.0,0.0,,,1.0,602.0,171.0,0.0,568.0,180.0,1.0,617.0,167.0,132.0,134.0,124.0,123.0,243.0,
2018-04-13 19:00:00,2.0,622.0,166.0,0.0,617.0,163.0,0.0,608.0,165.0,,,,1.0,603.0,170.0,0.0,575.0,177.0,0.0,618.0,164.0,124.0,126.0,120.0,120.0,360.0,
2018-04-13 20:00:00,0.0,623.0,165.0,0.0,618.0,162.0,0.0,607.0,164.0,,,,1.0,603.0,168.0,0.0,577.0,174.0,0.0,617.0,163.0,120.0,121.0,119.0,118.0,189.0,
2018-04-13 21:00:00,0.0,625.0,163.0,0.0,618.0,161.0,0.0,607.0,163.0,,,,1.0,602.0,166.0,0.0,580.0,172.0,0.0,617.0,161.0,117.0,118.0,115.0,117.0,244.0,
2018-04-13 22:00:00,0.0,627.0,161.0,0.0,618.0,159.0,0.0,606.0,161.0,,,,0.0,602.0,165.0,0.0,582.0,170.0,0.0,617.0,159.0,115.0,115.0,115.0,115.0,273.0,
2018-04-13 23:00:00,0.0,628.0,160.0,0.0,619.0,158.0,0.0,606.0,160.0,,,,0.0,601.0,164.0,0.0,583.0,169.0,0.0,616.0,158.0,115.0,114.0,115.0,115.0,251.0,
2018-04-14 00:00:00,0.0,629.0,159.0,0.0,619.0,157.0,0.0,607.0,160.0,,,,1.0,600.0,162.0,0.0,583.0,167.0,0.0,615.0,156.0,112.0,113.0,115.0,114.0,275.0,
2018-04-14 01:00:00,0.0,629.0,158.0,0.0,619.0,156.0,0.0,605.0,158.0,,,,1.0,600.0,161.0,0.0,584.0,165.0,0.0,613.0,155.0,110.0,111.0,114.0,113.0,273.0,
2018-04-14 02:00:00,0.0,629.0,157.0,0.0,620.0,155.0,0.0,606.0,157.0,,,,1.0,600.0,160.0,0.0,585.0,164.0,0.0,612.0,154.0,110.0,110.0,110.0,113.0,257.0,
2018-04-14 03:00:00,0.0,630.0,156.0,0.0,620.0,154.0,0.0,606.0,157.0,,,,1.0,600.0,159.0,0.0,585.0,163.0,0.0,612.0,153.0,110.0,110.0,110.0,113.0,251.0,
2018-04-14 04:00:00,0.0,630.0,155.0,0.0,620.0,153.0,0.0,606.0,155.0,,,,1.0,600.0,158.0,0.0,587.0,161.0,0.0,612.0,152.0,110.0,109.0,110.0,112.0,267.0,
2018-04-14 05:00:00,0.0,631.0,154.0,0.0,620.0,152.0,0.0,606.0,154.0,,,,1.0,602.0,157.0,0.0,589.0,160.0,0.0,613.0,151.0,110.0,108.0,110.0,110.0,271.0,
2018-04-14 06:00:00,1.0,632.0,153.0,0.0,619.0,151.0,0.0,608.0,154.0,,,,1.0,603.0,156.0,0.0,590.0,159.0,0.0,614.0,150.0,110.0,108.0,110.0,110.0,261.0,
2018-04-14 07:00:00,15.0,632.0,153.0,25.0,620.0,151.0,0.0,609.0,153.0,,,,2.0,604.0,155.0,2.0,592.0,158.0,10.0,615.0,149.0,109.0,108.0,110.0,110.0,275.0,
2018-04-14 08:00:00,42.0,632.0,153.0,203.0,623.0,151.0,,611.0,152.0,,,,6.0,606.0,154.0,7.0,594.0,157.0,64.0,617.0,149.0,105.0,108.0,110.0,110.0,252.0,
2018-04-14 09:00:00,86.0,634.0,153.0,505.0,624.0,156.0,11.0,628.0,152.0,,,,9.0,611.0,154.0,12.0,600.0,157.0,183.0,629.0,150.0,105.0,110.0,110.0,110.0,283.0,
2018-04-14 10:00:00,107.0,641.0,153.0,239.0,617.0,160.0,,632.0,152.0,,,,11.0,618.0,155.0,21.0,608.0,157.0,105.0,631.0,152.0,105.0,109.0,110.0,110.0,244.0,
2018-04-14 11:00:00,112.0,642.0,154.0,144.0,615.0,160.0,,633.0,152.0,,,,11.0,619.0,154.0,26.0,611.0,157.0,73.0,628.0,153.0,105.0,108.0,110.0,110.0,262.0,
2018-04-14 12:00:00,121.0,640.0,154.0,126.0,615.0,158.0,,632.0,152.0,,,,13.0,618.0,154.0,34.0,611.0,157.0,68.0,625.0,152.0,105.0,108.0,110.0,110.0,272.0,
2018-04-14 13:00:00,79.0,637.0,154.0,105.0,615.0,157.0,38.0,631.0,152.0,,,,11.0,617.0,154.0,28.0,611.0,157.0,57.0,623.0,151.0,105.0,108.0,110.0,110.0,240.0,
2018-04-14 14:00:00,87.0,636.0,154.0,105.0,616.0,157.0,,628.0,152.0,,,,14.0,617.0,154.0,38.0,610.0,157.0,62.0,622.0,151.0,105.0,108.0,110.0,110.0,261.0,
2018-04-14 15:00:00,72.0,636.0,155.0,143.0,617.0,156.0,97.0,627.0,153.0,,,,22.0,619.0,154.0,69.0,608.0,157.0,92.0,624.0,151.0,105.0,108.0,110.0,110.0,252.0,
2018-04-14 16:00:00,66.0,639.0,155.0,121.0,619.0,156.0,,626.0,156.0,,,,21.0,622.0,156.0,62.0,612.0,158.0,74.0,627.0,152.0,109.0,109.0,113.0,112.0,279.0,
2018-04-14 17:00:00,47.0,641.0,156.0,52.0,623.0,155.0,,623.0,157.0,,,,15.0,623.0,156.0,39.0,612.0,159.0,39.0,629.0,152.0,110.0,110.0,115.0,114.0,242.0,
2018-04-14 18:00:00,45.0,640.0,156.0,37.0,625.0,155.0,,,,,,,102.0,622.0,156.0,59.0,613.0,158.0,42.0,630.0,152.0,110.0,112.0,115.0,114.0,263.0,
2018-04-14 19:00:00,33.0,637.0,157.0,17.0,626.0,154.0,,624.0,155.0,,,,70.0,620.0,158.0,53.0,613.0,159.0,16.0,629.0,152.0,110.0,112.0,115.0,113.0,351.0,
2018-04-14 20:00:00,1.0,629.0,157.0,0.0,625.0,154.0,,,,,,,1.0,618.0,157.0,0.0,612.0,158.0,0.0,626.0,152.0,110.0,110.0,114.0,113.0,199.0,
2018-04-14 21:00:00,0.0,626.0,156.0,0.0,624.0,153.0,0.0,623.0,153.0,,,,1.0,616.0,156.0,0.0,613.0,158.0,0.0,625.0,151.0,110.0,110.0,113.0,113.0,245.0,
2018-04-14 22:00:00,0.0,623.0,155.0,0.0,622.0,153.0,0.0,623.0,153.0,,,,1.0,613.0,156.0,0.0,612.0,157.0,0.0,623.0,151.0,110.0,110.0,110.0,113.0,274.0,
2018-04-14 23:00:00,0.0,623.0,155.0,0.0,622.0,152.0,,,,,,,1.0,611.0,155.0,0.0,612.0,157.0,0.0,620.0,151.0,110.0,110.0,110.0,113.0,244.0,
2018-04-15 00:00:00,0.0,621.0,154.0,0.0,621.0,151.0,,,,,,,1.0,610.0,155.0,0.0,607.0,156.0,0.0,617.0,150.0,110.0,110.0,110.0,113.0,263.0,
2018-04-15 01:00:00,0.0,620.0,153.0,0.0,620.0,151.0,,617.0,151.0,,,,1.0,609.0,154.0,0.0,607.0,156.0,0.0,615.0,150.0,110.0,110.0,110.0,113.0,273.0,
2018-04-15 02:00:00,0.0,620.0,153.0,0.0,620.0,151.0,,,,,,,1.0,608.0,154.0,0.0,608.0,155.0,0.0,614.0,149.0,110.0,110.0,110.0,113.0,269.0,
2018-04-15 03:00:00,0.0,620.0,152.0,0.0,619.0,150.0,0.0,614.0,150.0,,,,1.0,607.0,153.0,0.0,606.0,155.0,0.0,613.0,149.0,110.0,110.0,110.0,113.0,244.0,
2018-04-15 04:00:00,0.0,620.0,152.0,0.0,619.0,150.0,,,,,,,1.0,606.0,153.0,0.0,604.0,154.0,0.0,611.0,148.0,108.0,111.0,110.0,112.0,280.0,
2018-04-15 05:00:00,0.0,620.0,151.0,0.0,618.0,149.0,0.0,611.0,150.0,,,,1.0,605.0,152.0,0.0,604.0,154.0,0.0,611.0,147.0,109.0,112.0,110.0,111.0,252.0,
2018-04-15 06:00:00,6.0,622.0,151.0,13.0,618.0,149.0,0.0,,,,,,1.0,605.0,152.0,0.0,604.0,153.0,5.0,610.0,147.0,110.0,110.0,110.0,110.0,238.0,
2018-04-15 07:00:00,40.0,626.0,151.0,81.0,622.0,149.0,9.0,,,,,,7.0,607.0,152.0,6.0,607.0,153.0,93.0,613.0,147.0,110.0,109.0,110.0,110.0,278.0,
2018-04-15 08:00:00,80.0,635.0,151.0,504.0,629.0,153.0,,625.0,148.0,,,,12.0,617.0,152.0,10.0,612.0,153.0,178.0,625.0,150.0,110.0,109.0,110.0,110.0,270.0,
2018-04-15 09:00:00,92.0,642.0,152.0,489.0,616.0,160.0,14.0,,,,,,10.0,627.0,153.0,13.0,623.0,153.0,179.0,624.0,154.0,110.0,108.0,110.0,110.0,236.0,
2018-04-15 10:00:00,103.0,647.0,153.0,249.0,609.0,162.0,,,,,,,10.0,630.0,153.0,20.0,627.0,154.0,119.0,622.0,155.0,110.0,108.0,110.0,110.0,229.0,
2018-04-15 11:00:00,104.0,647.0,153.0,133.0,607.0,162.0,34.0,640.0,151.0,,,,11.0,629.0,153.0,27.0,625.0,154.0,74.0,618.0,155.0,110.0,108.0,110.0,110.0,256.0,
2018-04-15 12:00:00,111.0,646.0,154.0,121.0,608.0,160.0,34.0,,,,,,13.0,628.0,153.0,35.0,624.0,154.0,73.0,617.0,155.0,110.0,109.0,110.0,110.0,251.0,
2018-04-15 13:00:00,112.0,643.0,155.0,126.0,610.0,160.0,50.0,639.0,152.0,,,,15.0,627.0,154.0,43.0,624.0,154.0,88.0,618.0,155.0,110.0,110.0,110.0,112.0,235.0,
2018-04-15 14:00:00,88.0,642.0,156.0,110.0,598.0,159.0,91.0,630.0,152.0,40.0,628.0,154.0,26.0,625.0,154.0,56.0,630.0,155.0,94.0,610.0,155.0,110.0,110.0,90.0,109.0,1042.0,
2018-04-15 15:00:00,78.0,639.0,157.0,105.0,586.0,158.0,126.0,620.0,156.0,57.0,617.0,158.0,43.0,612.0,157.0,102.0,601.0,159.0,88.0,601.0,155.0,110.0,110.0,82.0,107.0,562.0,
2018-04-15 16:00:00,70.0,650.0,159.0,75.0,589.0,156.0,127.0,613.0,157.0,23.0,613.0,160.0,20.0,609.0,158.0,49.0,600.0,161.0,62.0,601.0,155.0,110.0,114.0,80.0,132.0,390.0,112.0
2018-04-15 17:00:00,50.0,675.0,159.0,45.0,610.0,155.0,34.0,625.0,156.0,5.0,621.0,161.0,8.0,616.0,157.0,20.0,610.0,160.0,42.0,614.0,156.0,133.0,115.0,88.0,153.0,614.0,3802.0
2018-04-15 18:00:00,50.0,913.0,172.0,24.0,631.0,163.0,5.0,650.0,159.0,2.0,619.0,168.0,5.0,670.0,163.0,7.0,627.0,177.0,23.0,625.0,167.0,537.0,421.0,88.0,332.0,476.0,14335.0
2018-04-15 19:00:00,48.0,753.0,182.0,0.0,619.0,176.0,0.0,667.0,170.0,0.0,618.0,179.0,3.0,659.0,174.0,0.0,595.0,198.0,7.0,620.0,185.0,547.0,484.0,113.0,226.0,547.0,6272.0
2018-04-15 20:00:00,15.0,680.0,187.0,0.0,603.0,184.0,0.0,666.0,177.0,0.0,613.0,181.0,1.0,625.0,179.0,0.0,547.0,208.0,6.0,613.0,195.0,542.0,479.0,120.0,162.0,891.0,7723.0
2018-04-15 21:00:00,6.0,688.0,191.0,0.0,593.0,189.0,0.0,659.0,181.0,0.0,620.0,184.0,1.0,636.0,184.0,0.0,525.0,221.0,5.0,606.0,201.0,536.0,475.0,128.0,203.0,1593.0,5935.0
2018-04-15 22:00:00,16.0,672.0,195.0,0.0,593.0,193.0,0.0,656.0,185.0,0.0,635.0,187.0,1.0,633.0,190.0,0.0,496.0,235.0,3.0,614.0,204.0,493.0,452.0,127.0,244.0,348.0,4143.0
2018-04-15 23:00:00,1.0,630.0,198.0,0.0,603.0,189.0,0.0,659.0,183.0,0.0,644.0,183.0,1.0,633.0,189.0,0.0,517.0,225.0,0.0,623.0,199.0,283.0,285.0,152.0,168.0,206.0,
2018-04-16 00:00:00,1.0,617.0,192.0,0.0,610.0,184.0,0.0,667.0,180.0,0.0,651.0,182.0,1.0,627.0,185.0,0.0,542.0,209.0,0.0,633.0,192.0,200.0,203.0,147.0,146.0,246.0,
2018-04-16 01:00:00,1.0,614.0,187.0,0.0,611.0,181.0,0.0,669.0,178.0,0.0,665.0,182.0,1.0,621.0,183.0,0.0,558.0,200.0,0.0,641.0,188.0,164.0,167.0,141.0,138.0,220.0,
2018-04-16 02:00:00,1.0,616.0,184.0,0.0,610.0,180.0,0.0,665.0,176.0,0.0,674.0,182.0,1.0,615.0,182.0,0.0,573.0,194.0,0.0,645.0,185.0,148.0,150.0,136.0,134.0,236.0,
2018-04-16 03:00:00,1.0,619.0,181.0,0.0,610.0,178.0,0.0,662.0,175.0,0.0,678.0,181.0,1.0,611.0,181.0,0.0,583.0,189.0,0.0,651.0,183.0,137.0,139.0,132.0,131.0,252.0,
2018-04-16 04:00:00,1.0,624.0,179.0,0.0,610.0,177.0,0.0,660.0,175.0,0.0,684.0,180.0,1.0,614.0,180.0,0.0,592.0,186.0,0.0,652.0,181.0,134.0,134.0,130.0,129.0,220.0,
2018-04-16 05:00:00,0.0,632.0,177.0,0.0,610.0,176.0,0.0,658.0,174.0,0.0,693.0,180.0,1.0,615.0,179.0,0.0,596.0,183.0,0.0,650.0,179.0,130.0,130.0,130.0,128.0,279.0,
2018-04-16 06:00:00,2.0,641.0,176.0,1.0,612.0,175.0,0.0,659.0,173.0,0.0,691.0,180.0,1.0,617.0,178.0,0.0,602.0,182.0,0.0,649.0,178.0,129.0,128.0,126.0,127.0,255.0,
2018-04-16 07:00:00,14.0,645.0,175.0,20.0,615.0,174.0,0.0,658.0,173.0,0.0,660.0,178.0,2.0,620.0,177.0,1.0,608.0,180.0,0.0,649.0,176.0,125.0,126.0,125.0,125.0,224.0,
2018-04-16 08:00:00,82.0,848.0,181.0,64.0,630.0,174.0,25.0,663.0,173.0,0.0,633.0,177.0,6.0,634.0,177.0,10.0,628.0,180.0,16.0,650.0,176.0,429.0,146.0,88.0,299.0,387.0,6384.0
2018-04-16 09:00:00,101.0,770.0,182.0,288.0,635.0,177.0,38.0,664.0,173.0,14.0,641.0,177.0,12.0,639.0,177.0,21.0,632.0,180.0,119.0,652.0,177.0,336.0,178.0,116.0,216.0,338.0,
2018-04-16 10:00:00,77.0,692.0,180.0,93.0,626.0,177.0,18.0,657.0,173.0,11.0,646.0,177.0,11.0,642.0,177.0,20.0,636.0,179.0,56.0,659.0,177.0,206.0,166.0,132.0,154.0,251.0,
2018-04-16 11:00:00,111.0,673.0,178.0,129.0,622.0,177.0,21.0,650.0,172.0,17.0,640.0,177.0,15.0,637.0,177.0,29.0,635.0,178.0,77.0,657.0,176.0,162.0,149.0,133.0,136.0,273.0,
2018-04-16 12:00:00,104.0,668.0,177.0,102.0,620.0,177.0,31.0,649.0,172.0,17.0,637.0,176.0,15.0,632.0,177.0,30.0,630.0,178.0,68.0,656.0,176.0,143.0,139.0,130.0,131.0,266.0,
2018-04-16 13:00:00,94.0,665.0,177.0,85.0,619.0,176.0,0.0,643.0,172.0,19.0,632.0,176.0,16.0,627.0,176.0,32.0,628.0,177.0,64.0,653.0,175.0,186.0,149.0,126.0,129.0,295.0,5710.0
2018-04-16 14:00:00,79.0,693.0,182.0,84.0,614.0,184.0,0.0,637.0,179.0,32.0,649.0,182.0,21.0,630.0,183.0,48.0,591.0,196.0,122.0,629.0,189.0,554.0,484.0,142.0,142.0,365.0,8512.0
2018-04-16 15:00:00,68.0,659.0,191.0,68.0,596.0,193.0,0.0,622.0,185.0,27.0,624.0,188.0,21.0,611.0,190.0,40.0,530.0,212.0,96.0,599.0,202.0,522.0,470.0,136.0,205.0,348.0,5370.0
2018-04-16 16:00:00,71.0,647.0,197.0,85.0,590.0,198.0,0.0,604.0,195.0,68.0,621.0,190.0,37.0,607.0,194.0,69.0,521.0,220.0,135.0,593.0,209.0,510.0,464.0,142.0,195.0,288.0,6160.0
2018-04-16 17:00:00,58.0,647.0,202.0,45.0,602.0,200.0,0.0,615.0,198.0,21.0,667.0,192.0,19.0,693.0,198.0,35.0,579.0,236.0,50.0,585.0,210.0,459.0,414.0,138.0,178.0,364.0,4255.0
2018-04-16 18:00:00,30.0,673.0,205.0,20.0,605.0,200.0,0.0,632.0,196.0,6.0,651.0,193.0,7.0,631.0,199.0,10.0,545.0,229.0,23.0,583.0,211.0,373.0,353.0,137.0,245.0,2082.0,1006.0
2018-04-16 19:00:00,15.0,597.0,203.0,2.0,572.0,196.0,0.0,647.0,193.0,0.0,621.0,192.0,2.0,580.0,197.0,3.0,471.0,225.0,6.0,549.0,205.0,411.0,255.0,101.0,273.0,3063.0,560.0
2018-04-16 20:00:00,1.0,588.0,200.0,0.0,582.0,195.0,0.0,651.0,189.0,0.0,606.0,191.0,1.0,588.0,197.0,0.0,502.0,224.0,5.0,569.0,201.0,278.0,209.0,100.0,176.0,1406.0,
2018-04-16 21:00:00,15.0,611.0,197.0,0.0,600.0,194.0,0.0,647.0,188.0,0.0,616.0,191.0,1.0,600.0,196.0,0.0,530.0,215.0,5.0,582.0,201.0,196.0,177.0,109.0,190.0,349.0,224.0
2018-04-16 22:00:00,7.0,676.0,194.0,0.0,608.0,193.0,0.0,653.0,186.0,0.0,622.0,190.0,1.0,605.0,195.0,0.0,547.0,209.0,3.0,571.0,197.0,245.0,163.0,115.0,213.0,256.0,2352.0
2018-04-16 23:00:00,1.0,693.0,193.0,0.0,635.0,191.0,0.0,656.0,185.0,0.0,629.0,189.0,1.0,655.0,194.0,0.0,582.0,204.0,5.0,590.0,196.0,408.0,186.0,128.0,223.0,386.0,
2018-04-17 00:00:00,3.0,655.0,191.0,0.0,621.0,190.0,0.0,653.0,184.0,0.0,631.0,188.0,1.0,634.0,192.0,0.0,594.0,200.0,4.0,604.0,195.0,229.0,176.0,143.0,156.0,362.0,
2018-04-17 01:00:00,1.0,646.0,189.0,0.0,615.0,189.0,0.0,651.0,183.0,0.0,642.0,188.0,1.0,622.0,191.0,0.0,596.0,198.0,0.0,583.0,193.0,179.0,161.0,143.0,144.0,239.0,
2018-04-17 02:00:00,1.0,636.0,187.0,0.0,609.0,188.0,0.0,649.0,182.0,0.0,658.0,188.0,1.0,609.0,190.0,0.0,592.0,195.0,0.0,580.0,191.0,155.0,149.0,140.0,139.0,240.0,
2018-04-17 03:00:00,1.0,637.0,186.0,0.0,606.0,186.0,0.0,649.0,181.0,0.0,669.0,187.0,1.0,604.0,189.0,0.0,590.0,193.0,0.0,580.0,189.0,145.0,142.0,136.0,136.0,229.0,
2018-04-17 04:00:00,0.0,634.0,184.0,0.0,601.0,185.0,0.0,650.0,181.0,0.0,675.0,187.0,1.0,599.0,187.0,0.0,589.0,191.0,0.0,578.0,187.0,139.0,138.0,135.0,134.0,244.0,
2018-04-17 05:00:00,0.0,630.0,182.0,0.0,599.0,184.0,0.0,650.0,180.0,0.0,688.0,187.0,1.0,598.0,186.0,0.0,586.0,190.0,0.0,578.0,186.0,135.0,134.0,134.0,133.0,212.0,
2018-04-17 06:00:00,1.0,637.0,181.0,0.0,597.0,183.0,0.0,648.0,179.0,0.0,669.0,185.0,1.0,601.0,185.0,0.0,588.0,188.0,0.0,582.0,184.0,135.0,133.0,130.0,132.0,240.0,
2018-04-17 07:00:00,15.0,640.0,180.0,0.0,598.0,182.0,0.0,648.0,178.0,0.0,635.0,184.0,2.0,602.0,184.0,2.0,592.0,187.0,0.0,585.0,183.0,130.0,131.0,129.0,130.0,246.0,
2018-04-17 08:00:00,63.0,647.0,181.0,30.0,603.0,182.0,13.0,639.0,178.0,5.0,600.0,181.0,9.0,606.0,183.0,16.0,616.0,187.0,16.0,587.0,183.0,130.0,130.0,103.0,129.0,421.0,224.0
2018-04-17 09:00:00,80.0,728.0,183.0,120.0,613.0,183.0,16.0,644.0,178.0,9.0,625.0,181.0,13.0,623.0,183.0,21.0,621.0,186.0,53.0,598.0,182.0,251.0,146.0,108.0,184.0,263.0,6826.0
2018-04-17 10:00:00,89.0,851.0,192.0,94.0,655.0,182.0,22.0,675.0,178.0,13.0,646.0,181.0,18.0,635.0,183.0,32.0,636.0,187.0,53.0,613.0,182.0,346.0,176.0,109.0,226.0,2032.0,784.0
2018-04-17 11:00:00,96.0,685.0,188.0,117.0,660.0,184.0,31.0,680.0,180.0,16.0,659.0,182.0,22.0,648.0,185.0,38.0,595.0,203.0,69.0,626.0,182.0,252.0,171.0,111.0,175.0,1043.0,448.0
2018-04-17 12:00:00,82.0,701.0,185.0,80.0,642.0,184.0,33.0,662.0,180.0,17.0,649.0,182.0,17.0,636.0,186.0,35.0,594.0,198.0,65.0,661.0,182.0,277.0,168.0,96.0,186.0,1738.0,112.0
2018-04-17 13:00:00,72.0,688.0,184.0,85.0,648.0,184.0,62.0,663.0,180.0,37.0,647.0,182.0,25.0,644.0,186.0,55.0,612.0,195.0,85.0,665.0,182.0,190.0,158.0,113.0,157.0,472.0,
2018-04-17 14:00:00,57.0,690.0,184.0,108.0,653.0,184.0,102.0,659.0,181.0,78.0,649.0,184.0,35.0,652.0,186.0,71.0,631.0,194.0,110.0,667.0,182.0,164.0,149.0,110.0,143.0,260.0,
2018-04-17 15:00:00,57.0,677.0,183.0,84.0,649.0,184.0,316.0,630.0,185.0,107.0,637.0,187.0,51.0,632.0,186.0,93.0,598.0,192.0,96.0,657.0,182.0,148.0,145.0,120.0,138.0,274.0,
2018-04-17 16:00:00,40.0,654.0,182.0,64.0,629.0,184.0,247.0,590.0,186.0,69.0,577.0,190.0,53.0,609.0,185.0,123.0,623.0,191.0,92.0,612.0,182.0,142.0,142.0,98.0,135.0,812.0,1344.0
2018-04-17 17:00:00,41.0,698.0,184.0,38.0,647.0,185.0,18.0,622.0,190.0,38.0,610.0,191.0,121.0,660.0,188.0,97.0,643.0,197.0,65.0,642.0,183.0,142.0,142.0,114.0,175.0,651.0,112.0
2018-04-17 18:00:00,34.0,683.0,185.0,14.0,643.0,184.0,4.0,639.0,188.0,9.0,616.0,190.0,56.0,645.0,188.0,48.0,624.0,195.0,19.0,651.0,184.0,144.0,143.0,105.0,167.0,758.0,
2018-04-17 19:00:00,2.0,692.0,185.0,0.0,671.0,185.0,0.0,651.0,184.0,0.0,616.0,189.0,2.0,652.0,188.0,4.0,628.0,200.0,6.0,691.0,186.0,326.0,153.0,95.0,238.0,2918.0,559.0
2018-04-17 20:00:00,25.0,912.0,192.0,0.0,667.0,186.0,0.0,655.0,183.0,0.0,632.0,189.0,1.0,652.0,190.0,0.0,585.0,208.0,5.0,699.0,187.0,489.0,175.0,99.0,296.0,1323.0,5040.0
2018-04-17 21:00:00,1.0,744.0,189.0,0.0,681.0,186.0,0.0,661.0,182.0,0.0,628.0,187.0,1.0,675.0,190.0,0.0,612.0,204.0,5.0,677.0,186.0,438.0,201.0,120.0,249.0,445.0,784.0
2018-04-17 22:00:00,1.0,699.0,187.0,0.0,671.0,185.0,0.0,660.0,182.0,0.0,608.0,185.0,1.0,660.0,189.0,0.0,618.0,200.0,5.0,675.0,186.0,249.0,186.0,139.0,161.0,389.0,
2018-04-17 23:00:00,2.0,689.0,185.0,0.0,661.0,184.0,0.0,659.0,181.0,0.0,606.0,184.0,1.0,651.0,188.0,0.0,616.0,196.0,5.0,668.0,186.0,181.0,164.0,140.0,145.0,340.0,
2018-04-18 00:00:00,1.0,685.0,184.0,0.0,656.0,184.0,0.0,658.0,181.0,0.0,610.0,184.0,1.0,647.0,187.0,0.0,615.0,194.0,2.0,659.0,185.0,158.0,152.0,140.0,141.0,297.0,
2018-04-18 01:00:00,1.0,682.0,183.0,0.0,653.0,183.0,0.0,658.0,180.0,0.0,621.0,183.0,1.0,643.0,186.0,0.0,614.0,193.0,0.0,653.0,183.0,147.0,144.0,139.0,138.0,280.0,
2018-04-18 02:00:00,1.0,676.0,181.0,0.0,649.0,182.0,0.0,658.0,179.0,0.0,632.0,183.0,1.0,639.0,185.0,0.0,612.0,191.0,0.0,649.0,182.0,141.0,140.0,135.0,137.0,264.0,
2018-04-18 03:00:00,1.0,675.0,180.0,0.0,647.0,181.0,0.0,660.0,179.0,0.0,637.0,183.0,1.0,636.0,184.0,0.0,612.0,190.0,0.0,645.0,181.0,163.0,153.0,135.0,135.0,248.0,1008.0
2018-04-18 04:00:00,1.0,675.0,181.0,0.0,646.0,180.0,0.0,661.0,179.0,0.0,635.0,183.0,1.0,638.0,184.0,0.0,613.0,190.0,0.0,641.0,181.0,178.0,169.0,139.0,138.0,217.0,896.0
2018-04-18 05:00:00,3.0,672.0,182.0,0.0,647.0,180.0,0.0,662.0,178.0,0.0,645.0,184.0,1.0,640.0,184.0,0.0,613.0,190.0,0.0,639.0,181.0,178.0,177.0,140.0,138.0,258.0,
2018-04-18 06:00:00,11.0,669.0,182.0,0.0,647.0,180.0,0.0,664.0,178.0,0.0,655.0,183.0,2.0,640.0,183.0,2.0,614.0,190.0,0.0,640.0,181.0,189.0,180.0,140.0,138.0,247.0,1008.0
2018-04-18 07:00:00,65.0,754.0,186.0,38.0,684.0,180.0,4.0,692.0,178.0,1.0,659.0,184.0,8.0,663.0,184.0,10.0,636.0,191.0,10.0,648.0,182.0,433.0,202.0,105.0,244.0,335.0,3024.0
2018-04-18 08:00:00,50.0,693.0,185.0,74.0,675.0,181.0,7.0,681.0,179.0,6.0,645.0,183.0,10.0,654.0,184.0,14.0,628.0,191.0,46.0,655.0,181.0,264.0,190.0,129.0,176.0,222.0,224.0
2018-04-18 09:00:00,100.0,684.0,185.0,138.0,672.0,181.0,20.0,681.0,179.0,18.0,647.0,183.0,21.0,660.0,183.0,36.0,646.0,190.0,103.0,655.0,182.0,206.0,188.0,118.0,245.0,391.0,1232.0
2018-04-18 10:00:00,79.0,690.0,186.0,92.0,665.0,183.0,21.0,684.0,180.0,16.0,648.0,183.0,21.0,669.0,184.0,35.0,651.0,191.0,67.0,661.0,184.0,308.0,180.0,137.0,232.0,229.0,224.0
2018-04-18 11:00:00,79.0,680.0,185.0,49.0,688.0,182.0,17.0,710.0,179.0,11.0,645.0,183.0,15.0,659.0,184.0,29.0,684.0,192.0,41.0,652.0,182.0,221.0,169.0,102.0,165.0,652.0,896.0
2018-04-18 12:00:00,54.0,697.0,184.0,48.0,710.0,182.0,12.0,719.0,180.0,5.0,669.0,182.0,10.0,669.0,185.0,18.0,671.0,196.0,50.0,672.0,182.0,173.0,157.0,113.0,144.0,923.0,
2018-04-18 13:00:00,60.0,701.0,184.0,56.0,680.0,182.0,9.0,696.0,179.0,1.0,666.0,182.0,9.0,665.0,184.0,18.0,641.0,194.0,54.0,667.0,182.0,308.0,240.0,113.0,139.0,976.0,8623.0
2018-04-18 14:00:00,97.0,718.0,194.0,93.0,666.0,190.0,45.0,674.0,187.0,11.0,661.0,188.0,20.0,665.0,191.0,50.0,599.0,212.0,94.0,647.0,193.0,419.0,382.0,143.0,152.0,254.0,2576.0
2018-04-18 15:00:00,82.0,695.0,199.0,71.0,663.0,192.0,41.0,666.0,190.0,9.0,659.0,190.0,10.0,662.0,192.0,44.0,563.0,215.0,81.0,636.0,197.0,350.0,327.0,127.0,214.0,298.0,1903.0
2018-04-18 16:00:00,61.0,675.0,202.0,53.0,657.0,192.0,77.0,661.0,191.0,27.0,658.0,191.0,21.0,637.0,192.0,62.0,545.0,213.0,84.0,623.0,199.0,311.0,293.0,158.0,166.0,256.0,1680.0
2018-04-18 17:00:00,39.0,657.0,202.0,30.0,655.0,191.0,39.0,659.0,192.0,12.0,651.0,191.0,22.0,640.0,194.0,52.0,547.0,220.0,43.0,615.0,199.0,410.0,259.0,119.0,201.0,287.0,2800.0
2018-04-18 18:00:00,26.0,636.0,199.0,7.0,654.0,190.0,2.0,663.0,189.0,0.0,643.0,190.0,4.0,634.0,193.0,6.0,560.0,213.0,9.0,617.0,197.0,369.0,213.0,112.0,237.0,498.0,7615.0
2018-04-18 19:00:00,51.0,942.0,207.0,0.0,675.0,190.0,0.0,686.0,188.0,0.0,657.0,190.0,3.0,651.0,194.0,7.0,600.0,209.0,3.0,632.0,196.0,521.0,257.0,133.0,250.0,312.0,784.0
2018-04-18 20:00:00,19.0,922.0,218.0,0.0,738.0,194.0,0.0,687.0,190.0,0.0,727.0,193.0,2.0,737.0,198.0,3.0,647.0,227.0,4.0,648.0,202.0,402.0,356.0,109.0,262.0,699.0,5712.0
2018-04-18 21:00:00,8.0,748.0,212.0,0.0,732.0,195.0,0.0,682.0,191.0,0.0,734.0,195.0,1.0,719.0,199.0,0.0,620.0,224.0,1.0,663.0,201.0,250.0,251.0,105.0,180.0,1274.0,
2018-04-18 22:00:00,1.0,722.0,205.0,0.0,711.0,194.0,0.0,689.0,190.0,0.0,716.0,194.0,1.0,694.0,199.0,0.0,622.0,216.0,0.0,659.0,198.0,193.0,195.0,128.0,147.0,230.0,
2018-04-18 23:00:00,0.0,709.0,199.0,0.0,695.0,193.0,0.0,,,0.0,708.0,194.0,1.0,678.0,198.0,0.0,621.0,211.0,0.0,659.0,195.0,168.0,170.0,130.0,142.0,230.0,
2018-04-19 00:00:00,0.0,703.0,196.0,0.0,684.0,192.0,0.0,685.0,188.0,0.0,706.0,193.0,1.0,667.0,197.0,0.0,626.0,207.0,0.0,658.0,194.0,156.0,157.0,130.0,140.0,243.0,
2018-04-19 01:00:00,1.0,701.0,194.0,0.0,676.0,191.0,,,,0.0,693.0,193.0,1.0,660.0,196.0,0.0,626.0,204.0,0.0,656.0,192.0,150.0,150.0,130.0,138.0,229.0,
2018-04-19 02:00:00,0.0,696.0,192.0,0.0,671.0,190.0,0.0,679.0,187.0,0.0,685.0,193.0,1.0,654.0,195.0,0.0,629.0,201.0,0.0,653.0,191.0,145.0,146.0,128.0,138.0,256.0,
2018-04-19 03:00:00,1.0,693.0,191.0,0.0,666.0,189.0,0.0,678.0,186.0,0.0,681.0,192.0,1.0,650.0,194.0,0.0,630.0,199.0,0.0,652.0,190.0,145.0,143.0,125.0,136.0,215.0,
2018-04-19 04:00:00,1.0,689.0,189.0,0.0,662.0,189.0,0.0,678.0,186.0,0.0,679.0,191.0,1.0,647.0,193.0,0.0,631.0,197.0,0.0,650.0,189.0,141.0,141.0,125.0,135.0,255.0,
2018-04-19 05:00:00,8.0,687.0,188.0,0.0,660.0,188.0,,,,0.0,671.0,190.0,2.0,645.0,192.0,1.0,630.0,196.0,0.0,650.0,188.0,140.0,140.0,125.0,135.0,216.0,
2018-04-19 06:00:00,44.0,688.0,188.0,2.0,658.0,188.0,,,,0.0,667.0,190.0,11.0,644.0,191.0,10.0,631.0,195.0,1.0,659.0,188.0,140.0,139.0,125.0,135.0,334.0,
2018-04-19 07:00:00,111.0,840.0,193.0,46.0,660.0,192.0,6.0,702.0,185.0,1.0,668.0,190.0,13.0,671.0,192.0,19.0,658.0,195.0,16.0,670.0,192.0,336.0,151.0,108.0,243.0,595.0,4368.0
2018-04-19 08:00:00,107.0,758.0,193.0,386.0,655.0,199.0,8.0,700.0,187.0,14.0,672.0,190.0,19.0,674.0,193.0,25.0,662.0,195.0,232.0,655.0,196.0,356.0,187.0,101.0,217.0,996.0,112.0
2018-04-19 09:00:00,117.0,707.0,192.0,200.0,645.0,201.0,11.0,690.0,188.0,20.0,665.0,191.0,19.0,665.0,194.0,33.0,656.0,196.0,154.0,647.0,198.0,219.0,176.0,122.0,159.0,336.0,
2018-04-19 10:00:00,129.0,691.0,192.0,105.0,638.0,199.0,13.0,679.0,188.0,20.0,650.0,190.0,17.0,649.0,193.0,39.0,636.0,195.0,86.0,634.0,197.0,178.0,164.0,121.0,201.0,265.0,336.0
2018-04-19 11:00:00,100.0,684.0,192.0,85.0,643.0,197.0,25.0,690.0,188.0,14.0,645.0,190.0,19.0,661.0,193.0,39.0,689.0,199.0,78.0,622.0,195.0,164.0,159.0,125.0,176.0,463.0,448.0
2018-04-19 12:00:00,65.0,685.0,191.0,56.0,648.0,196.0,26.0,686.0,189.0,10.0,664.0,191.0,15.0,665.0,194.0,28.0,657.0,199.0,56.0,647.0,195.0,155.0,154.0,134.0,151.0,361.0,
2018-04-19 13:00:00,74.0,705.0,191.0,65.0,653.0,195.0,36.0,686.0,189.0,14.0,669.0,192.0,17.0,667.0,194.0,34.0,661.0,197.0,71.0,652.0,195.0,340.0,163.0,123.0,239.0,250.0,448.0
2018-04-19 14:00:00,71.0,736.0,191.0,60.0,653.0,194.0,57.0,679.0,189.0,25.0,665.0,192.0,23.0,665.0,193.0,46.0,656.0,197.0,82.0,647.0,194.0,272.0,177.0,144.0,177.0,257.0,
2018-04-19 15:00:00,57.0,719.0,191.0,46.0,650.0,194.0,49.0,673.0,190.0,19.0,651.0,193.0,27.0,644.0,193.0,52.0,625.0,195.0,54.0,635.0,194.0,194.0,164.0,119.0,165.0,1320.0,112.0
2018-04-19 16:00:00,48.0,725.0,191.0,61.0,634.0,193.0,228.0,659.0,191.0,65.0,627.0,194.0,57.0,622.0,193.0,144.0,599.0,196.0,120.0,616.0,193.0,280.0,160.0,103.0,228.0,1068.0,4480.0
2018-04-19 17:00:00,66.0,802.0,201.0,39.0,660.0,195.0,177.0,670.0,195.0,44.0,644.0,198.0,157.0,646.0,197.0,143.0,606.0,201.0,111.0,645.0,194.0,523.0,246.0,110.0,278.0,1242.0,1904.0
2018-04-19 18:00:00,48.0,686.0,211.0,15.0,627.0,196.0,0.0,678.0,195.0,20.0,621.0,199.0,119.0,599.0,199.0,111.0,550.0,208.0,39.0,638.0,195.0,292.0,221.0,116.0,202.0,1458.0,112.0
2018-04-19 19:00:00,31.0,630.0,215.0,1.0,634.0,196.0,0.0,676.0,193.0,0.0,624.0,198.0,3.0,606.0,199.0,1.0,549.0,209.0,7.0,649.0,196.0,234.0,189.0,100.0,199.0,1434.0,112.0
2018-04-19 20:00:00,5.0,645.0,216.0,0.0,656.0,196.0,0.0,669.0,191.0,0.0,635.0,198.0,1.0,638.0,199.0,0.0,598.0,208.0,6.0,660.0,198.0,330.0,181.0,116.0,229.0,899.0,
2018-04-19 21:00:00,5.0,637.0,210.0,0.0,653.0,195.0,0.0,643.0,191.0,0.0,641.0,197.0,1.0,640.0,199.0,0.0,605.0,206.0,5.0,660.0,198.0,223.0,175.0,107.0,165.0,555.0,112.0
2018-04-19 22:00:00,0.0,650.0,205.0,0.0,648.0,195.0,0.0,649.0,190.0,0.0,647.0,196.0,1.0,636.0,198.0,0.0,609.0,204.0,5.0,660.0,198.0,183.0,165.0,128.0,157.0,391.0,
2018-04-19 23:00:00,1.0,653.0,201.0,0.0,646.0,194.0,0.0,657.0,190.0,0.0,650.0,195.0,1.0,635.0,197.0,0.0,611.0,202.0,5.0,660.0,199.0,164.0,158.0,139.0,150.0,385.0,
2018-04-20 00:00:00,0.0,649.0,198.0,0.0,644.0,193.0,0.0,663.0,190.0,0.0,653.0,194.0,1.0,633.0,197.0,0.0,611.0,200.0,5.0,657.0,199.0,155.0,152.0,140.0,147.0,414.0,
2018-04-20 01:00:00,0.0,653.0,196.0,0.0,647.0,193.0,0.0,666.0,190.0,0.0,659.0,194.0,1.0,633.0,196.0,0.0,615.0,199.0,2.0,645.0,198.0,151.0,149.0,140.0,145.0,322.0,
2018-04-20 02:00:00,0.0,656.0,195.0,0.0,648.0,192.0,0.0,669.0,189.0,0.0,667.0,194.0,1.0,632.0,195.0,0.0,619.0,198.0,0.0,625.0,195.0,148.0,147.0,140.0,144.0,268.0,
2018-04-20 03:00:00,1.0,654.0,193.0,0.0,642.0,191.0,0.0,669.0,189.0,0.0,679.0,193.0,1.0,627.0,194.0,0.0,618.0,197.0,0.0,619.0,193.0,145.0,145.0,141.0,143.0,241.0,
2018-04-20 04:00:00,1.0,652.0,192.0,0.0,639.0,190.0,0.0,671.0,188.0,0.0,684.0,193.0,1.0,623.0,193.0,0.0,615.0,195.0,0.0,617.0,192.0,145.0,143.0,140.0,143.0,227.0,
2018-04-20 05:00:00,11.0,655.0,191.0,0.0,638.0,190.0,0.0,671.0,188.0,0.0,684.0,193.0,3.0,624.0,193.0,3.0,616.0,194.0,0.0,620.0,190.0,144.0,142.0,140.0,143.0,227.0,
2018-04-20 06:00:00,60.0,845.0,194.0,3.0,641.0,191.0,0.0,676.0,187.0,0.0,658.0,192.0,14.0,645.0,192.0,10.0,640.0,194.0,1.0,641.0,190.0,384.0,165.0,114.0,276.0,277.0,896.0
2018-04-20 07:00:00,86.0,774.0,194.0,11.0,636.0,195.0,10.0,674.0,188.0,1.0,639.0,191.0,13.0,657.0,193.0,24.0,647.0,198.0,2.0,648.0,193.0,282.0,177.0,112.0,167.0,1867.0,
2018-04-20 08:00:00,124.0,880.0,199.0,146.0,627.0,201.0,23.0,742.0,190.0,5.0,641.0,191.0,12.0,705.0,195.0,24.0,590.0,207.0,77.0,634.0,197.0,509.0,197.0,93.0,284.0,1190.0,7056.0
2018-04-20 09:00:00,159.0,727.0,198.0,231.0,620.0,202.0,14.0,669.0,191.0,11.0,651.0,193.0,18.0,632.0,196.0,30.0,590.0,205.0,150.0,623.0,199.0,283.0,203.0,129.0,174.0,981.0,
2018-04-20 10:00:00,155.0,683.0,196.0,91.0,620.0,201.0,15.0,660.0,190.0,10.0,646.0,193.0,15.0,632.0,196.0,32.0,599.0,202.0,64.0,614.0,198.0,196.0,177.0,141.0,153.0,256.0,
2018-04-20 11:00:00,151.0,661.0,194.0,84.0,620.0,198.0,22.0,655.0,189.0,13.0,639.0,192.0,16.0,625.0,195.0,37.0,595.0,200.0,78.0,611.0,196.0,170.0,163.0,145.0,148.0,278.0,
2018-04-20 12:00:00,138.0,648.0,193.0,85.0,622.0,197.0,49.0,648.0,189.0,20.0,630.0,192.0,19.0,618.0,194.0,42.0,591.0,199.0,108.0,611.0,194.0,156.0,153.0,145.0,145.0,285.0,
2018-04-20 13:00:00,124.0,642.0,192.0,92.0,621.0,195.0,83.0,635.0,189.0,33.0,619.0,192.0,24.0,611.0,194.0,56.0,585.0,198.0,123.0,612.0,194.0,149.0,148.0,144.0,144.0,345.0,
2018-04-20 14:00:00,60.0,645.0,192.0,113.0,620.0,195.0,118.0,637.0,190.0,57.0,623.0,194.0,29.0,615.0,194.0,65.0,590.0,198.0,117.0,622.0,194.0,145.0,146.0,125.0,144.0,262.0,112.0
2018-04-20 15:00:00,69.0,658.0,192.0,96.0,625.0,195.0,205.0,633.0,192.0,85.0,621.0,197.0,44.0,622.0,195.0,81.0,593.0,198.0,109.0,620.0,194.0,145.0,148.0,124.0,152.0,234.0,
2018-04-20 16:00:00,40.0,655.0,193.0,57.0,630.0,195.0,225.0,627.0,195.0,67.0,616.0,199.0,39.0,625.0,195.0,93.0,603.0,199.0,85.0,627.0,193.0,145.0,148.0,121.0,155.0,412.0,
2018-04-20 17:00:00,42.0,667.0,192.0,36.0,634.0,195.0,48.0,630.0,195.0,29.0,615.0,199.0,49.0,629.0,196.0,65.0,605.0,201.0,59.0,639.0,195.0,145.0,148.0,116.0,159.0,383.0,112.0
2018-04-20 18:00:00,37.0,680.0,192.0,16.0,631.0,194.0,0.0,654.0,194.0,15.0,606.0,199.0,16.0,617.0,196.0,87.0,589.0,207.0,32.0,629.0,195.0,145.0,147.0,116.0,148.0,615.0,1232.0
2018-04-20 19:00:00,4.0,729.0,193.0,1.0,709.0,195.0,0.0,657.0,192.0,0.0,623.0,198.0,2.0,674.0,197.0,0.0,667.0,213.0,7.0,653.0,195.0,145.0,145.0,128.0,149.0,248.0,336.0
2018-04-20 20:00:00,9.0,706.0,192.0,0.0,663.0,193.0,0.0,658.0,191.0,0.0,619.0,197.0,1.0,647.0,195.0,0.0,619.0,205.0,4.0,652.0,194.0,226.0,149.0,125.0,189.0,393.0,336.0
2018-04-20 21:00:00,1.0,694.0,191.0,0.0,653.0,193.0,0.0,658.0,190.0,0.0,637.0,196.0,1.0,644.0,194.0,0.0,622.0,201.0,0.0,631.0,193.0,352.0,179.0,111.0,211.0,2368.0,
2018-04-20 22:00:00,0.0,681.0,190.0,0.0,644.0,192.0,0.0,658.0,190.0,0.0,651.0,196.0,1.0,634.0,194.0,0.0,614.0,200.0,0.0,626.0,192.0,222.0,171.0,114.0,156.0,863.0,
2018-04-20 23:00:00,0.0,672.0,188.0,0.0,635.0,192.0,0.0,657.0,189.0,0.0,662.0,195.0,1.0,627.0,193.0,0.0,605.0,199.0,0.0,624.0,191.0,173.0,158.0,135.0,145.0,236.0,
2018-04-21 00:00:00,0.0,665.0,188.0,0.0,631.0,191.0,0.0,657.0,188.0,0.0,667.0,195.0,1.0,623.0,192.0,0.0,600.0,198.0,0.0,621.0,190.0,155.0,150.0,136.0,143.0,256.0,
2018-04-21 01:00:00,1.0,655.0,187.0,0.0,631.0,190.0,0.0,656.0,188.0,0.0,673.0,194.0,1.0,620.0,191.0,0.0,598.0,196.0,0.0,620.0,189.0,148.0,145.0,140.0,142.0,239.0,
2018-04-21 02:00:00,1.0,648.0,186.0,0.0,629.0,189.0,0.0,658.0,187.0,0.0,677.0,194.0,1.0,615.0,190.0,0.0,597.0,194.0,0.0,617.0,187.0,145.0,143.0,140.0,140.0,301.0,
2018-04-21 03:00:00,1.0,644.0,185.0,0.0,626.0,188.0,0.0,658.0,186.0,0.0,681.0,193.0,1.0,613.0,189.0,0.0,596.0,193.0,0.0,615.0,186.0,140.0,140.0,140.0,140.0,257.0,
2018-04-21 04:00:00,1.0,639.0,184.0,0.0,623.0,187.0,0.0,659.0,186.0,0.0,680.0,192.0,1.0,610.0,188.0,0.0,595.0,192.0,0.0,612.0,185.0,140.0,139.0,140.0,139.0,260.0,
2018-04-21 05:00:00,10.0,633.0,183.0,1.0,620.0,186.0,0.0,659.0,185.0,0.0,680.0,191.0,3.0,607.0,187.0,2.0,594.0,191.0,0.0,609.0,184.0,140.0,138.0,139.0,138.0,244.0,
2018-04-21 06:00:00,49.0,636.0,183.0,4.0,607.0,189.0,0.0,658.0,185.0,0.0,680.0,191.0,14.0,609.0,187.0,11.0,599.0,190.0,2.0,620.0,184.0,139.0,137.0,136.0,138.0,264.0,
2018-04-21 07:00:00,88.0,648.0,184.0,13.0,602.0,193.0,0.0,655.0,184.0,0.0,687.0,190.0,11.0,621.0,187.0,17.0,608.0,190.0,2.0,633.0,187.0,135.0,135.0,135.0,138.0,280.0,
2018-04-21 08:00:00,120.0,894.0,191.0,151.0,609.0,198.0,8.0,672.0,185.0,4.0,687.0,190.0,13.0,666.0,188.0,20.0,665.0,191.0,58.0,628.0,191.0,459.0,161.0,98.0,266.0,366.0,4255.0
2018-04-21 09:00:00,75.0,705.0,189.0,179.0,592.0,199.0,11.0,658.0,186.0,13.0,660.0,190.0,17.0,652.0,189.0,23.0,648.0,191.0,147.0,629.0,195.0,358.0,188.0,123.0,187.0,248.0,
2018-04-21 10:00:00,101.0,724.0,188.0,98.0,595.0,196.0,18.0,642.0,186.0,15.0,644.0,189.0,18.0,636.0,188.0,33.0,627.0,190.0,118.0,639.0,195.0,215.0,174.0,142.0,151.0,232.0,
2018-04-21 11:00:00,79.0,740.0,186.0,67.0,599.0,193.0,18.0,639.0,185.0,13.0,637.0,189.0,16.0,634.0,188.0,32.0,630.0,190.0,80.0,630.0,195.0,172.0,159.0,138.0,150.0,329.0,336.0
2018-04-21 12:00:00,72.0,666.0,186.0,79.0,599.0,192.0,29.0,619.0,185.0,22.0,637.0,189.0,18.0,606.0,187.0,50.0,584.0,190.0,74.0,592.0,192.0,158.0,154.0,129.0,175.0,524.0,
2018-04-21 13:00:00,59.0,631.0,185.0,92.0,574.0,191.0,20.0,575.0,185.0,67.0,560.0,189.0,20.0,544.0,187.0,76.0,502.0,189.0,83.0,550.0,191.0,150.0,149.0,139.0,147.0,284.0,
2018-04-21 14:00:00,59.0,586.0,185.0,135.0,558.0,190.0,54.0,555.0,191.0,176.0,535.0,193.0,28.0,552.0,187.0,112.0,525.0,191.0,105.0,551.0,190.0,194.0,150.0,123.0,205.0,262.0,224.0
2018-04-21 15:00:00,49.0,580.0,186.0,98.0,559.0,190.0,179.0,515.0,193.0,236.0,534.0,197.0,28.0,557.0,188.0,107.0,543.0,192.0,109.0,545.0,189.0,230.0,160.0,131.0,174.0,247.0,
2018-04-21 16:00:00,31.0,590.0,186.0,64.0,562.0,190.0,225.0,530.0,195.0,202.0,542.0,201.0,32.0,570.0,189.0,124.0,551.0,193.0,103.0,547.0,188.0,181.0,161.0,149.0,153.0,316.0,
2018-04-21 17:00:00,42.0,596.0,187.0,43.0,570.0,189.0,1.0,552.0,198.0,107.0,535.0,204.0,120.0,575.0,189.0,111.0,554.0,195.0,80.0,562.0,188.0,184.0,153.0,129.0,231.0,391.0,559.0
2018-04-21 18:00:00,43.0,604.0,188.0,16.0,580.0,189.0,0.0,569.0,197.0,53.0,539.0,204.0,61.0,583.0,190.0,82.0,562.0,195.0,29.0,571.0,189.0,176.0,157.0,141.0,165.0,677.0,
2018-04-21 19:00:00,3.0,592.0,188.0,1.0,572.0,189.0,0.0,597.0,194.0,0.0,541.0,201.0,2.0,573.0,191.0,0.0,542.0,198.0,6.0,565.0,189.0,162.0,154.0,145.0,150.0,1909.0,
2018-04-21 20:00:00,4.0,601.0,190.0,0.0,579.0,190.0,0.0,614.0,191.0,0.0,563.0,198.0,1.0,582.0,192.0,0.0,538.0,204.0,5.0,571.0,189.0,152.0,149.0,135.0,148.0,393.0,
2018-04-21 21:00:00,7.0,611.0,189.0,0.0,584.0,190.0,0.0,621.0,191.0,0.0,563.0,197.0,1.0,587.0,191.0,0.0,551.0,201.0,4.0,570.0,189.0,147.0,146.0,125.0,162.0,553.0,224.0
2018-04-21 22:00:00,1.0,634.0,188.0,0.0,599.0,190.0,0.0,629.0,190.0,0.0,582.0,196.0,1.0,598.0,191.0,0.0,569.0,199.0,4.0,583.0,189.0,149.0,147.0,110.0,194.0,1765.0,
2018-04-21 23:00:00,0.0,639.0,187.0,0.0,605.0,190.0,0.0,635.0,190.0,0.0,589.0,195.0,1.0,603.0,191.0,0.0,580.0,198.0,5.0,574.0,190.0,150.0,148.0,132.0,152.0,576.0,
2018-04-22 00:00:00,1.0,640.0,187.0,0.0,605.0,189.0,0.0,637.0,190.0,0.0,601.0,194.0,1.0,603.0,190.0,0.0,583.0,197.0,5.0,573.0,190.0,146.0,145.0,138.0,144.0,402.0,
2018-04-22 01:00:00,1.0,640.0,186.0,0.0,606.0,189.0,0.0,641.0,189.0,0.0,613.0,194.0,1.0,606.0,190.0,0.0,586.0,196.0,5.0,575.0,190.0,145.0,144.0,130.0,144.0,346.0,
2018-04-22 02:00:00,2.0,634.0,186.0,0.0,605.0,188.0,0.0,644.0,189.0,0.0,622.0,193.0,1.0,606.0,189.0,0.0,587.0,195.0,2.0,570.0,189.0,145.0,143.0,127.0,143.0,287.0,
2018-04-22 03:00:00,1.0,629.0,185.0,0.0,601.0,187.0,0.0,646.0,188.0,,,,1.0,602.0,188.0,0.0,580.0,194.0,0.0,570.0,187.0,145.0,143.0,134.0,142.0,222.0,
2018-04-22 04:00:00,1.0,630.0,185.0,0.0,602.0,187.0,0.0,649.0,188.0,,668.0,193.0,1.0,602.0,188.0,0.0,582.0,193.0,0.0,580.0,186.0,144.0,143.0,140.0,140.0,239.0,
2018-04-22 05:00:00,3.0,631.0,184.0,0.0,604.0,186.0,0.0,651.0,187.0,0.0,673.0,193.0,1.0,603.0,188.0,0.0,584.0,192.0,0.0,585.0,185.0,141.0,141.0,140.0,140.0,204.0,
2018-04-22 06:00:00,21.0,624.0,184.0,0.0,603.0,186.0,0.0,654.0,187.0,0.0,,,4.0,599.0,187.0,6.0,578.0,191.0,0.0,579.0,184.0,140.0,140.0,140.0,140.0,292.0,
2018-04-22 07:00:00,36.0,621.0,184.0,0.0,607.0,185.0,4.0,655.0,187.0,0.0,680.0,193.0,6.0,602.0,187.0,12.0,583.0,191.0,0.0,580.0,184.0,140.0,140.0,140.0,140.0,268.0,
2018-04-22 08:00:00,60.0,649.0,185.0,0.0,610.0,186.0,16.0,628.0,186.0,1.0,641.0,192.0,8.0,597.0,187.0,17.0,580.0,191.0,7.0,590.0,184.0,140.0,139.0,122.0,144.0,270.0,
2018-04-22 09:00:00,95.0,803.0,192.0,0.0,612.0,185.0,19.0,622.0,186.0,12.0,634.0,191.0,10.0,607.0,187.0,25.0,589.0,191.0,52.0,594.0,184.0,345.0,160.0,94.0,244.0,376.0,7950.0
2018-04-22 10:00:00,68.0,948.0,199.0,27.0,648.0,188.0,13.0,647.0,188.0,9.0,620.0,192.0,9.0,654.0,190.0,15.0,616.0,200.0,27.0,602.0,191.0,542.0,324.0,105.0,293.0,253.0,5926.0
2018-04-22 11:00:00,76.0,921.0,199.0,66.0,623.0,188.0,26.0,616.0,188.0,14.0,612.0,193.0,16.0,638.0,191.0,31.0,590.0,201.0,50.0,592.0,192.0,312.0,245.0,143.0,182.0,214.0,
2018-04-22 12:00:00,82.0,899.0,196.0,76.0,621.0,188.0,31.0,612.0,188.0,15.0,611.0,192.0,17.0,624.0,191.0,34.0,583.0,199.0,57.0,596.0,190.0,216.0,198.0,149.0,157.0,254.0,
2018-04-22 13:00:00,77.0,869.0,193.0,70.0,616.0,188.0,46.0,618.0,187.0,22.0,608.0,191.0,20.0,616.0,190.0,38.0,587.0,196.0,58.0,597.0,188.0,173.0,169.0,150.0,149.0,237.0,
2018-04-22 14:00:00,62.0,852.0,191.0,47.0,614.0,187.0,29.0,619.0,186.0,13.0,607.0,191.0,14.0,618.0,190.0,27.0,590.0,194.0,36.0,599.0,187.0,159.0,158.0,146.0,147.0,249.0,
2018-04-22 15:00:00,55.0,826.0,189.0,47.0,613.0,187.0,43.0,617.0,186.0,18.0,604.0,190.0,15.0,617.0,190.0,28.0,592.0,193.0,36.0,600.0,187.0,151.0,151.0,145.0,145.0,235.0,
2018-04-22 16:00:00,65.0,805.0,189.0,62.0,628.0,187.0,182.0,622.0,187.0,57.0,604.0,191.0,34.0,631.0,190.0,80.0,637.0,194.0,69.0,604.0,187.0,203.0,153.0,122.0,205.0,1120.0,3360.0
2018-04-22 17:00:00,60.0,902.0,193.0,28.0,750.0,189.0,65.0,732.0,190.0,17.0,641.0,194.0,24.0,747.0,193.0,38.0,767.0,204.0,34.0,654.0,192.0,606.0,257.0,86.0,329.0,690.0,9744.0
2018-04-22 18:00:00,12.0,789.0,199.0,5.0,733.0,190.0,0.0,712.0,190.0,2.0,647.0,195.0,6.0,710.0,193.0,8.0,692.0,201.0,8.0,654.0,194.0,327.0,229.0,122.0,215.0,895.0,112.0
2018-04-22 19:00:00,4.0,731.0,206.0,1.0,713.0,190.0,0.0,697.0,188.0,0.0,645.0,193.0,1.0,677.0,193.0,0.0,661.0,200.0,24.0,655.0,192.0,305.0,193.0,119.0,248.0,484.0,672.0
2018-04-22 20:00:00,9.0,696.0,209.0,0.0,694.0,189.0,0.0,682.0,187.0,0.0,640.0,192.0,1.0,657.0,192.0,0.0,650.0,197.0,5.0,649.0,190.0,246.0,182.0,120.0,215.0,523.0,896.0
2018-04-22 21:00:00,6.0,653.0,210.0,0.0,686.0,189.0,0.0,674.0,186.0,0.0,641.0,192.0,1.0,663.0,192.0,0.0,661.0,195.0,5.0,646.0,189.0,288.0,184.0,113.0,222.0,1328.0,
2018-04-22 22:00:00,0.0,648.0,205.0,0.0,678.0,189.0,0.0,667.0,185.0,0.0,633.0,191.0,1.0,656.0,192.0,0.0,660.0,194.0,5.0,640.0,189.0,209.0,176.0,132.0,161.0,725.0,
2018-04-22 23:00:00,11.0,658.0,199.0,0.0,671.0,188.0,0.0,661.0,184.0,0.0,628.0,189.0,1.0,651.0,192.0,0.0,645.0,194.0,0.0,640.0,188.0,176.0,162.0,130.0,156.0,277.0,
2018-04-23 00:00:00,0.0,658.0,195.0,0.0,669.0,187.0,0.0,653.0,183.0,0.0,642.0,189.0,1.0,646.0,191.0,0.0,636.0,193.0,0.0,642.0,187.0,160.0,154.0,138.0,150.0,220.0,
2018-04-23 01:00:00,0.0,659.0,191.0,0.0,668.0,186.0,0.0,648.0,183.0,0.0,652.0,189.0,1.0,640.0,190.0,0.0,633.0,191.0,0.0,640.0,186.0,151.0,149.0,140.0,144.0,258.0,
2018-04-23 02:00:00,0.0,658.0,188.0,0.0,668.0,185.0,0.0,642.0,182.0,0.0,653.0,188.0,1.0,633.0,189.0,0.0,625.0,190.0,0.0,638.0,185.0,146.0,145.0,140.0,143.0,219.0,
2018-04-23 03:00:00,1.0,653.0,186.0,0.0,669.0,184.0,0.0,633.0,180.0,0.0,651.0,188.0,1.0,626.0,188.0,0.0,620.0,188.0,0.0,637.0,183.0,144.0,142.0,140.0,141.0,253.0,
2018-04-23 04:00:00,1.0,652.0,184.0,0.0,667.0,183.0,0.0,629.0,179.0,0.0,649.0,187.0,1.0,623.0,186.0,0.0,618.0,187.0,0.0,636.0,182.0,140.0,140.0,140.0,140.0,207.0,
2018-04-23 05:00:00,20.0,715.0,186.0,1.0,664.0,182.0,7.0,649.0,179.0,0.0,650.0,187.0,3.0,623.0,185.0,2.0,621.0,186.0,0.0,636.0,181.0,232.0,151.0,129.0,175.0,307.0,4475.0
2018-04-23 06:00:00,47.0,755.0,197.0,165.0,671.0,186.0,7.0,693.0,180.0,4.0,654.0,188.0,36.0,667.0,187.0,9.0,684.0,186.0,161.0,647.0,185.0,512.0,249.0,102.0,255.0,592.0,1680.0
2018-04-23 07:00:00,28.0,655.0,194.0,60.0,669.0,185.0,7.0,671.0,181.0,5.0,631.0,187.0,10.0,660.0,186.0,9.0,664.0,186.0,44.0,635.0,186.0,263.0,204.0,131.0,169.0,249.0,
2018-04-23 08:00:00,40.0,651.0,189.0,57.0,670.0,184.0,12.0,662.0,180.0,8.0,625.0,185.0,11.0,650.0,185.0,15.0,648.0,185.0,48.0,631.0,183.0,190.0,174.0,141.0,149.0,218.0,
2018-04-23 09:00:00,70.0,644.0,185.0,116.0,662.0,183.0,18.0,656.0,179.0,14.0,621.0,184.0,17.0,639.0,185.0,23.0,641.0,184.0,96.0,630.0,183.0,162.0,157.0,140.0,143.0,205.0,
2018-04-23 10:00:00,59.0,644.0,184.0,67.0,658.0,183.0,21.0,651.0,179.0,13.0,621.0,184.0,16.0,634.0,184.0,25.0,637.0,184.0,57.0,623.0,182.0,150.0,148.0,140.0,140.0,234.0,
2018-04-23 11:00:00,69.0,642.0,182.0,80.0,656.0,183.0,28.0,647.0,178.0,17.0,618.0,183.0,20.0,630.0,183.0,31.0,634.0,183.0,70.0,619.0,181.0,143.0,142.0,140.0,138.0,208.0,
2018-04-23 12:00:00,73.0,639.0,181.0,79.0,652.0,182.0,31.0,642.0,178.0,19.0,614.0,182.0,20.0,628.0,183.0,34.0,631.0,182.0,71.0,617.0,180.0,140.0,139.0,136.0,138.0,239.0,
2018-04-23 13:00:00,63.0,638.0,180.0,66.0,650.0,181.0,27.0,640.0,177.0,17.0,610.0,182.0,19.0,623.0,182.0,30.0,628.0,182.0,60.0,616.0,179.0,135.0,137.0,135.0,137.0,272.0,
2018-04-23 14:00:00,47.0,639.0,179.0,47.0,650.0,181.0,16.0,638.0,177.0,10.0,608.0,180.0,13.0,623.0,181.0,19.0,626.0,181.0,44.0,615.0,179.0,135.0,135.0,135.0,136.0,254.0,
2018-04-23 15:00:00,23.0,641.0,178.0,23.0,645.0,180.0,7.0,636.0,176.0,4.0,605.0,180.0,7.0,622.0,180.0,8.0,624.0,180.0,20.0,612.0,178.0,135.0,135.0,135.0,135.0,212.0,
2018-04-23 16:00:00,43.0,649.0,178.0,41.0,645.0,179.0,50.0,636.0,176.0,24.0,611.0,179.0,19.0,624.0,180.0,32.0,625.0,180.0,43.0,616.0,177.0,135.0,134.0,128.0,133.0,236.0,
2018-04-23 17:00:00,31.0,636.0,177.0,28.0,640.0,178.0,49.0,634.0,175.0,18.0,613.0,179.0,18.0,618.0,179.0,29.0,614.0,179.0,33.0,621.0,177.0,144.0,135.0,116.0,157.0,271.0,784.0
2018-04-23 18:00:00,16.0,735.0,183.0,10.0,678.0,183.0,0.0,682.0,178.0,3.0,651.0,184.0,5.0,736.0,183.0,9.0,792.0,193.0,13.0,650.0,184.0,455.0,373.0,118.0,262.0,1079.0,8176.0
2018-04-23 19:00:00,14.0,722.0,192.0,1.0,678.0,185.0,0.0,653.0,181.0,0.0,659.0,189.0,2.0,703.0,186.0,4.0,721.0,191.0,7.0,652.0,194.0,431.0,328.0,102.0,263.0,2273.0,4928.0
2018-04-23 20:00:00,13.0,713.0,197.0,0.0,676.0,186.0,0.0,644.0,182.0,0.0,658.0,189.0,1.0,683.0,187.0,0.0,708.0,189.0,4.0,629.0,199.0,322.0,310.0,105.0,196.0,1108.0,1344.0
2018-04-23 21:00:00,11.0,715.0,196.0,0.0,678.0,186.0,0.0,637.0,181.0,0.0,646.0,188.0,1.0,682.0,186.0,0.0,693.0,188.0,1.0,623.0,197.0,380.0,264.0,112.0,272.0,345.0,3808.0
2018-04-23 22:00:00,1.0,696.0,195.0,0.0,696.0,185.0,0.0,632.0,179.0,0.0,632.0,186.0,1.0,710.0,185.0,0.0,710.0,187.0,5.0,643.0,194.0,390.0,238.0,132.0,202.0,423.0,
2018-04-23 23:00:00,1.0,673.0,190.0,0.0,671.0,184.0,0.0,618.0,178.0,0.0,614.0,184.0,1.0,677.0,184.0,0.0,676.0,185.0,4.0,650.0,192.0,231.0,196.0,144.0,157.0,400.0,
2018-04-24 00:00:00,2.0,673.0,186.0,0.0,664.0,183.0,0.0,615.0,176.0,0.0,616.0,183.0,1.0,664.0,183.0,0.0,664.0,184.0,1.0,645.0,189.0,179.0,169.0,136.0,146.0,251.0,
2018-04-24 01:00:00,1.0,671.0,183.0,0.0,660.0,182.0,0.0,615.0,175.0,0.0,620.0,182.0,1.0,653.0,183.0,0.0,656.0,183.0,0.0,634.0,185.0,156.0,153.0,139.0,141.0,290.0,
2018-04-24 02:00:00,1.0,665.0,181.0,0.0,657.0,181.0,0.0,613.0,174.0,0.0,625.0,181.0,1.0,644.0,182.0,0.0,648.0,182.0,0.0,631.0,183.0,147.0,145.0,140.0,139.0,235.0,
2018-04-24 03:00:00,1.0,661.0,179.0,0.0,653.0,180.0,0.0,610.0,173.0,0.0,639.0,181.0,1.0,637.0,180.0,0.0,642.0,180.0,0.0,628.0,181.0,140.0,140.0,135.0,137.0,275.0,
2018-04-24 04:00:00,1.0,658.0,177.0,0.0,650.0,179.0,0.0,608.0,172.0,0.0,640.0,180.0,1.0,633.0,179.0,0.0,637.0,179.0,0.0,625.0,179.0,137.0,137.0,135.0,135.0,316.0,
2018-04-24 05:00:00,10.0,657.0,176.0,0.0,648.0,178.0,0.0,607.0,171.0,0.0,637.0,179.0,3.0,630.0,179.0,1.0,635.0,179.0,0.0,624.0,178.0,135.0,134.0,135.0,135.0,291.0,
2018-04-24 06:00:00,51.0,663.0,176.0,5.0,649.0,178.0,0.0,613.0,171.0,0.0,645.0,179.0,13.0,633.0,178.0,7.0,633.0,178.0,27.0,624.0,178.0,134.0,133.0,131.0,141.0,368.0,
2018-04-24 15:00:00,55.0,637.0,175.0,41.0,622.0,178.0,17.0,634.0,172.0,9.0,611.0,176.0,12.0,619.0,176.0,20.0,621.0,176.0,41.0,607.0,175.0,130.0,130.0,130.0,133.0,217.0,
2018-04-24 16:00:00,37.0,636.0,174.0,29.0,622.0,177.0,26.0,632.0,171.0,11.0,610.0,175.0,12.0,618.0,176.0,20.0,621.0,175.0,29.0,607.0,175.0,130.0,130.0,130.0,131.0,240.0,
2018-04-24 17:00:00,54.0,655.0,174.0,27.0,626.0,177.0,35.0,640.0,171.0,18.0,615.0,175.0,42.0,628.0,176.0,40.0,632.0,178.0,37.0,614.0,174.0,327.0,142.0,114.0,213.0,1979.0,672.0
2018-04-24 18:00:00,25.0,664.0,176.0,12.0,644.0,178.0,0.0,651.0,172.0,7.0,628.0,176.0,22.0,643.0,178.0,29.0,631.0,190.0,18.0,631.0,174.0,350.0,188.0,104.0,168.0,1095.0,6607.0
2018-04-24 19:00:00,5.0,689.0,186.0,0.0,642.0,187.0,0.0,645.0,178.0,0.0,650.0,185.0,2.0,657.0,185.0,2.0,652.0,192.0,7.0,636.0,190.0,545.0,485.0,108.0,215.0,1299.0,8400.0
2018-04-24 20:00:00,52.0,787.0,201.0,0.0,631.0,193.0,0.0,637.0,184.0,0.0,643.0,191.0,2.0,681.0,189.0,0.0,674.0,191.0,5.0,618.0,201.0,611.0,479.0,92.0,372.0,1489.0,13663.0
2018-04-24 21:00:00,27.0,798.0,217.0,0.0,638.0,196.0,0.0,637.0,188.0,0.0,652.0,194.0,2.0,697.0,190.0,1.0,699.0,192.0,4.0,646.0,205.0,433.0,376.0,105.0,279.0,1132.0,5707.0
2018-04-24 22:00:00,1.0,679.0,209.0,0.0,672.0,192.0,0.0,640.0,185.0,0.0,655.0,190.0,1.0,713.0,189.0,0.0,712.0,193.0,5.0,672.0,199.0,256.0,247.0,119.0,178.0,501.0,
2018-04-24 23:00:00,2.0,678.0,199.0,0.0,669.0,189.0,0.0,656.0,182.0,0.0,655.0,187.0,1.0,695.0,188.0,0.0,685.0,190.0,0.0,670.0,193.0,192.0,200.0,126.0,159.0,234.0,112.0
2018-04-25 00:00:00,1.0,675.0,193.0,0.0,664.0,187.0,0.0,652.0,180.0,0.0,660.0,186.0,1.0,674.0,187.0,0.0,672.0,188.0,0.0,662.0,189.0,166.0,170.0,135.0,147.0,212.0,
2018-04-25 01:00:00,1.0,673.0,188.0,0.0,659.0,186.0,0.0,649.0,178.0,0.0,663.0,185.0,1.0,659.0,185.0,0.0,661.0,186.0,0.0,660.0,186.0,151.0,153.0,139.0,141.0,245.0,
2018-04-25 02:00:00,1.0,671.0,185.0,0.0,656.0,184.0,0.0,648.0,177.0,0.0,666.0,184.0,1.0,650.0,184.0,0.0,655.0,184.0,0.0,660.0,184.0,144.0,145.0,139.0,138.0,243.0,
2018-04-25 03:00:00,1.0,667.0,183.0,0.0,654.0,183.0,0.0,646.0,176.0,0.0,668.0,183.0,1.0,644.0,183.0,0.0,649.0,183.0,0.0,656.0,183.0,140.0,140.0,135.0,137.0,222.0,
2018-04-25 04:00:00,1.0,664.0,181.0,0.0,653.0,182.0,0.0,645.0,175.0,0.0,672.0,182.0,1.0,638.0,182.0,0.0,644.0,181.0,0.0,652.0,181.0,136.0,137.0,135.0,135.0,282.0,
2018-04-25 05:00:00,11.0,664.0,179.0,0.0,652.0,181.0,0.0,650.0,175.0,0.0,672.0,182.0,3.0,637.0,181.0,2.0,648.0,180.0,0.0,649.0,179.0,135.0,134.0,129.0,133.0,322.0,
2018-04-25 06:00:00,54.0,684.0,179.0,60.0,649.0,183.0,10.0,662.0,175.0,1.0,656.0,182.0,16.0,648.0,181.0,11.0,665.0,181.0,69.0,654.0,178.0,142.0,137.0,93.0,186.0,420.0,112.0
2018-04-25 07:00:00,89.0,775.0,182.0,447.0,641.0,188.0,13.0,676.0,176.0,6.0,657.0,182.0,37.0,670.0,182.0,17.0,681.0,181.0,243.0,661.0,182.0,431.0,177.0,120.0,215.0,309.0,559.0
2018-04-25 08:00:00,89.0,690.0,181.0,218.0,622.0,192.0,20.0,669.0,177.0,10.0,647.0,181.0,20.0,653.0,183.0,26.0,661.0,182.0,167.0,642.0,185.0,242.0,174.0,135.0,157.0,286.0,
2018-04-25 09:00:00,68.0,688.0,181.0,97.0,623.0,192.0,26.0,668.0,177.0,10.0,650.0,181.0,16.0,655.0,182.0,26.0,661.0,182.0,81.0,644.0,185.0,182.0,156.0,123.0,179.0,444.0,112.0
2018-04-25 10:00:00,81.0,670.0,180.0,87.0,622.0,189.0,,,,11.0,647.0,180.0,19.0,648.0,181.0,33.0,653.0,181.0,69.0,639.0,183.0,155.0,147.0,135.0,148.0,307.0,
2018-04-25 11:00:00,88.0,656.0,179.0,69.0,624.0,187.0,,,,12.0,638.0,180.0,20.0,637.0,180.0,38.0,643.0,180.0,64.0,628.0,182.0,144.0,141.0,135.0,137.0,236.0,
2018-04-25 12:00:00,85.0,650.0,178.0,66.0,632.0,186.0,,,,19.0,631.0,179.0,23.0,633.0,179.0,46.0,637.0,179.0,78.0,623.0,180.0,137.0,136.0,134.0,134.0,265.0,
2018-04-25 13:00:00,61.0,647.0,177.0,57.0,630.0,185.0,,,,23.0,627.0,178.0,21.0,629.0,179.0,41.0,634.0,178.0,66.0,620.0,179.0,134.0,133.0,130.0,133.0,309.0,
2018-04-25 14:00:00,59.0,642.0,176.0,105.0,629.0,184.0,,,,57.0,624.0,178.0,30.0,626.0,178.0,63.0,629.0,178.0,110.0,618.0,179.0,130.0,132.0,130.0,132.0,283.0,
2018-04-25 15:00:00,53.0,644.0,176.0,79.0,627.0,183.0,,,,97.0,620.0,180.0,40.0,624.0,179.0,76.0,626.0,178.0,93.0,620.0,178.0,130.0,132.0,134.0,133.0,306.0,
2018-04-25 16:00:00,42.0,645.0,177.0,53.0,625.0,182.0,42.0,623.0,178.0,60.0,616.0,181.0,34.0,624.0,179.0,80.0,624.0,179.0,70.0,623.0,178.0,130.0,136.0,135.0,133.0,242.0,
2018-04-25 17:00:00,58.0,682.0,180.0,32.0,626.0,184.0,161.0,619.0,180.0,28.0,618.0,183.0,87.0,639.0,180.0,76.0,636.0,182.0,68.0,632.0,183.0,435.0,335.0,122.0,198.0,505.0,11310.0
2018-04-25 18:00:00,39.0,752.0,195.0,12.0,642.0,191.0,37.0,643.0,186.0,10.0,652.0,190.0,34.0,712.0,188.0,37.0,684.0,202.0,28.0,616.0,199.0,476.0,397.0,106.0,366.0,502.0,4701.0
2018-04-25 19:00:00,16.0,698.0,201.0,1.0,712.0,193.0,0.0,658.0,186.0,0.0,717.0,191.0,3.0,741.0,192.0,2.0,696.0,221.0,5.0,623.0,205.0,379.0,350.0,134.0,217.0,316.0,4141.0
2018-04-25 20:00:00,16.0,700.0,202.0,0.0,668.0,192.0,0.0,650.0,186.0,0.0,680.0,191.0,2.0,690.0,192.0,1.0,635.0,212.0,6.0,598.0,211.0,359.0,339.0,121.0,239.0,1281.0,2800.0
2018-04-25 21:00:00,18.0,683.0,200.0,0.0,663.0,192.0,0.0,651.0,185.0,0.0,664.0,190.0,1.0,674.0,192.0,0.0,628.0,209.0,6.0,607.0,207.0,270.0,275.0,113.0,200.0,1101.0,
2018-04-25 22:00:00,1.0,667.0,196.0,0.0,655.0,190.0,0.0,653.0,183.0,0.0,648.0,189.0,1.0,670.0,190.0,0.0,626.0,204.0,6.0,612.0,200.0,199.0,202.0,137.0,155.0,433.0,
2018-04-25 23:00:00,2.0,662.0,191.0,0.0,650.0,188.0,0.0,649.0,181.0,0.0,637.0,187.0,1.0,653.0,189.0,0.0,621.0,198.0,4.0,616.0,195.0,167.0,169.0,140.0,144.0,333.0,
2018-04-26 00:00:00,1.0,662.0,187.0,0.0,647.0,186.0,0.0,640.0,179.0,0.0,633.0,186.0,1.0,643.0,187.0,0.0,620.0,194.0,0.0,611.0,191.0,150.0,152.0,140.0,139.0,279.0,
2018-04-26 01:00:00,0.0,657.0,184.0,0.0,644.0,185.0,0.0,637.0,178.0,0.0,637.0,185.0,1.0,634.0,186.0,0.0,618.0,190.0,0.0,612.0,188.0,141.0,142.0,136.0,137.0,273.0,
2018-04-26 02:00:00,0.0,652.0,182.0,0.0,639.0,184.0,0.0,630.0,177.0,0.0,638.0,185.0,1.0,626.0,185.0,0.0,616.0,188.0,0.0,613.0,186.0,159.0,155.0,135.0,135.0,243.0,447.0
2018-04-26 03:00:00,0.0,651.0,182.0,0.0,630.0,183.0,0.0,628.0,176.0,0.0,641.0,185.0,1.0,623.0,185.0,0.0,611.0,188.0,0.0,607.0,187.0,220.0,201.0,138.0,137.0,223.0,1900.0
2018-04-26 04:00:00,1.0,639.0,183.0,0.0,624.0,183.0,0.0,621.0,176.0,0.0,643.0,185.0,1.0,619.0,185.0,0.0,602.0,189.0,0.0,597.0,189.0,230.0,218.0,140.0,140.0,244.0,1007.0
2018-04-26 05:00:00,9.0,628.0,184.0,0.0,623.0,183.0,0.0,616.0,175.0,0.0,642.0,185.0,3.0,616.0,184.0,1.0,595.0,190.0,0.0,592.0,190.0,240.0,229.0,143.0,141.0,223.0,1008.0
2018-04-26 06:00:00,50.0,725.0,187.0,2.0,629.0,183.0,4.0,649.0,176.0,0.0,643.0,185.0,8.0,618.0,184.0,8.0,597.0,191.0,3.0,591.0,190.0,338.0,210.0,126.0,193.0,307.0,6155.0
2018-04-26 07:00:00,69.0,738.0,191.0,298.0,659.0,186.0,10.0,684.0,177.0,2.0,651.0,185.0,18.0,672.0,184.0,20.0,656.0,190.0,160.0,618.0,187.0,405.0,218.0,122.0,246.0,239.0,
2018-04-26 08:00:00,57.0,682.0,187.0,148.0,642.0,187.0,10.0,664.0,176.0,0.0,634.0,184.0,12.0,664.0,183.0,21.0,646.0,188.0,93.0,618.0,186.0,244.0,191.0,141.0,165.0,190.0,
2018-04-26 09:00:00,80.0,663.0,183.0,145.0,633.0,187.0,14.0,652.0,176.0,0.0,621.0,182.0,16.0,638.0,182.0,31.0,626.0,185.0,99.0,608.0,184.0,175.0,162.0,140.0,142.0,233.0,
2018-04-26 10:00:00,71.0,651.0,180.0,73.0,628.0,185.0,13.0,642.0,175.0,0.0,612.0,181.0,13.0,625.0,181.0,30.0,617.0,183.0,62.0,597.0,183.0,151.0,148.0,135.0,136.0,220.0,
2018-04-26 11:00:00,88.0,642.0,179.0,79.0,622.0,184.0,18.0,634.0,174.0,1.0,605.0,180.0,17.0,615.0,180.0,40.0,611.0,182.0,73.0,593.0,181.0,141.0,140.0,134.0,134.0,258.0,
2018-04-26 12:00:00,79.0,636.0,177.0,74.0,620.0,183.0,27.0,629.0,174.0,2.0,602.0,180.0,18.0,610.0,179.0,43.0,607.0,180.0,89.0,590.0,179.0,135.0,134.0,130.0,132.0,232.0,
2018-04-26 13:00:00,57.0,634.0,176.0,72.0,618.0,181.0,41.0,624.0,173.0,5.0,601.0,179.0,18.0,606.0,178.0,46.0,603.0,179.0,95.0,593.0,178.0,130.0,131.0,130.0,130.0,233.0,
2018-04-26 14:00:00,47.0,637.0,176.0,85.0,619.0,180.0,75.0,611.0,175.0,11.0,597.0,179.0,22.0,605.0,178.0,65.0,599.0,179.0,116.0,597.0,177.0,130.0,130.0,130.0,130.0,250.0,
2018-04-26 15:00:00,49.0,636.0,175.0,67.0,622.0,179.0,292.0,605.0,176.0,14.0,594.0,180.0,26.0,604.0,178.0,76.0,596.0,179.0,111.0,598.0,177.0,130.0,130.0,134.0,133.0,222.0,
2018-04-26 16:00:00,38.0,640.0,176.0,64.0,622.0,179.0,190.0,597.0,178.0,13.0,591.0,181.0,31.0,604.0,179.0,104.0,594.0,179.0,85.0,600.0,176.0,130.0,131.0,135.0,133.0,289.0,
2018-04-26 17:00:00,43.0,639.0,176.0,47.0,622.0,178.0,131.0,590.0,180.0,14.0,589.0,182.0,95.0,602.0,179.0,104.0,593.0,180.0,72.0,602.0,176.0,130.0,130.0,133.0,133.0,223.0,
2018-04-26 18:00:00,44.0,638.0,176.0,20.0,622.0,177.0,70.0,584.0,180.0,7.0,586.0,182.0,59.0,599.0,180.0,84.0,594.0,180.0,32.0,603.0,175.0,130.0,130.0,130.0,132.0,359.0,
2018-04-26 19:00:00,4.0,633.0,175.0,2.0,622.0,176.0,1.0,599.0,176.0,0.0,591.0,181.0,2.0,600.0,178.0,1.0,598.0,179.0,2.0,602.0,174.0,130.0,130.0,130.0,130.0,188.0,
2018-04-26 20:00:00,1.0,630.0,173.0,0.0,625.0,175.0,0.0,602.0,174.0,0.0,586.0,179.0,0.0,600.0,176.0,0.0,599.0,177.0,0.0,600.0,173.0,126.0,128.0,130.0,130.0,235.0,
2018-04-26 21:00:00,1.0,631.0,172.0,0.0,625.0,174.0,0.0,602.0,172.0,0.0,581.0,177.0,1.0,601.0,175.0,0.0,601.0,175.0,0.0,597.0,172.0,125.0,128.0,130.0,129.0,249.0,
2018-04-26 22:00:00,1.0,628.0,170.0,0.0,624.0,173.0,0.0,600.0,171.0,0.0,578.0,176.0,1.0,599.0,174.0,0.0,598.0,174.0,0.0,596.0,171.0,125.0,126.0,128.0,128.0,225.0,
2018-04-26 23:00:00,1.0,626.0,169.0,0.0,623.0,172.0,0.0,599.0,170.0,0.0,575.0,175.0,1.0,598.0,173.0,0.0,597.0,173.0,0.0,594.0,169.0,125.0,125.0,125.0,128.0,263.0,
2018-04-27 00:00:00,1.0,624.0,168.0,0.0,622.0,170.0,0.0,596.0,169.0,0.0,573.0,173.0,1.0,596.0,172.0,0.0,595.0,172.0,0.0,593.0,168.0,125.0,125.0,125.0,128.0,226.0,
2018-04-27 01:00:00,0.0,621.0,166.0,0.0,622.0,169.0,0.0,594.0,168.0,0.0,571.0,172.0,1.0,594.0,171.0,0.0,593.0,171.0,0.0,592.0,167.0,125.0,125.0,125.0,127.0,262.0,
2018-04-27 02:00:00,1.0,622.0,166.0,0.0,621.0,168.0,0.0,593.0,167.0,0.0,571.0,171.0,1.0,596.0,170.0,0.0,594.0,170.0,0.0,591.0,166.0,152.0,147.0,125.0,126.0,245.0,1008.0
2018-04-27 03:00:00,1.0,622.0,166.0,0.0,624.0,167.0,0.0,592.0,166.0,0.0,574.0,171.0,1.0,596.0,169.0,0.0,590.0,171.0,0.0,590.0,166.0,181.0,169.0,128.0,128.0,244.0,1232.0
2018-04-27 04:00:00,2.0,615.0,167.0,1.0,624.0,167.0,0.0,590.0,165.0,0.0,576.0,170.0,1.0,595.0,169.0,0.0,585.0,172.0,1.0,588.0,166.0,197.0,188.0,130.0,130.0,268.0,895.0
2018-04-27 05:00:00,16.0,609.0,168.0,178.0,629.0,168.0,2.0,591.0,165.0,0.0,578.0,169.0,7.0,594.0,169.0,5.0,579.0,173.0,21.0,586.0,167.0,211.0,200.0,132.0,132.0,230.0,1006.0
2018-04-27 06:00:00,44.0,605.0,169.0,302.0,616.0,174.0,5.0,604.0,165.0,0.0,581.0,169.0,21.0,595.0,169.0,11.0,578.0,174.0,231.0,584.0,169.0,203.0,194.0,134.0,133.0,278.0,1008.0
2018-04-27 07:00:00,72.0,610.0,170.0,522.0,606.0,179.0,7.0,617.0,165.0,0.0,586.0,169.0,17.0,603.0,170.0,17.0,584.0,175.0,248.0,588.0,171.0,164.0,164.0,130.0,130.0,285.0,
2018-04-27 08:00:00,56.0,616.0,169.0,176.0,598.0,182.0,10.0,622.0,166.0,0.0,590.0,168.0,12.0,607.0,170.0,19.0,590.0,173.0,109.0,590.0,172.0,143.0,143.0,129.0,128.0,214.0,
2018-04-27 09:00:00,66.0,615.0,168.0,109.0,593.0,179.0,14.0,616.0,166.0,1.0,592.0,168.0,14.0,602.0,169.0,27.0,591.0,172.0,79.0,589.0,170.0,132.0,133.0,125.0,126.0,243.0,
2018-04-27 10:00:00,88.0,614.0,167.0,100.0,590.0,178.0,15.0,614.0,165.0,1.0,592.0,168.0,17.0,601.0,168.0,37.0,592.0,171.0,73.0,587.0,169.0,127.0,128.0,125.0,125.0,249.0,
2018-04-27 11:00:00,75.0,613.0,167.0,73.0,588.0,176.0,18.0,612.0,165.0,1.0,592.0,168.0,17.0,598.0,168.0,34.0,591.0,170.0,58.0,582.0,168.0,146.0,139.0,125.0,125.0,227.0,895.0
2018-04-27 12:00:00,53.0,612.0,167.0,58.0,591.0,174.0,17.0,610.0,164.0,2.0,592.0,168.0,13.0,597.0,168.0,26.0,589.0,170.0,47.0,577.0,168.0,149.0,150.0,121.0,125.0,258.0,
2018-04-27 13:00:00,76.0,611.0,167.0,81.0,586.0,173.0,31.0,610.0,164.0,5.0,592.0,167.0,21.0,598.0,168.0,42.0,588.0,170.0,69.0,579.0,167.0,137.0,136.0,122.0,125.0,230.0,896.0
2018-04-27 14:00:00,68.0,610.0,168.0,62.0,588.0,172.0,44.0,610.0,164.0,7.0,593.0,167.0,21.0,597.0,168.0,44.0,586.0,170.0,62.0,580.0,167.0,170.0,164.0,125.0,126.0,242.0,112.0
2018-04-27 15:00:00,50.0,603.0,169.0,57.0,587.0,171.0,136.0,608.0,166.0,14.0,590.0,167.0,21.0,594.0,168.0,48.0,583.0,171.0,63.0,583.0,167.0,142.0,143.0,125.0,127.0,260.0,
2018-04-27 16:00:00,31.0,602.0,168.0,23.0,586.0,170.0,7.0,606.0,165.0,0.0,583.0,168.0,9.0,591.0,168.0,13.0,582.0,171.0,22.0,584.0,166.0,160.0,152.0,125.0,126.0,235.0,1008.0
2018-04-27 17:00:00,46.0,596.0,169.0,35.0,584.0,170.0,71.0,602.0,165.0,11.0,582.0,167.0,72.0,588.0,168.0,60.0,578.0,171.0,49.0,579.0,166.0,154.0,155.0,129.0,128.0,248.0,
2018-04-27 18:00:00,33.0,586.0,169.0,16.0,583.0,169.0,40.0,597.0,166.0,5.0,578.0,168.0,34.0,584.0,169.0,50.0,575.0,171.0,22.0,580.0,165.0,138.0,139.0,125.0,126.0,352.0,
2018-04-27 19:00:00,2.0,588.0,169.0,0.0,585.0,168.0,0.0,591.0,165.0,0.0,576.0,167.0,1.0,582.0,168.0,0.0,573.0,171.0,0.0,579.0,165.0,175.0,159.0,125.0,126.0,190.0,2016.0
2018-04-27 20:00:00,0.0,590.0,169.0,0.0,584.0,168.0,0.0,589.0,164.0,0.0,577.0,167.0,1.0,583.0,168.0,0.0,572.0,172.0,0.0,576.0,167.0,208.0,198.0,130.0,129.0,260.0,1120.0
2018-04-27 21:00:00,0.0,588.0,170.0,0.0,584.0,167.0,0.0,588.0,164.0,0.0,579.0,167.0,1.0,583.0,168.0,0.0,570.0,174.0,0.0,573.0,167.0,208.0,198.0,132.0,131.0,237.0,1120.0
2018-04-27 22:00:00,1.0,588.0,170.0,0.0,584.0,167.0,0.0,588.0,164.0,0.0,580.0,167.0,1.0,584.0,168.0,0.0,568.0,174.0,0.0,572.0,167.0,203.0,194.0,134.0,132.0,249.0,896.0
2018-04-27 23:00:00,1.0,590.0,170.0,0.0,585.0,166.0,0.0,588.0,164.0,0.0,582.0,167.0,1.0,586.0,168.0,0.0,569.0,174.0,0.0,573.0,167.0,199.0,191.0,134.0,133.0,254.0,1008.0
2018-04-28 00:00:00,1.0,591.0,170.0,0.0,586.0,166.0,0.0,588.0,164.0,0.0,585.0,167.0,1.0,588.0,168.0,0.0,569.0,174.0,0.0,573.0,167.0,211.0,197.0,134.0,133.0,232.0,1792.0
2018-04-28 01:00:00,1.0,591.0,171.0,0.0,587.0,166.0,0.0,589.0,164.0,0.0,586.0,167.0,1.0,588.0,168.0,0.0,569.0,175.0,0.0,572.0,168.0,205.0,203.0,135.0,133.0,259.0,781.0
2018-04-28 02:00:00,1.0,591.0,171.0,0.0,587.0,166.0,0.0,589.0,164.0,0.0,587.0,167.0,1.0,589.0,168.0,0.0,569.0,175.0,0.0,572.0,168.0,227.0,207.0,135.0,134.0,241.0,2128.0
2018-04-28 03:00:00,0.0,590.0,171.0,0.0,588.0,165.0,0.0,589.0,164.0,0.0,587.0,167.0,0.0,588.0,168.0,0.0,567.0,176.0,0.0,572.0,168.0,224.0,211.0,135.0,135.0,250.0,1120.0
2018-04-28 04:00:00,1.0,590.0,171.0,0.0,588.0,165.0,0.0,590.0,164.0,0.0,588.0,167.0,1.0,590.0,168.0,0.0,567.0,176.0,0.0,572.0,168.0,214.0,201.0,135.0,135.0,265.0,1008.0
2018-04-28 05:00:00,5.0,590.0,171.0,1.0,589.0,165.0,0.0,589.0,164.0,0.0,588.0,166.0,1.0,589.0,168.0,0.0,567.0,176.0,1.0,572.0,168.0,218.0,202.0,135.0,135.0,231.0,2127.0
2018-04-28 06:00:00,18.0,590.0,172.0,13.0,589.0,165.0,3.0,589.0,164.0,0.0,589.0,167.0,5.0,590.0,168.0,6.0,567.0,176.0,11.0,572.0,168.0,218.0,207.0,135.0,135.0,315.0,1008.0
2018-04-28 07:00:00,11.0,590.0,171.0,7.0,590.0,165.0,2.0,589.0,163.0,0.0,589.0,167.0,3.0,589.0,168.0,3.0,568.0,176.0,6.0,572.0,168.0,199.0,191.0,135.0,134.0,247.0,1008.0
2018-04-28 08:00:00,61.0,590.0,171.0,111.0,591.0,165.0,13.0,591.0,163.0,2.0,588.0,166.0,15.0,588.0,168.0,24.0,567.0,174.0,78.0,574.0,168.0,182.0,180.0,135.0,133.0,214.0,783.0
2018-04-28 09:00:00,32.0,591.0,171.0,24.0,591.0,166.0,8.0,595.0,163.0,0.0,587.0,166.0,8.0,590.0,168.0,13.0,571.0,174.0,22.0,575.0,168.0,217.0,195.0,135.0,133.0,299.0,1342.0
2018-04-28 10:00:00,50.0,591.0,171.0,42.0,589.0,166.0,13.0,593.0,164.0,1.0,587.0,166.0,13.0,590.0,168.0,21.0,569.0,175.0,37.0,572.0,168.0,211.0,200.0,135.0,133.0,229.0,1120.0
2018-04-28 11:00:00,86.0,588.0,172.0,95.0,589.0,166.0,24.0,594.0,164.0,4.0,586.0,167.0,19.0,589.0,169.0,40.0,568.0,175.0,72.0,572.0,168.0,179.0,178.0,135.0,133.0,243.0,
2018-04-28 12:00:00,72.0,584.0,170.0,69.0,588.0,166.0,31.0,593.0,164.0,5.0,583.0,166.0,18.0,588.0,168.0,43.0,571.0,173.0,69.0,575.0,167.0,163.0,155.0,130.0,130.0,252.0,1008.0
2018-04-28 13:00:00,59.0,570.0,170.0,71.0,580.0,166.0,53.0,586.0,165.0,12.0,573.0,166.0,19.0,575.0,168.0,56.0,554.0,173.0,85.0,570.0,167.0,170.0,171.0,114.0,166.0,268.0,224.0
2018-04-28 14:00:00,57.0,559.0,170.0,78.0,578.0,166.0,100.0,573.0,168.0,23.0,567.0,169.0,24.0,575.0,169.0,73.0,554.0,174.0,102.0,567.0,166.0,150.0,152.0,126.0,143.0,276.0,
2018-04-28 15:00:00,58.0,559.0,169.0,82.0,579.0,166.0,331.0,561.0,172.0,40.0,561.0,172.0,32.0,577.0,169.0,88.0,556.0,174.0,104.0,571.0,166.0,141.0,142.0,134.0,133.0,224.0,
2018-04-28 16:00:00,45.0,557.0,168.0,68.0,580.0,167.0,244.0,556.0,175.0,32.0,556.0,176.0,40.0,578.0,171.0,137.0,560.0,175.0,104.0,574.0,166.0,134.0,137.0,131.0,130.0,251.0,
2018-04-28 17:00:00,56.0,552.0,168.0,49.0,582.0,168.0,158.0,554.0,176.0,22.0,553.0,177.0,115.0,577.0,171.0,128.0,559.0,175.0,96.0,577.0,166.0,130.0,133.0,130.0,128.0,241.0,
2018-04-28 18:00:00,47.0,547.0,168.0,16.0,581.0,167.0,55.0,552.0,176.0,7.0,550.0,177.0,37.0,575.0,172.0,56.0,560.0,175.0,26.0,575.0,166.0,127.0,129.0,129.0,127.0,347.0,
2018-04-28 19:00:00,6.0,550.0,169.0,2.0,581.0,166.0,2.0,555.0,172.0,0.0,551.0,175.0,2.0,575.0,171.0,1.0,565.0,174.0,2.0,573.0,165.0,125.0,127.0,125.0,125.0,194.0,
2018-04-28 20:00:00,0.0,554.0,168.0,0.0,580.0,165.0,0.0,561.0,169.0,0.0,552.0,173.0,1.0,570.0,170.0,0.0,564.0,172.0,0.0,570.0,164.0,125.0,125.0,125.0,125.0,233.0,
2018-04-28 21:00:00,0.0,557.0,167.0,0.0,579.0,164.0,0.0,563.0,168.0,0.0,558.0,171.0,1.0,571.0,168.0,0.0,575.0,171.0,0.0,569.0,163.0,125.0,123.0,125.0,124.0,247.0,
2018-04-28 22:00:00,0.0,566.0,166.0,0.0,578.0,164.0,0.0,564.0,167.0,0.0,559.0,171.0,1.0,570.0,168.0,0.0,572.0,170.0,0.0,569.0,163.0,174.0,159.0,125.0,124.0,236.0,1904.0
2018-04-28 23:00:00,0.0,575.0,168.0,0.0,578.0,163.0,0.0,564.0,167.0,0.0,559.0,169.0,1.0,570.0,168.0,0.0,563.0,172.0,0.0,567.0,164.0,193.0,185.0,129.0,128.0,265.0,896.0
2018-04-29 00:00:00,0.0,570.0,170.0,0.0,577.0,163.0,0.0,564.0,166.0,0.0,565.0,169.0,1.0,568.0,168.0,0.0,560.0,174.0,0.0,564.0,165.0,217.0,203.0,131.0,130.0,222.0,1792.0
2018-04-29 01:00:00,0.0,562.0,171.0,0.0,576.0,163.0,0.0,563.0,166.0,0.0,566.0,169.0,1.0,566.0,168.0,0.0,552.0,175.0,0.0,560.0,166.0,222.0,206.0,135.0,132.0,269.0,1904.0
2018-04-29 02:00:00,0.0,557.0,172.0,0.0,575.0,162.0,0.0,563.0,166.0,0.0,567.0,168.0,1.0,566.0,168.0,0.0,552.0,176.0,0.0,559.0,166.0,226.0,211.0,135.0,133.0,236.0,1904.0
2018-04-29 03:00:00,0.0,553.0,173.0,0.0,574.0,162.0,0.0,563.0,165.0,0.0,569.0,168.0,1.0,566.0,168.0,0.0,546.0,177.0,0.0,557.0,167.0,233.0,216.0,135.0,133.0,256.0,1904.0
2018-04-29 04:00:00,1.0,548.0,174.0,0.0,574.0,162.0,0.0,563.0,165.0,0.0,568.0,168.0,1.0,564.0,168.0,0.0,546.0,177.0,0.0,556.0,166.0,223.0,214.0,135.0,134.0,237.0,896.0
2018-04-29 05:00:00,18.0,545.0,174.0,92.0,576.0,162.0,1.0,563.0,165.0,0.0,569.0,168.0,4.0,566.0,168.0,4.0,544.0,178.0,21.0,555.0,167.0,234.0,219.0,135.0,134.0,225.0,1904.0
2018-04-29 06:00:00,21.0,542.0,174.0,28.0,577.0,164.0,2.0,565.0,165.0,0.0,568.0,167.0,4.0,569.0,168.0,5.0,546.0,178.0,21.0,556.0,167.0,230.0,214.0,135.0,134.0,305.0,1904.0
2018-04-29 07:00:00,29.0,542.0,175.0,28.0,575.0,163.0,5.0,566.0,165.0,0.0,566.0,167.0,5.0,573.0,168.0,9.0,547.0,178.0,21.0,557.0,167.0,236.0,218.0,135.0,135.0,243.0,2016.0
2018-04-29 08:00:00,45.0,541.0,176.0,46.0,575.0,163.0,7.0,567.0,165.0,0.0,566.0,167.0,7.0,572.0,169.0,13.0,543.0,178.0,34.0,557.0,168.0,238.0,224.0,137.0,135.0,207.0,1232.0
2018-04-29 09:00:00,102.0,532.0,176.0,141.0,578.0,165.0,18.0,570.0,165.0,3.0,564.0,167.0,15.0,572.0,169.0,34.0,547.0,178.0,100.0,559.0,168.0,205.0,194.0,132.0,137.0,240.0,1120.0
2018-04-29 10:00:00,93.0,549.0,176.0,100.0,574.0,165.0,21.0,573.0,165.0,3.0,560.0,167.0,17.0,569.0,169.0,39.0,545.0,177.0,72.0,557.0,168.0,203.0,194.0,116.0,154.0,233.0,1008.0
2018-04-29 11:00:00,89.0,553.0,174.0,83.0,569.0,165.0,19.0,568.0,165.0,3.0,559.0,167.0,17.0,568.0,169.0,39.0,545.0,176.0,62.0,557.0,168.0,172.0,172.0,129.0,135.0,262.0,
2018-04-29 12:00:00,66.0,554.0,172.0,82.0,567.0,165.0,25.0,565.0,165.0,4.0,558.0,167.0,15.0,565.0,169.0,36.0,546.0,175.0,66.0,557.0,167.0,185.0,174.0,130.0,130.0,248.0,1008.0
2018-04-29 13:00:00,52.0,548.0,171.0,102.0,565.0,165.0,52.0,563.0,166.0,13.0,557.0,167.0,19.0,560.0,169.0,53.0,541.0,174.0,83.0,555.0,166.0,155.0,155.0,130.0,128.0,222.0,
2018-04-29 14:00:00,47.0,540.0,169.0,133.0,564.0,165.0,97.0,549.0,169.0,23.0,549.0,170.0,24.0,563.0,169.0,69.0,543.0,174.0,98.0,555.0,165.0,139.0,140.0,128.0,126.0,294.0,
2018-04-29 15:00:00,43.0,545.0,169.0,110.0,564.0,165.0,348.0,540.0,172.0,40.0,540.0,172.0,30.0,561.0,169.0,85.0,542.0,174.0,105.0,557.0,164.0,132.0,134.0,130.0,127.0,227.0,
2018-04-29 16:00:00,33.0,552.0,169.0,82.0,562.0,166.0,260.0,531.0,175.0,33.0,532.0,176.0,39.0,559.0,171.0,140.0,543.0,174.0,102.0,557.0,165.0,128.0,131.0,129.0,126.0,271.0,
2018-04-29 17:00:00,49.0,553.0,170.0,51.0,554.0,166.0,155.0,522.0,177.0,23.0,519.0,178.0,112.0,551.0,171.0,140.0,535.0,175.0,87.0,554.0,165.0,155.0,130.0,115.0,166.0,281.0,671.0
2018-04-29 18:00:00,48.0,557.0,172.0,19.0,557.0,168.0,0.0,540.0,180.0,14.0,526.0,179.0,50.0,556.0,174.0,78.0,526.0,182.0,36.0,553.0,169.0,494.0,313.0,117.0,229.0,2366.0,10304.0
2018-04-29 19:00:00,9.0,561.0,184.0,2.0,555.0,177.0,0.0,553.0,185.0,0.0,535.0,183.0,2.0,562.0,183.0,0.0,471.0,214.0,9.0,548.0,184.0,487.0,440.0,127.0,170.0,883.0,4031.0
2018-04-29 20:00:00,6.0,565.0,189.0,0.0,558.0,180.0,0.0,563.0,187.0,0.0,551.0,184.0,1.0,563.0,185.0,0.0,462.0,219.0,2.0,535.0,189.0,370.0,352.0,127.0,211.0,420.0,1229.0
2018-04-29 21:00:00,0.0,540.0,187.0,0.0,561.0,176.0,0.0,571.0,185.0,0.0,553.0,183.0,1.0,562.0,183.0,0.0,473.0,210.0,4.0,550.0,185.0,237.0,237.0,145.0,154.0,447.0,
2018-04-29 22:00:00,0.0,539.0,183.0,0.0,564.0,174.0,0.0,585.0,181.0,0.0,547.0,182.0,1.0,555.0,180.0,0.0,490.0,200.0,4.0,554.0,181.0,181.0,184.0,139.0,140.0,444.0,
2018-04-29 23:00:00,1.0,542.0,178.0,0.0,564.0,172.0,0.0,589.0,180.0,0.0,550.0,181.0,1.0,548.0,178.0,0.0,503.0,191.0,4.0,556.0,179.0,152.0,154.0,135.0,133.0,441.0,
2018-04-30 00:00:00,1.0,550.0,176.0,0.0,565.0,170.0,0.0,592.0,178.0,0.0,555.0,180.0,1.0,551.0,177.0,0.0,516.0,187.0,3.0,562.0,177.0,140.0,142.0,129.0,129.0,379.0,
2018-04-30 01:00:00,1.0,556.0,174.0,0.0,567.0,169.0,0.0,592.0,177.0,0.0,568.0,180.0,1.0,554.0,176.0,0.0,526.0,184.0,0.0,558.0,175.0,133.0,134.0,123.0,125.0,252.0,
2018-04-30 02:00:00,1.0,559.0,172.0,0.0,568.0,168.0,0.0,594.0,177.0,0.0,576.0,179.0,1.0,556.0,175.0,0.0,534.0,181.0,0.0,552.0,172.0,130.0,130.0,125.0,125.0,289.0,
2018-04-30 03:00:00,1.0,557.0,170.0,0.0,567.0,167.0,0.0,595.0,176.0,0.0,588.0,179.0,1.0,560.0,173.0,0.0,541.0,179.0,0.0,550.0,170.0,126.0,127.0,125.0,125.0,231.0,
2018-04-30 04:00:00,2.0,557.0,168.0,0.0,565.0,166.0,0.0,597.0,175.0,0.0,594.0,178.0,1.0,560.0,172.0,0.0,545.0,177.0,0.0,548.0,168.0,125.0,125.0,125.0,123.0,260.0,
2018-04-30 05:00:00,9.0,556.0,167.0,9.0,562.0,165.0,0.0,598.0,174.0,0.0,595.0,177.0,2.0,562.0,171.0,2.0,548.0,175.0,0.0,547.0,167.0,125.0,123.0,124.0,123.0,222.0,
2018-04-30 06:00:00,95.0,948.0,181.0,214.0,606.0,167.0,6.0,630.0,174.0,2.0,605.0,178.0,20.0,606.0,171.0,13.0,599.0,176.0,18.0,571.0,167.0,535.0,191.0,95.0,271.0,493.0,9744.0
2018-04-30 07:00:00,73.0,701.0,178.0,388.0,602.0,173.0,28.0,622.0,173.0,8.0,594.0,177.0,24.0,642.0,173.0,17.0,633.0,178.0,246.0,597.0,172.0,355.0,206.0,107.0,188.0,1322.0,
2018-04-30 08:00:00,54.0,630.0,175.0,113.0,581.0,173.0,32.0,590.0,172.0,8.0,584.0,176.0,15.0,620.0,173.0,21.0,610.0,177.0,92.0,582.0,171.0,208.0,174.0,114.0,142.0,432.0,
2018-04-30 09:00:00,65.0,601.0,172.0,117.0,568.0,173.0,32.0,574.0,171.0,9.0,572.0,175.0,15.0,592.0,172.0,24.0,588.0,175.0,98.0,578.0,171.0,161.0,151.0,120.0,130.0,263.0,
2018-04-30 10:00:00,79.0,588.0,170.0,83.0,563.0,171.0,36.0,567.0,171.0,11.0,562.0,174.0,17.0,579.0,171.0,32.0,572.0,174.0,75.0,566.0,170.0,141.0,138.0,125.0,126.0,279.0,
2018-04-30 11:00:00,74.0,578.0,169.0,58.0,558.0,170.0,31.0,560.0,170.0,10.0,554.0,172.0,14.0,575.0,171.0,32.0,570.0,173.0,60.0,563.0,168.0,132.0,131.0,125.0,125.0,297.0,
2018-04-30 12:00:00,62.0,573.0,167.0,60.0,557.0,168.0,42.0,554.0,170.0,16.0,551.0,172.0,16.0,572.0,170.0,36.0,567.0,172.0,87.0,561.0,166.0,127.0,126.0,125.0,123.0,257.0,
2018-04-30 13:00:00,46.0,570.0,167.0,63.0,557.0,168.0,63.0,548.0,170.0,30.0,555.0,172.0,20.0,568.0,170.0,46.0,560.0,171.0,94.0,559.0,165.0,125.0,124.0,123.0,123.0,265.0,
2018-04-30 14:00:00,43.0,574.0,167.0,68.0,558.0,168.0,105.0,539.0,173.0,58.0,548.0,173.0,30.0,572.0,170.0,67.0,558.0,172.0,119.0,561.0,165.0,125.0,123.0,122.0,123.0,276.0,
2018-04-30 15:00:00,41.0,579.0,167.0,103.0,561.0,168.0,235.0,533.0,177.0,93.0,543.0,177.0,42.0,570.0,171.0,84.0,555.0,173.0,129.0,564.0,165.0,124.0,125.0,125.0,124.0,236.0,
2018-04-30 16:00:00,31.0,574.0,169.0,70.0,561.0,168.0,260.0,526.0,180.0,70.0,525.0,180.0,51.0,561.0,171.0,154.0,543.0,174.0,124.0,565.0,166.0,120.0,127.0,121.0,122.0,292.0,
2018-04-30 17:00:00,49.0,548.0,169.0,48.0,543.0,169.0,196.0,509.0,182.0,43.0,497.0,181.0,120.0,536.0,172.0,148.0,512.0,176.0,98.0,552.0,166.0,119.0,126.0,116.0,120.0,555.0,
2018-04-30 18:00:00,62.0,529.0,170.0,21.0,523.0,170.0,8.0,502.0,183.0,28.0,482.0,182.0,85.0,520.0,173.0,130.0,475.0,179.0,41.0,541.0,166.0,193.0,165.0,101.0,116.0,3170.0,4588.0
2018-04-30 19:00:00,33.0,543.0,181.0,3.0,529.0,178.0,0.0,536.0,189.0,1.0,503.0,185.0,4.0,537.0,182.0,3.0,445.0,214.0,5.0,532.0,182.0,564.0,473.0,112.0,173.0,412.0,5487.0
2018-04-30 20:00:00,12.0,553.0,191.0,0.0,536.0,184.0,0.0,549.0,191.0,0.0,517.0,187.0,1.0,550.0,187.0,0.0,448.0,222.0,3.0,517.0,192.0,522.0,436.0,106.0,282.0,709.0,6829.0
2018-04-30 21:00:00,16.0,543.0,197.0,0.0,543.0,186.0,0.0,561.0,192.0,0.0,520.0,188.0,1.0,557.0,188.0,0.0,453.0,223.0,0.0,508.0,195.0,410.0,390.0,117.0,210.0,1341.0,2352.0
2018-04-30 22:00:00,4.0,609.0,195.0,0.0,580.0,184.0,0.0,570.0,190.0,0.0,518.0,187.0,1.0,590.0,187.0,0.0,484.0,216.0,3.0,536.0,191.0,447.0,267.0,130.0,218.0,346.0,560.0
2018-04-30 23:00:00,1.0,576.0,189.0,0.0,570.0,181.0,0.0,576.0,187.0,0.0,515.0,185.0,1.0,576.0,184.0,0.0,495.0,206.0,0.0,547.0,186.0,257.0,210.0,134.0,179.0,226.0,
2018-05-01 00:00:00,0.0,570.0,183.0,0.0,562.0,179.0,0.0,579.0,185.0,0.0,523.0,185.0,1.0,565.0,182.0,0.0,504.0,198.0,0.0,547.0,181.0,187.0,175.0,140.0,145.0,294.0,
2018-05-01 01:00:00,1.0,567.0,179.0,0.0,556.0,177.0,0.0,580.0,183.0,0.0,537.0,185.0,1.0,557.0,180.0,0.0,508.0,193.0,0.0,545.0,179.0,157.0,154.0,135.0,135.0,284.0,
2018-05-01 02:00:00,0.0,565.0,175.0,0.0,552.0,175.0,0.0,580.0,182.0,0.0,539.0,184.0,1.0,552.0,179.0,0.0,510.0,189.0,0.0,542.0,176.0,142.0,141.0,132.0,131.0,282.0,
2018-05-01 03:00:00,0.0,562.0,173.0,0.0,548.0,174.0,0.0,579.0,180.0,0.0,538.0,183.0,1.0,549.0,177.0,0.0,510.0,186.0,0.0,539.0,174.0,134.0,133.0,130.0,128.0,259.0,
2018-05-01 04:00:00,3.0,559.0,171.0,0.0,546.0,172.0,0.0,578.0,179.0,0.0,541.0,182.0,1.0,545.0,175.0,0.0,511.0,183.0,0.0,536.0,172.0,130.0,129.0,126.0,126.0,232.0,
2018-05-01 05:00:00,20.0,556.0,169.0,1.0,545.0,171.0,0.0,579.0,178.0,0.0,543.0,181.0,5.0,544.0,174.0,5.0,514.0,181.0,0.0,534.0,170.0,127.0,127.0,124.0,125.0,285.0,
2018-05-01 06:00:00,80.0,793.0,175.0,85.0,529.0,175.0,14.0,578.0,177.0,2.0,548.0,180.0,21.0,568.0,174.0,15.0,536.0,180.0,41.0,540.0,170.0,363.0,148.0,96.0,240.0,695.0,5936.0
2018-05-01 07:00:00,79.0,835.0,177.0,468.0,548.0,182.0,12.0,575.0,177.0,9.0,561.0,180.0,36.0,605.0,176.0,23.0,587.0,182.0,289.0,571.0,177.0,287.0,179.0,123.0,175.0,338.0,
2018-05-01 08:00:00,83.0,640.0,175.0,272.0,547.0,185.0,14.0,575.0,177.0,13.0,539.0,179.0,19.0,586.0,177.0,29.0,569.0,182.0,178.0,566.0,179.0,188.0,159.0,130.0,137.0,260.0,
2018-05-01 09:00:00,90.0,607.0,174.0,170.0,535.0,185.0,16.0,566.0,176.0,15.0,528.0,178.0,19.0,575.0,176.0,36.0,558.0,181.0,128.0,551.0,179.0,154.0,144.0,130.0,130.0,345.0,
2018-05-01 10:00:00,93.0,592.0,173.0,103.0,526.0,183.0,28.0,556.0,175.0,16.0,513.0,177.0,21.0,564.0,175.0,44.0,550.0,179.0,89.0,538.0,178.0,138.0,135.0,126.0,126.0,284.0,
2018-05-01 11:00:00,94.0,580.0,172.0,91.0,530.0,180.0,42.0,548.0,174.0,18.0,499.0,176.0,24.0,554.0,175.0,51.0,541.0,178.0,89.0,528.0,175.0,131.0,129.0,125.0,125.0,332.0,
2018-05-01 12:00:00,84.0,568.0,171.0,93.0,527.0,178.0,53.0,539.0,173.0,21.0,479.0,175.0,26.0,546.0,174.0,51.0,534.0,177.0,96.0,526.0,174.0,126.0,126.0,125.0,124.0,293.0,
2018-05-01 13:00:00,79.0,558.0,171.0,76.0,523.0,177.0,47.0,530.0,173.0,17.0,470.0,175.0,24.0,537.0,174.0,46.0,525.0,176.0,80.0,527.0,173.0,125.0,124.0,125.0,123.0,328.0,
2018-05-01 14:00:00,58.0,553.0,170.0,50.0,526.0,175.0,28.0,531.0,172.0,11.0,484.0,174.0,17.0,537.0,173.0,33.0,525.0,175.0,54.0,527.0,171.0,124.0,123.0,125.0,123.0,305.0,
2018-05-01 15:00:00,50.0,552.0,169.0,47.0,529.0,174.0,25.0,536.0,171.0,10.0,499.0,173.0,17.0,540.0,172.0,34.0,523.0,174.0,49.0,528.0,170.0,120.0,123.0,122.0,122.0,310.0,
2018-05-01 16:00:00,37.0,563.0,168.0,32.0,545.0,173.0,21.0,560.0,171.0,7.0,504.0,172.0,12.0,551.0,171.0,19.0,557.0,178.0,34.0,530.0,169.0,120.0,122.0,103.0,119.0,2726.0,559.0
2018-05-01 17:00:00,23.0,579.0,170.0,19.0,561.0,173.0,23.0,567.0,171.0,6.0,524.0,173.0,11.0,564.0,173.0,17.0,523.0,185.0,24.0,565.0,170.0,121.0,121.0,104.0,120.0,454.0,672.0
2018-05-01 18:00:00,13.0,657.0,174.0,6.0,590.0,180.0,0.0,562.0,175.0,1.0,587.0,178.0,5.0,614.0,180.0,8.0,620.0,214.0,11.0,538.0,187.0,527.0,400.0,114.0,208.0,889.0,7727.0
2018-05-01 19:00:00,2.0,706.0,183.0,0.0,607.0,187.0,0.0,562.0,181.0,0.0,624.0,184.0,1.0,661.0,188.0,0.0,541.0,231.0,7.0,557.0,201.0,511.0,442.0,142.0,185.0,298.0,7952.0
2018-05-01 20:00:00,10.0,652.0,183.0,0.0,577.0,190.0,0.0,565.0,185.0,0.0,596.0,186.0,1.0,608.0,190.0,1.0,521.0,224.0,8.0,545.0,205.0,500.0,391.0,116.0,243.0,1255.0,2912.0
2018-05-01 21:00:00,0.0,640.0,182.0,0.0,582.0,189.0,0.0,571.0,183.0,0.0,591.0,186.0,1.0,602.0,189.0,0.0,510.0,219.0,6.0,557.0,198.0,304.0,271.0,113.0,183.0,1792.0,
2018-05-01 22:00:00,0.0,624.0,181.0,0.0,584.0,186.0,0.0,580.0,180.0,0.0,586.0,184.0,1.0,592.0,187.0,0.0,511.0,212.0,7.0,564.0,192.0,212.0,202.0,125.0,147.0,1093.0,
2018-05-01 23:00:00,1.0,612.0,181.0,0.0,579.0,185.0,0.0,582.0,178.0,0.0,577.0,183.0,1.0,585.0,185.0,0.0,515.0,207.0,7.0,569.0,189.0,166.0,164.0,135.0,137.0,865.0,
2018-05-02 00:00:00,2.0,604.0,180.0,0.0,573.0,184.0,0.0,581.0,177.0,0.0,576.0,182.0,0.0,580.0,185.0,0.0,517.0,203.0,3.0,575.0,187.0,147.0,147.0,135.0,134.0,755.0,
2018-05-02 01:00:00,0.0,596.0,180.0,0.0,571.0,183.0,0.0,581.0,176.0,0.0,584.0,182.0,0.0,576.0,183.0,0.0,519.0,199.0,0.0,560.0,185.0,137.0,137.0,130.0,130.0,206.0,
2018-05-02 02:00:00,0.0,591.0,178.0,0.0,567.0,181.0,0.0,582.0,175.0,0.0,586.0,182.0,0.0,572.0,182.0,0.0,524.0,195.0,0.0,558.0,183.0,133.0,134.0,127.0,128.0,264.0,
2018-05-02 03:00:00,0.0,590.0,177.0,0.0,566.0,180.0,0.0,582.0,175.0,0.0,595.0,181.0,0.0,571.0,181.0,0.0,530.0,191.0,0.0,556.0,181.0,130.0,131.0,126.0,128.0,194.0,
2018-05-02 04:00:00,1.0,589.0,176.0,0.0,565.0,178.0,0.0,583.0,174.0,0.0,599.0,181.0,0.0,569.0,180.0,0.0,536.0,189.0,0.0,554.0,180.0,182.0,163.0,129.0,129.0,211.0,560.0
2018-05-02 05:00:00,4.0,594.0,175.0,0.0,566.0,178.0,0.0,594.0,174.0,0.0,608.0,182.0,0.0,571.0,180.0,0.0,540.0,189.0,0.0,552.0,181.0,201.0,191.0,133.0,132.0,179.0,1008.0
2018-05-02 06:00:00,56.0,849.0,184.0,3.0,596.0,178.0,4.0,631.0,175.0,0.0,616.0,183.0,2.0,594.0,181.0,5.0,552.0,191.0,2.0,555.0,183.0,453.0,208.0,107.0,240.0,437.0,8176.0
2018-05-02 07:00:00,35.0,841.0,182.0,30.0,640.0,178.0,12.0,655.0,176.0,3.0,615.0,183.0,6.0,639.0,182.0,11.0,598.0,192.0,23.0,580.0,183.0,423.0,218.0,117.0,214.0,308.0,
2018-05-02 08:00:00,23.0,687.0,179.0,18.0,619.0,178.0,4.0,631.0,175.0,2.0,596.0,182.0,4.0,625.0,181.0,8.0,595.0,190.0,14.0,584.0,181.0,242.0,191.0,126.0,184.0,213.0,224.0
2018-05-02 09:00:00,47.0,670.0,177.0,36.0,611.0,177.0,10.0,620.0,175.0,4.0,595.0,181.0,9.0,620.0,181.0,16.0,587.0,190.0,27.0,591.0,181.0,353.0,189.0,126.0,212.0,304.0,2239.0
2018-05-02 10:00:00,48.0,651.0,176.0,34.0,605.0,177.0,9.0,616.0,175.0,4.0,593.0,180.0,8.0,612.0,180.0,16.0,582.0,189.0,27.0,585.0,181.0,397.0,203.0,142.0,166.0,237.0,1008.0
2018-05-02 11:00:00,80.0,634.0,176.0,65.0,600.0,177.0,23.0,609.0,175.0,11.0,591.0,180.0,17.0,601.0,180.0,32.0,568.0,190.0,50.0,575.0,181.0,243.0,197.0,145.0,146.0,201.0,1568.0
2018-05-02 12:00:00,76.0,625.0,176.0,63.0,596.0,177.0,26.0,604.0,175.0,13.0,590.0,180.0,16.0,595.0,180.0,34.0,563.0,189.0,52.0,572.0,182.0,276.0,201.0,145.0,143.0,193.0,336.0
2018-05-02 13:00:00,69.0,611.0,175.0,58.0,590.0,177.0,36.0,596.0,175.0,17.0,584.0,180.0,17.0,584.0,180.0,37.0,552.0,190.0,52.0,566.0,182.0,206.0,190.0,141.0,140.0,238.0,896.0
2018-05-02 14:00:00,74.0,602.0,176.0,58.0,585.0,177.0,42.0,584.0,175.0,19.0,571.0,180.0,19.0,577.0,180.0,40.0,545.0,189.0,51.0,565.0,181.0,319.0,196.0,142.0,139.0,204.0,1904.0
2018-05-02 15:00:00,66.0,601.0,176.0,104.0,582.0,177.0,169.0,571.0,177.0,71.0,569.0,180.0,39.0,575.0,180.0,79.0,538.0,190.0,83.0,564.0,181.0,189.0,184.0,143.0,140.0,240.0,
2018-05-02 16:00:00,42.0,603.0,176.0,81.0,583.0,178.0,208.0,563.0,180.0,67.0,568.0,182.0,41.0,577.0,181.0,119.0,538.0,189.0,79.0,566.0,179.0,158.0,159.0,139.0,137.0,203.0,
2018-05-02 17:00:00,67.0,612.0,176.0,46.0,569.0,177.0,139.0,549.0,181.0,51.0,552.0,184.0,114.0,558.0,181.0,106.0,515.0,188.0,74.0,557.0,178.0,275.0,156.0,111.0,213.0,378.0,6608.0
2018-05-02 18:00:00,67.0,726.0,181.0,25.0,582.0,177.0,20.0,588.0,183.0,27.0,543.0,186.0,53.0,576.0,182.0,102.0,553.0,199.0,40.0,549.0,180.0,454.0,217.0,106.0,305.0,528.0,4255.0
2018-05-02 19:00:00,9.0,544.0,179.0,3.0,529.0,180.0,0.0,586.0,184.0,1.0,497.0,184.0,2.0,503.0,185.0,9.0,376.0,234.0,15.0,516.0,184.0,449.0,359.0,125.0,178.0,1646.0,9514.0
2018-05-02 20:00:00,17.0,665.0,182.0,0.0,542.0,185.0,0.0,571.0,186.0,0.0,525.0,186.0,1.0,549.0,190.0,1.0,426.0,232.0,3.0,521.0,192.0,530.0,375.0,118.0,283.0,384.0,14439.0
2018-05-02 21:00:00,46.0,955.0,190.0,0.0,570.0,189.0,0.0,569.0,188.0,0.0,561.0,191.0,1.0,585.0,194.0,0.0,453.0,235.0,4.0,532.0,201.0,514.0,424.0,109.0,258.0,2356.0,5824.0
2018-05-02 22:00:00,0.0,766.0,190.0,0.0,584.0,191.0,0.0,570.0,190.0,0.0,573.0,192.0,1.0,602.0,196.0,0.0,486.0,232.0,5.0,544.0,203.0,331.0,325.0,122.0,167.0,1008.0,336.0
2018-05-02 23:00:00,2.0,657.0,188.0,0.0,586.0,189.0,0.0,575.0,186.0,0.0,563.0,190.0,1.0,593.0,194.0,0.0,502.0,221.0,5.0,554.0,198.0,228.0,229.0,144.0,152.0,438.0,
2018-05-03 00:00:00,1.0,625.0,186.0,0.0,583.0,187.0,0.0,576.0,184.0,0.0,558.0,189.0,1.0,583.0,191.0,0.0,511.0,211.0,1.0,558.0,194.0,177.0,180.0,145.0,144.0,278.0,
2018-05-03 01:00:00,1.0,613.0,184.0,0.0,577.0,185.0,0.0,576.0,182.0,0.0,563.0,188.0,1.0,572.0,189.0,0.0,518.0,204.0,0.0,551.0,190.0,156.0,158.0,140.0,139.0,232.0,
2018-05-03 02:00:00,1.0,609.0,184.0,0.0,575.0,184.0,0.0,576.0,181.0,0.0,570.0,188.0,1.0,570.0,189.0,0.0,522.0,201.0,0.0,552.0,189.0,150.0,150.0,140.0,138.0,,
2018-05-03 04:00:00,1.0,601.0,179.0,0.0,570.0,180.0,0.0,569.0,177.0,0.0,569.0,186.0,1.0,563.0,185.0,0.0,531.0,192.0,0.0,552.0,183.0,135.0,134.0,133.0,133.0,303.0,
2018-05-03 05:00:00,11.0,600.0,177.0,0.0,570.0,179.0,0.0,572.0,176.0,0.0,572.0,185.0,2.0,566.0,183.0,2.0,537.0,189.0,0.0,552.0,181.0,130.0,131.0,130.0,131.0,234.0,
2018-05-03 06:00:00,39.0,601.0,177.0,2.0,571.0,179.0,1.0,574.0,175.0,0.0,590.0,185.0,8.0,568.0,182.0,9.0,543.0,187.0,0.0,555.0,180.0,130.0,129.0,130.0,130.0,307.0,
2018-05-03 07:00:00,93.0,761.0,180.0,10.0,601.0,180.0,10.0,617.0,176.0,2.0,586.0,184.0,10.0,594.0,182.0,18.0,587.0,189.0,9.0,568.0,180.0,342.0,145.0,112.0,207.0,409.0,2912.0
2018-05-03 08:00:00,49.0,663.0,179.0,39.0,596.0,179.0,11.0,611.0,176.0,4.0,581.0,183.0,10.0,603.0,182.0,16.0,581.0,187.0,30.0,586.0,179.0,352.0,170.0,115.0,232.0,342.0,560.0
2018-05-03 09:00:00,54.0,636.0,178.0,45.0,588.0,178.0,20.0,595.0,174.0,6.0,570.0,182.0,12.0,595.0,181.0,22.0,575.0,185.0,34.0,583.0,178.0,278.0,171.0,134.0,183.0,238.0,
2018-05-03 10:00:00,50.0,621.0,176.0,38.0,585.0,177.0,20.0,585.0,172.0,5.0,564.0,180.0,11.0,588.0,180.0,21.0,569.0,184.0,30.0,577.0,177.0,196.0,159.0,138.0,144.0,255.0,
2018-05-03 11:00:00,66.0,615.0,175.0,51.0,583.0,176.0,22.0,580.0,171.0,6.0,561.0,180.0,13.0,583.0,179.0,26.0,568.0,182.0,39.0,574.0,176.0,156.0,145.0,135.0,135.0,235.0,
2018-05-03 12:00:00,57.0,608.0,175.0,41.0,581.0,177.0,27.0,581.0,172.0,6.0,562.0,180.0,13.0,578.0,179.0,22.0,560.0,185.0,32.0,569.0,178.0,439.0,340.0,127.0,176.0,310.0,8848.0
2018-05-03 13:00:00,53.0,607.0,179.0,43.0,577.0,184.0,34.0,580.0,179.0,6.0,562.0,187.0,13.0,576.0,186.0,23.0,529.0,201.0,34.0,548.0,191.0,467.0,384.0,126.0,241.0,337.0,3024.0
2018-05-03 14:00:00,34.0,603.0,181.0,27.0,577.0,184.0,10.0,581.0,179.0,3.0,558.0,187.0,9.0,575.0,186.0,14.0,530.0,201.0,23.0,543.0,190.0,295.0,267.0,144.0,186.0,274.0,
2018-05-03 15:00:00,35.0,591.0,179.0,26.0,574.0,181.0,13.0,577.0,177.0,4.0,554.0,184.0,9.0,568.0,183.0,15.0,521.0,196.0,24.0,544.0,184.0,294.0,231.0,141.0,148.0,265.0,6720.0
2018-05-03 16:00:00,56.0,592.0,181.0,45.0,578.0,187.0,64.0,571.0,183.0,19.0,551.0,189.0,25.0,565.0,188.0,49.0,511.0,206.0,46.0,535.0,195.0,520.0,432.0,123.0,171.0,299.0,6271.0
2018-05-03 17:00:00,54.0,700.0,187.0,33.0,618.0,191.0,51.0,598.0,188.0,14.0,584.0,194.0,27.0,650.0,193.0,37.0,583.0,223.0,38.0,564.0,202.0,467.0,342.0,135.0,198.0,360.0,7391.0
2018-05-03 18:00:00,42.0,775.0,190.0,14.0,624.0,191.0,3.0,625.0,189.0,5.0,592.0,195.0,13.0,641.0,194.0,20.0,561.0,221.0,18.0,563.0,203.0,397.0,325.0,121.0,247.0,371.0,2684.0
2018-05-03 19:00:00,27.0,719.0,190.0,2.0,623.0,191.0,0.0,622.0,190.0,0.0,586.0,193.0,3.0,620.0,194.0,3.0,545.0,220.0,8.0,561.0,203.0,516.0,327.0,128.0,250.0,1068.0,13551.0
2018-05-03 20:00:00,49.0,969.0,196.0,0.0,614.0,193.0,0.0,609.0,189.0,0.0,586.0,195.0,2.0,611.0,196.0,2.0,524.0,225.0,4.0,558.0,205.0,551.0,312.0,108.0,342.0,3214.0,2240.0
2018-05-03 21:00:00,24.0,966.0,198.0,0.0,642.0,194.0,0.0,616.0,187.0,0.0,615.0,196.0,1.0,640.0,198.0,0.0,536.0,228.0,3.0,570.0,200.0,358.0,239.0,130.0,233.0,609.0,112.0
2018-05-03 22:00:00,1.0,858.0,195.0,0.0,645.0,193.0,0.0,619.0,185.0,0.0,629.0,195.0,1.0,648.0,196.0,0.0,548.0,221.0,0.0,590.0,196.0,226.0,197.0,126.0,192.0,230.0,
2018-05-03 23:00:00,1.0,727.0,191.0,0.0,637.0,191.0,0.0,614.0,183.0,0.0,610.0,192.0,1.0,639.0,193.0,0.0,565.0,212.0,0.0,601.0,193.0,176.0,169.0,144.0,153.0,186.0,
2018-05-04 00:00:00,1.0,703.0,188.0,0.0,631.0,189.0,0.0,613.0,182.0,0.0,613.0,191.0,1.0,630.0,191.0,0.0,573.0,206.0,0.0,602.0,191.0,156.0,154.0,143.0,144.0,235.0,
2018-05-04 01:00:00,1.0,692.0,186.0,0.0,629.0,188.0,0.0,613.0,181.0,0.0,615.0,191.0,1.0,628.0,190.0,0.0,580.0,201.0,0.0,603.0,189.0,146.0,146.0,140.0,140.0,221.0,
2018-05-04 02:00:00,1.0,691.0,185.0,0.0,629.0,187.0,0.0,614.0,181.0,0.0,616.0,190.0,1.0,626.0,189.0,0.0,586.0,199.0,0.0,604.0,188.0,142.0,143.0,140.0,138.0,215.0,
2018-05-04 04:00:00,1.0,685.0,182.0,0.0,628.0,184.0,0.0,609.0,178.0,0.0,617.0,188.0,1.0,624.0,185.0,0.0,596.0,192.0,0.0,606.0,184.0,135.0,135.0,135.0,135.0,234.0,
2018-05-04 05:00:00,9.0,681.0,181.0,0.0,628.0,183.0,0.0,609.0,177.0,0.0,609.0,187.0,2.0,621.0,184.0,1.0,596.0,191.0,6.0,607.0,183.0,135.0,133.0,135.0,134.0,202.0,
2018-05-04 06:00:00,18.0,681.0,180.0,0.0,627.0,182.0,0.0,607.0,177.0,0.0,600.0,186.0,4.0,621.0,183.0,5.0,597.0,189.0,14.0,607.0,182.0,132.0,133.0,134.0,133.0,180.0,
2018-05-04 07:00:00,37.0,694.0,180.0,0.0,628.0,182.0,9.0,621.0,177.0,0.0,600.0,185.0,7.0,627.0,182.0,16.0,609.0,189.0,24.0,608.0,181.0,160.0,134.0,104.0,160.0,389.0,3584.0
2018-05-04 08:00:00,84.0,897.0,184.0,66.0,662.0,182.0,19.0,669.0,178.0,3.0,602.0,184.0,11.0,645.0,183.0,25.0,627.0,190.0,95.0,628.0,182.0,475.0,184.0,119.0,223.0,361.0,784.0
2018-05-04 09:00:00,43.0,743.0,181.0,29.0,638.0,183.0,10.0,643.0,178.0,3.0,599.0,183.0,8.0,627.0,183.0,14.0,612.0,189.0,28.0,616.0,182.0,257.0,181.0,140.0,155.0,229.0,
2018-05-04 10:00:00,76.0,687.0,180.0,53.0,633.0,181.0,19.0,633.0,177.0,6.0,596.0,182.0,15.0,618.0,182.0,30.0,602.0,187.0,49.0,610.0,180.0,381.0,160.0,113.0,254.0,403.0,1008.0
2018-05-04 11:00:00,99.0,674.0,179.0,85.0,629.0,181.0,32.0,634.0,177.0,13.0,602.0,182.0,21.0,622.0,181.0,43.0,607.0,186.0,73.0,614.0,180.0,452.0,167.0,98.0,259.0,1307.0,1232.0
2018-05-04 12:00:00,134.0,676.0,179.0,91.0,628.0,182.0,41.0,638.0,177.0,20.0,615.0,182.0,26.0,623.0,182.0,52.0,609.0,186.0,79.0,619.0,180.0,281.0,169.0,104.0,202.0,887.0,112.0
2018-05-04 13:00:00,111.0,681.0,180.0,87.0,628.0,182.0,42.0,638.0,178.0,19.0,619.0,183.0,24.0,628.0,182.0,49.0,618.0,187.0,76.0,621.0,180.0,183.0,159.0,130.0,151.0,226.0,
2018-05-04 14:00:00,67.0,674.0,180.0,50.0,627.0,182.0,16.0,640.0,178.0,8.0,619.0,183.0,12.0,626.0,183.0,23.0,613.0,187.0,47.0,620.0,180.0,160.0,151.0,135.0,141.0,273.0,
2018-05-04 15:00:00,92.0,672.0,180.0,50.0,627.0,181.0,33.0,638.0,177.0,13.0,619.0,183.0,20.0,625.0,182.0,38.0,613.0,187.0,51.0,619.0,180.0,147.0,144.0,137.0,138.0,226.0,
2018-05-04 16:00:00,76.0,670.0,180.0,57.0,629.0,181.0,105.0,635.0,178.0,37.0,622.0,183.0,35.0,628.0,182.0,75.0,614.0,187.0,71.0,620.0,180.0,141.0,140.0,135.0,138.0,241.0,
2018-05-04 17:00:00,55.0,677.0,180.0,23.0,640.0,181.0,3.0,647.0,178.0,5.0,620.0,183.0,10.0,640.0,182.0,16.0,635.0,186.0,24.0,628.0,179.0,138.0,138.0,117.0,140.0,1088.0,112.0
2018-05-04 18:00:00,41.0,655.0,179.0,19.0,638.0,180.0,0.0,664.0,178.0,18.0,617.0,183.0,37.0,626.0,181.0,64.0,614.0,184.0,29.0,633.0,179.0,146.0,139.0,105.0,168.0,707.0,224.0
2018-05-04 19:00:00,8.0,666.0,179.0,4.0,636.0,180.0,0.0,658.0,178.0,2.0,615.0,183.0,5.0,632.0,181.0,6.0,619.0,185.0,15.0,644.0,179.0,224.0,163.0,126.0,162.0,383.0,5824.0
2018-05-04 20:00:00,1.0,665.0,182.0,0.0,634.0,185.0,0.0,656.0,183.0,0.0,628.0,185.0,1.0,628.0,187.0,0.0,586.0,202.0,10.0,632.0,192.0,496.0,409.0,152.0,155.0,509.0,4255.0
2018-05-04 21:00:00,2.0,663.0,184.0,0.0,628.0,188.0,0.0,650.0,186.0,0.0,625.0,188.0,1.0,624.0,191.0,0.0,561.0,212.0,9.0,621.0,202.0,428.0,362.0,164.0,161.0,486.0,4927.0
2018-05-04 22:00:00,0.0,671.0,186.0,8.0,627.0,192.0,0.0,649.0,189.0,0.0,631.0,189.0,1.0,626.0,193.0,0.0,555.0,217.0,4.0,619.0,207.0,428.0,398.0,157.0,248.0,363.0,2125.0
2018-05-04 23:00:00,11.0,686.0,188.0,3.0,660.0,193.0,0.0,647.0,189.0,0.0,628.0,189.0,1.0,643.0,194.0,0.0,573.0,215.0,0.0,598.0,204.0,268.0,277.0,115.0,211.0,1153.0,112.0
2018-05-05 00:00:00,1.0,683.0,188.0,0.0,673.0,191.0,0.0,649.0,186.0,0.0,623.0,189.0,1.0,650.0,191.0,0.0,597.0,209.0,0.0,605.0,198.0,202.0,206.0,134.0,162.0,728.0,
2018-05-05 01:00:00,1.0,681.0,188.0,0.0,683.0,190.0,0.0,649.0,185.0,0.0,617.0,188.0,1.0,640.0,190.0,0.0,600.0,205.0,0.0,609.0,194.0,173.0,175.0,145.0,150.0,272.0,
2018-05-05 02:00:00,1.0,677.0,188.0,0.0,689.0,190.0,0.0,648.0,185.0,0.0,616.0,188.0,1.0,635.0,190.0,0.0,605.0,203.0,0.0,610.0,193.0,165.0,165.0,145.0,148.0,,
2018-05-05 03:00:00,1.0,669.0,185.0,0.0,701.0,190.0,0.0,645.0,183.0,0.0,615.0,187.0,1.0,630.0,189.0,0.0,609.0,197.0,0.0,610.0,190.0,146.0,148.0,144.0,143.0,266.0,
2018-05-05 04:00:00,5.0,665.0,184.0,0.0,704.0,190.0,0.0,644.0,182.0,0.0,615.0,186.0,1.0,629.0,189.0,0.0,612.0,195.0,0.0,610.0,189.0,145.0,145.0,140.0,141.0,214.0,
2018-05-05 05:00:00,25.0,661.0,184.0,1.0,713.0,191.0,0.0,644.0,182.0,0.0,615.0,185.0,3.0,626.0,188.0,7.0,618.0,193.0,0.0,610.0,187.0,141.0,142.0,140.0,140.0,258.0,
2018-05-05 06:00:00,59.0,662.0,184.0,4.0,708.0,196.0,0.0,648.0,181.0,0.0,618.0,185.0,9.0,627.0,188.0,14.0,622.0,191.0,4.0,623.0,188.0,140.0,140.0,140.0,140.0,308.0,
2018-05-05 07:00:00,113.0,778.0,188.0,8.0,686.0,203.0,0.0,658.0,181.0,0.0,637.0,185.0,9.0,648.0,188.0,19.0,642.0,191.0,25.0,629.0,191.0,291.0,148.0,121.0,189.0,396.0,3696.0
2018-05-05 08:00:00,103.0,884.0,192.0,289.0,647.0,207.0,11.0,707.0,184.0,5.0,676.0,187.0,17.0,697.0,191.0,25.0,698.0,196.0,69.0,634.0,196.0,384.0,179.0,115.0,262.0,779.0,560.0
2018-05-05 09:00:00,109.0,840.0,192.0,153.0,648.0,205.0,34.0,712.0,187.0,15.0,679.0,188.0,17.0,691.0,193.0,30.0,687.0,196.0,86.0,644.0,198.0,429.0,180.0,104.0,237.0,972.0,560.0
2018-05-05 10:00:00,90.0,738.0,192.0,96.0,642.0,202.0,30.0,694.0,186.0,12.0,666.0,189.0,23.0,675.0,192.0,40.0,669.0,196.0,62.0,636.0,196.0,324.0,193.0,128.0,175.0,316.0,
2018-05-05 11:00:00,81.0,694.0,191.0,88.0,634.0,199.0,30.0,680.0,186.0,11.0,653.0,189.0,23.0,661.0,192.0,37.0,655.0,194.0,62.0,630.0,195.0,216.0,178.0,142.0,154.0,224.0,
2018-05-05 12:00:00,79.0,695.0,190.0,70.0,633.0,198.0,38.0,676.0,186.0,13.0,644.0,189.0,14.0,660.0,191.0,35.0,659.0,194.0,57.0,636.0,194.0,172.0,161.0,136.0,147.0,431.0,
2018-05-05 13:00:00,81.0,705.0,189.0,0.0,640.0,196.0,62.0,684.0,187.0,51.0,635.0,189.0,10.0,666.0,192.0,45.0,660.0,194.0,72.0,651.0,195.0,158.0,153.0,138.0,145.0,293.0,
2018-05-05 14:00:00,65.0,694.0,189.0,0.0,646.0,196.0,156.0,668.0,189.0,121.0,631.0,192.0,14.0,650.0,192.0,67.0,623.0,194.0,104.0,645.0,196.0,150.0,151.0,123.0,147.0,1045.0,112.0
2018-05-05 15:00:00,71.0,702.0,189.0,126.0,647.0,196.0,142.0,663.0,192.0,107.0,622.0,197.0,26.0,654.0,193.0,61.0,640.0,196.0,75.0,639.0,196.0,145.0,149.0,114.0,150.0,379.0,
2018-05-05 16:00:00,59.0,697.0,190.0,52.0,642.0,195.0,92.0,655.0,191.0,55.0,613.0,197.0,28.0,651.0,193.0,57.0,643.0,195.0,53.0,632.0,195.0,145.0,148.0,133.0,147.0,735.0,
2018-05-05 17:00:00,45.0,715.0,190.0,44.0,670.0,196.0,124.0,678.0,195.0,79.0,617.0,199.0,87.0,670.0,196.0,91.0,642.0,206.0,75.0,660.0,196.0,174.0,148.0,119.0,149.0,459.0,112.0
2018-05-05 18:00:00,41.0,706.0,194.0,12.0,666.0,196.0,0.0,675.0,194.0,17.0,610.0,199.0,26.0,657.0,198.0,37.0,617.0,208.0,29.0,666.0,197.0,202.0,153.0,110.0,165.0,1033.0,223.0
2018-05-05 19:00:00,9.0,664.0,194.0,0.0,657.0,195.0,0.0,675.0,192.0,1.0,610.0,198.0,8.0,634.0,196.0,6.0,603.0,204.0,14.0,654.0,197.0,166.0,152.0,114.0,166.0,762.0,
2018-05-05 20:00:00,4.0,694.0,194.0,0.0,656.0,194.0,0.0,678.0,191.0,0.0,625.0,197.0,1.0,662.0,196.0,0.0,653.0,202.0,5.0,655.0,197.0,154.0,148.0,117.0,167.0,861.0,112.0
2018-05-05 21:00:00,1.0,694.0,193.0,0.0,654.0,193.0,0.0,680.0,190.0,0.0,622.0,197.0,1.0,661.0,195.0,0.0,647.0,200.0,6.0,659.0,198.0,150.0,147.0,117.0,152.0,473.0,
2018-05-05 22:00:00,0.0,689.0,192.0,0.0,651.0,192.0,0.0,677.0,190.0,0.0,618.0,196.0,1.0,651.0,195.0,0.0,638.0,199.0,6.0,660.0,198.0,149.0,145.0,127.0,152.0,331.0,
2018-05-05 23:00:00,18.0,686.0,192.0,0.0,660.0,192.0,0.0,674.0,190.0,0.0,616.0,195.0,1.0,650.0,194.0,0.0,639.0,198.0,1.0,644.0,197.0,145.0,145.0,136.0,145.0,321.0,
2018-05-06 00:00:00,7.0,686.0,192.0,0.0,685.0,193.0,0.0,674.0,190.0,0.0,613.0,193.0,1.0,651.0,194.0,0.0,644.0,198.0,0.0,626.0,195.0,145.0,144.0,138.0,143.0,285.0,
2018-05-06 01:00:00,1.0,678.0,191.0,0.0,700.0,194.0,0.0,675.0,189.0,0.0,615.0,193.0,1.0,646.0,193.0,0.0,636.0,197.0,0.0,619.0,194.0,145.0,143.0,140.0,143.0,249.0,
2018-05-06 02:00:00,1.0,672.0,190.0,0.0,709.0,195.0,0.0,672.0,188.0,0.0,619.0,192.0,1.0,643.0,193.0,0.0,631.0,196.0,0.0,611.0,193.0,145.0,143.0,142.0,143.0,271.0,
2018-05-06 03:00:00,1.0,663.0,189.0,0.0,715.0,195.0,0.0,670.0,188.0,0.0,619.0,191.0,1.0,635.0,192.0,0.0,625.0,194.0,0.0,605.0,192.0,144.0,143.0,140.0,143.0,248.0,
2018-05-06 04:00:00,4.0,653.0,188.0,0.0,723.0,195.0,0.0,667.0,187.0,0.0,618.0,191.0,1.0,628.0,191.0,0.0,621.0,193.0,0.0,601.0,191.0,140.0,142.0,140.0,143.0,259.0,
2018-05-06 05:00:00,23.0,647.0,188.0,1.0,733.0,196.0,0.0,666.0,187.0,0.0,616.0,190.0,6.0,624.0,190.0,6.0,618.0,193.0,0.0,602.0,190.0,140.0,147.0,140.0,143.0,234.0,
2018-05-06 06:00:00,63.0,656.0,188.0,7.0,717.0,202.0,0.0,664.0,186.0,0.0,618.0,190.0,15.0,630.0,190.0,13.0,626.0,192.0,9.0,623.0,191.0,140.0,143.0,140.0,143.0,263.0,
2018-05-06 07:00:00,90.0,690.0,190.0,111.0,664.0,211.0,3.0,676.0,186.0,0.0,629.0,189.0,13.0,667.0,192.0,15.0,677.0,194.0,9.0,622.0,196.0,138.0,141.0,131.0,145.0,388.0,224.0
2018-05-06 08:00:00,85.0,699.0,192.0,282.0,626.0,212.0,10.0,694.0,190.0,12.0,655.0,190.0,10.0,678.0,195.0,20.0,700.0,197.0,146.0,631.0,201.0,138.0,140.0,111.0,146.0,934.0,
2018-05-06 09:00:00,83.0,708.0,191.0,127.0,626.0,210.0,18.0,691.0,191.0,16.0,637.0,190.0,7.0,676.0,196.0,25.0,707.0,195.0,80.0,632.0,202.0,197.0,143.0,103.0,170.0,681.0,2576.0
2018-05-06 10:00:00,80.0,940.0,198.0,68.0,641.0,207.0,22.0,705.0,192.0,17.0,657.0,190.0,10.0,709.0,196.0,27.0,724.0,200.0,50.0,649.0,201.0,503.0,202.0,102.0,253.0,801.0,3024.0
2018-05-06 11:00:00,62.0,749.0,195.0,80.0,636.0,204.0,24.0,678.0,192.0,10.0,668.0,192.0,16.0,678.0,196.0,30.0,670.0,201.0,59.0,629.0,200.0,273.0,199.0,122.0,171.0,344.0,
2018-05-06 12:00:00,72.0,699.0,194.0,121.0,636.0,203.0,38.0,671.0,192.0,16.0,655.0,193.0,19.0,665.0,195.0,40.0,657.0,199.0,96.0,627.0,199.0,198.0,178.0,139.0,154.0,242.0,
2018-05-06 13:00:00,63.0,682.0,194.0,137.0,636.0,202.0,72.0,663.0,192.0,30.0,644.0,194.0,24.0,656.0,195.0,52.0,656.0,199.0,113.0,627.0,199.0,170.0,164.0,143.0,149.0,226.0,
2018-05-06 14:00:00,57.0,690.0,195.0,185.0,639.0,202.0,127.0,659.0,196.0,48.0,644.0,197.0,28.0,663.0,196.0,58.0,662.0,199.0,120.0,636.0,199.0,157.0,156.0,136.0,148.0,393.0,
2018-05-06 15:00:00,44.0,678.0,196.0,206.0,640.0,202.0,238.0,669.0,199.0,145.0,635.0,203.0,27.0,649.0,199.0,93.0,627.0,202.0,100.0,650.0,200.0,153.0,154.0,140.0,151.0,1446.0,112.0
2018-05-06 16:00:00,31.0,602.0,201.0,99.0,570.0,204.0,256.0,618.0,203.0,119.0,614.0,210.0,46.0,569.0,205.0,208.0,522.0,218.0,92.0,597.0,201.0,245.0,159.0,118.0,231.0,1671.0,6382.0
2018-05-06 17:00:00,79.0,895.0,210.0,58.0,587.0,207.0,163.0,605.0,206.0,92.0,605.0,214.0,145.0,591.0,211.0,212.0,506.0,233.0,119.0,602.0,203.0,651.0,276.0,116.0,360.0,893.0,2127.0
2018-05-06 18:00:00,54.0,746.0,210.0,9.0,643.0,208.0,0.0,664.0,208.0,43.0,591.0,215.0,12.0,638.0,210.0,70.0,562.0,236.0,38.0,652.0,205.0,367.0,264.0,157.0,232.0,1379.0,
2018-05-06 19:00:00,5.0,676.0,210.0,0.0,648.0,209.0,0.0,671.0,206.0,0.0,608.0,212.0,2.0,640.0,211.0,0.0,565.0,237.0,10.0,682.0,207.0,226.0,211.0,149.0,187.0,297.0,112.0
2018-05-06 20:00:00,8.0,670.0,209.0,0.0,649.0,208.0,0.0,679.0,205.0,0.0,613.0,210.0,1.0,640.0,209.0,0.0,575.0,229.0,6.0,684.0,208.0,191.0,195.0,141.0,224.0,300.0,448.0
2018-05-06 21:00:00,9.0,674.0,207.0,0.0,662.0,206.0,0.0,675.0,204.0,0.0,615.0,209.0,1.0,644.0,208.0,1.0,593.0,223.0,2.0,667.0,209.0,249.0,181.0,123.0,285.0,1002.0,112.0
2018-05-06 22:00:00,8.0,669.0,207.0,0.0,685.0,206.0,0.0,674.0,203.0,0.0,586.0,208.0,1.0,640.0,207.0,0.0,605.0,219.0,0.0,650.0,207.0,215.0,177.0,132.0,180.0,1024.0,
2018-05-06 23:00:00,8.0,667.0,207.0,0.0,703.0,206.0,0.0,673.0,203.0,0.0,585.0,207.0,1.0,632.0,207.0,0.0,600.0,217.0,0.0,635.0,206.0,182.0,169.0,146.0,161.0,251.0,
2018-05-07 00:00:00,1.0,658.0,206.0,0.0,713.0,206.0,0.0,673.0,203.0,0.0,581.0,206.0,1.0,626.0,207.0,0.0,600.0,216.0,0.0,625.0,205.0,168.0,163.0,153.0,156.0,255.0,
2018-05-07 01:00:00,1.0,646.0,205.0,0.0,727.0,206.0,0.0,673.0,203.0,0.0,575.0,205.0,1.0,617.0,206.0,0.0,596.0,214.0,0.0,615.0,204.0,160.0,159.0,155.0,155.0,224.0,
2018-05-07 02:00:00,1.0,643.0,203.0,0.0,738.0,206.0,0.0,671.0,202.0,0.0,575.0,204.0,1.0,613.0,205.0,0.0,596.0,213.0,0.0,611.0,203.0,159.0,156.0,155.0,154.0,255.0,
2018-05-07 03:00:00,1.0,639.0,202.0,0.0,739.0,206.0,0.0,669.0,202.0,0.0,572.0,204.0,1.0,609.0,204.0,0.0,589.0,211.0,0.0,605.0,202.0,155.0,155.0,155.0,153.0,221.0,
2018-05-07 04:00:00,3.0,638.0,201.0,0.0,738.0,207.0,0.0,667.0,201.0,0.0,567.0,202.0,1.0,606.0,203.0,0.0,590.0,210.0,2.0,602.0,201.0,155.0,153.0,148.0,153.0,243.0,
2018-05-07 05:00:00,21.0,637.0,200.0,0.0,745.0,206.0,0.0,669.0,201.0,0.0,571.0,201.0,5.0,607.0,203.0,5.0,588.0,209.0,31.0,600.0,201.0,155.0,153.0,148.0,153.0,282.0,
2018-05-07 06:00:00,40.0,643.0,200.0,0.0,757.0,208.0,2.0,673.0,200.0,0.0,579.0,199.0,8.0,612.0,202.0,12.0,596.0,209.0,66.0,604.0,201.0,154.0,152.0,140.0,151.0,416.0,
2018-05-07 07:00:00,66.0,647.0,200.0,0.0,707.0,207.0,9.0,660.0,200.0,1.0,593.0,199.0,9.0,620.0,201.0,20.0,594.0,207.0,69.0,606.0,201.0,153.0,151.0,125.0,152.0,313.0,
2018-05-07 08:00:00,119.0,862.0,204.0,36.0,639.0,205.0,15.0,647.0,199.0,9.0,595.0,199.0,11.0,635.0,201.0,27.0,617.0,206.0,115.0,626.0,202.0,534.0,167.0,115.0,341.0,362.0,5823.0
2018-05-07 09:00:00,132.0,872.0,206.0,172.0,617.0,205.0,11.0,643.0,200.0,18.0,611.0,199.0,15.0,635.0,202.0,27.0,628.0,207.0,89.0,622.0,204.0,569.0,253.0,114.0,348.0,287.0,6831.0
2018-05-07 10:00:00,107.0,806.0,208.0,127.0,612.0,203.0,17.0,642.0,200.0,32.0,609.0,199.0,17.0,636.0,203.0,37.0,626.0,206.0,70.0,608.0,204.0,371.0,287.0,151.0,229.0,227.0,
2018-05-07 11:00:00,80.0,652.0,204.0,85.0,601.0,201.0,10.0,623.0,199.0,11.0,602.0,199.0,12.0,612.0,202.0,31.0,608.0,206.0,48.0,593.0,203.0,242.0,226.0,162.0,180.0,332.0,
2018-05-07 12:00:00,84.0,604.0,201.0,94.0,534.0,199.0,27.0,520.0,198.0,18.0,564.0,199.0,21.0,506.0,201.0,57.0,465.0,207.0,61.0,524.0,201.0,200.0,196.0,127.0,176.0,680.0,
2018-05-07 13:00:00,58.0,477.0,201.0,95.0,406.0,200.0,11.0,446.0,199.0,33.0,407.0,199.0,28.0,404.0,204.0,69.0,352.0,209.0,65.0,432.0,201.0,178.0,178.0,119.0,162.0,413.0,
2018-05-07 14:00:00,64.0,422.0,203.0,111.0,418.0,201.0,59.0,470.0,202.0,58.0,416.0,203.0,38.0,414.0,207.0,89.0,364.0,212.0,79.0,444.0,202.0,168.0,170.0,134.0,158.0,532.0,
2018-05-07 15:00:00,59.0,421.0,204.0,130.0,410.0,203.0,131.0,446.0,204.0,87.0,445.0,205.0,43.0,409.0,208.0,114.0,358.0,214.0,90.0,423.0,203.0,164.0,165.0,119.0,159.0,935.0,112.0
2018-05-07 16:00:00,55.0,510.0,204.0,62.0,474.0,205.0,72.0,486.0,207.0,50.0,479.0,209.0,31.0,483.0,211.0,69.0,459.0,218.0,61.0,477.0,204.0,174.0,164.0,117.0,226.0,981.0,784.0
2018-05-07 17:00:00,100.0,565.0,206.0,55.0,537.0,206.0,104.0,516.0,209.0,48.0,524.0,212.0,120.0,545.0,211.0,120.0,522.0,218.0,92.0,527.0,205.0,332.0,172.0,129.0,247.0,845.0,
2018-05-07 18:00:00,64.0,570.0,208.0,24.0,551.0,207.0,0.0,554.0,211.0,22.0,535.0,214.0,32.0,546.0,212.0,61.0,515.0,219.0,32.0,546.0,206.0,246.0,180.0,127.0,190.0,551.0,112.0
2018-05-07 19:00:00,14.0,558.0,209.0,7.0,546.0,207.0,0.0,569.0,211.0,7.0,530.0,213.0,9.0,544.0,211.0,21.0,512.0,220.0,16.0,541.0,206.0,192.0,170.0,128.0,179.0,387.0,
2018-05-07 20:00:00,3.0,557.0,208.0,0.0,554.0,205.0,0.0,578.0,209.0,0.0,525.0,212.0,2.0,543.0,209.0,4.0,503.0,217.0,0.0,544.0,206.0,181.0,166.0,125.0,186.0,1135.0,1008.0
2018-05-07 21:00:00,13.0,636.0,207.0,0.0,561.0,204.0,0.0,581.0,207.0,0.0,536.0,211.0,1.0,565.0,209.0,0.0,529.0,217.0,0.0,537.0,205.0,496.0,175.0,112.0,309.0,1179.0,1568.0
2018-05-07 22:00:00,1.0,675.0,207.0,0.0,584.0,204.0,0.0,589.0,206.0,0.0,551.0,210.0,1.0,582.0,208.0,0.0,550.0,216.0,0.0,549.0,204.0,445.0,197.0,153.0,242.0,247.0,
2018-05-07 23:00:00,1.0,595.0,206.0,0.0,577.0,203.0,0.0,596.0,206.0,0.0,541.0,209.0,1.0,568.0,208.0,0.0,544.0,215.0,0.0,551.0,203.0,256.0,198.0,162.0,178.0,248.0,
2018-05-08 00:00:00,1.0,587.0,205.0,0.0,573.0,202.0,0.0,600.0,206.0,0.0,543.0,209.0,1.0,564.0,207.0,0.0,542.0,214.0,0.0,550.0,203.0,202.0,185.0,165.0,167.0,254.0,
2018-05-08 01:00:00,1.0,586.0,204.0,0.0,570.0,202.0,0.0,604.0,206.0,0.0,545.0,208.0,1.0,562.0,207.0,0.0,539.0,213.0,0.0,550.0,202.0,182.0,175.0,165.0,164.0,219.0,
2018-05-08 03:00:00,1.0,579.0,202.0,0.0,566.0,200.0,0.0,609.0,205.0,0.0,543.0,207.0,1.0,557.0,205.0,0.0,536.0,212.0,0.0,548.0,201.0,165.0,163.0,160.0,160.0,244.0,
2018-05-08 04:00:00,6.0,579.0,201.0,6.0,566.0,199.0,0.0,611.0,205.0,0.0,544.0,206.0,2.0,556.0,204.0,0.0,537.0,211.0,8.0,547.0,200.0,162.0,161.0,160.0,158.0,234.0,
2018-05-08 05:00:00,41.0,579.0,201.0,171.0,564.0,200.0,0.0,613.0,204.0,0.0,543.0,206.0,9.0,558.0,203.0,11.0,536.0,210.0,86.0,548.0,200.0,160.0,159.0,157.0,158.0,276.0,
2018-05-08 06:00:00,94.0,869.0,209.0,456.0,564.0,207.0,9.0,611.0,204.0,2.0,534.0,205.0,27.0,585.0,204.0,22.0,572.0,210.0,298.0,550.0,203.0,495.0,179.0,127.0,305.0,447.0,3584.0
2018-05-08 07:00:00,101.0,656.0,206.0,626.0,539.0,214.0,12.0,572.0,205.0,6.0,512.0,206.0,42.0,566.0,206.0,24.0,559.0,210.0,285.0,535.0,209.0,305.0,196.0,150.0,226.0,303.0,
2018-05-08 08:00:00,83.0,590.0,207.0,369.0,533.0,218.0,10.0,571.0,205.0,,,,18.0,564.0,208.0,23.0,551.0,210.0,190.0,534.0,213.0,218.0,186.0,164.0,174.0,172.0,
2018-05-08 09:00:00,86.0,583.0,207.0,185.0,533.0,217.0,15.0,572.0,206.0,,,,19.0,566.0,208.0,32.0,555.0,210.0,112.0,532.0,214.0,185.0,175.0,163.0,164.0,244.0,
2018-05-08 10:00:00,83.0,577.0,207.0,117.0,534.0,215.0,21.0,569.0,205.0,,,,20.0,564.0,207.0,38.0,552.0,210.0,76.0,530.0,213.0,171.0,167.0,160.0,160.0,279.0,
2018-05-08 11:00:00,60.0,576.0,206.0,66.0,540.0,212.0,17.0,564.0,205.0,,,,16.0,566.0,206.0,28.0,564.0,209.0,50.0,527.0,210.0,165.0,163.0,160.0,159.0,255.0,
2018-05-08 12:00:00,37.0,575.0,205.0,38.0,544.0,210.0,11.0,561.0,204.0,,,,9.0,568.0,206.0,17.0,562.0,208.0,30.0,530.0,209.0,161.0,160.0,160.0,158.0,208.0,
2018-05-08 13:00:00,32.0,579.0,204.0,28.0,549.0,208.0,9.0,564.0,203.0,,,,8.0,572.0,205.0,14.0,562.0,208.0,23.0,534.0,207.0,160.0,159.0,158.0,158.0,230.0,
2018-05-08 14:00:00,45.0,585.0,204.0,41.0,557.0,207.0,14.0,570.0,202.0,,,,12.0,576.0,204.0,20.0,568.0,207.0,34.0,541.0,206.0,160.0,158.0,155.0,158.0,218.0,
2018-05-08 15:00:00,54.0,589.0,203.0,54.0,561.0,207.0,25.0,573.0,202.0,,,,16.0,583.0,204.0,29.0,573.0,207.0,47.0,546.0,206.0,159.0,158.0,155.0,158.0,242.0,
2018-05-08 16:00:00,33.0,586.0,203.0,36.0,563.0,206.0,11.0,575.0,202.0,9.0,553.0,204.0,9.0,583.0,204.0,15.0,575.0,206.0,28.0,548.0,205.0,156.0,156.0,155.0,156.0,358.0,
2018-05-08 17:00:00,91.0,724.0,205.0,52.0,666.0,207.0,111.0,664.0,205.0,48.0,604.0,204.0,100.0,646.0,207.0,110.0,639.0,224.0,78.0,609.0,205.0,448.0,175.0,118.0,355.0,421.0,8064.0
2018-05-08 18:00:00,43.0,744.0,210.0,14.0,598.0,207.0,6.0,624.0,205.0,7.0,577.0,205.0,10.0,590.0,208.0,20.0,540.0,219.0,18.0,586.0,206.0,509.0,277.0,136.0,274.0,478.0,1120.0
2018-05-08 19:00:00,17.0,590.0,206.0,3.0,569.0,205.0,0.0,631.0,203.0,1.0,546.0,204.0,2.0,569.0,205.0,3.0,536.0,212.0,10.0,582.0,208.0,285.0,233.0,144.0,201.0,693.0,
2018-05-08 20:00:00,25.0,619.0,205.0,0.0,591.0,205.0,0.0,626.0,202.0,0.0,561.0,204.0,2.0,595.0,205.0,0.0,571.0,209.0,4.0,589.0,210.0,229.0,201.0,133.0,176.0,1092.0,1120.0
2018-05-08 21:00:00,21.0,619.0,205.0,0.0,585.0,205.0,0.0,621.0,201.0,0.0,567.0,204.0,2.0,598.0,205.0,0.0,594.0,208.0,8.0,587.0,214.0,470.0,419.0,124.0,202.0,2086.0,2576.0
2018-05-08 22:00:00,1.0,598.0,204.0,0.0,574.0,205.0,0.0,616.0,201.0,0.0,535.0,202.0,1.0,578.0,206.0,0.0,589.0,208.0,10.0,562.0,218.0,467.0,410.0,143.0,202.0,1094.0,1344.0
2018-05-08 23:00:00,3.0,593.0,203.0,0.0,565.0,205.0,0.0,610.0,201.0,0.0,531.0,200.0,1.0,574.0,205.0,0.0,586.0,208.0,2.0,539.0,217.0,318.0,308.0,155.0,241.0,232.0,224.0
2018-05-09 00:00:00,1.0,584.0,202.0,0.0,559.0,204.0,,,,0.0,531.0,199.0,1.0,570.0,204.0,0.0,571.0,207.0,0.0,524.0,212.0,238.0,235.0,169.0,196.0,235.0,
2018-05-09 01:00:00,1.0,584.0,201.0,0.0,556.0,203.0,0.0,618.0,200.0,0.0,540.0,199.0,1.0,579.0,203.0,0.0,576.0,206.0,0.0,519.0,208.0,199.0,198.0,158.0,170.0,264.0,
2018-05-09 02:00:00,1.0,584.0,201.0,0.0,555.0,202.0,0.0,609.0,200.0,0.0,543.0,199.0,1.0,585.0,203.0,0.0,576.0,206.0,0.0,516.0,207.0,185.0,184.0,160.0,165.0,,
2018-05-09 04:00:00,7.0,564.0,197.0,0.0,545.0,199.0,0.0,610.0,197.0,0.0,536.0,199.0,2.0,553.0,199.0,0.0,554.0,202.0,0.0,506.0,201.0,162.0,161.0,156.0,157.0,250.0,
2018-05-09 05:00:00,23.0,561.0,197.0,0.0,545.0,198.0,0.0,606.0,197.0,0.0,541.0,199.0,5.0,551.0,199.0,7.0,552.0,201.0,0.0,507.0,200.0,159.0,158.0,155.0,155.0,233.0,
2018-05-09 06:00:00,81.0,737.0,200.0,9.0,535.0,200.0,9.0,614.0,197.0,1.0,556.0,199.0,12.0,565.0,199.0,17.0,561.0,201.0,12.0,526.0,200.0,364.0,169.0,126.0,235.0,319.0,5712.0
2018-05-09 07:00:00,78.0,738.0,201.0,116.0,556.0,201.0,18.0,600.0,197.0,8.0,570.0,199.0,17.0,616.0,199.0,22.0,611.0,201.0,101.0,551.0,203.0,431.0,245.0,136.0,224.0,266.0,
2018-05-09 08:00:00,64.0,623.0,198.0,71.0,552.0,201.0,19.0,579.0,197.0,8.0,548.0,198.0,13.0,583.0,199.0,22.0,577.0,200.0,67.0,539.0,203.0,254.0,211.0,159.0,172.0,185.0,
2018-05-09 09:00:00,64.0,604.0,197.0,54.0,546.0,199.0,24.0,576.0,196.0,9.0,535.0,197.0,16.0,573.0,199.0,25.0,569.0,200.0,58.0,527.0,200.0,203.0,187.0,131.0,219.0,356.0,448.0
2018-05-09 10:00:00,54.0,592.0,196.0,39.0,545.0,199.0,20.0,574.0,195.0,7.0,532.0,196.0,12.0,578.0,198.0,20.0,573.0,199.0,37.0,528.0,199.0,208.0,175.0,148.0,199.0,198.0,112.0
2018-05-09 11:00:00,55.0,572.0,195.0,38.0,540.0,197.0,23.0,569.0,194.0,8.0,527.0,195.0,13.0,561.0,197.0,21.0,557.0,198.0,36.0,520.0,197.0,181.0,169.0,155.0,165.0,235.0,
2018-05-09 12:00:00,78.0,572.0,194.0,47.0,538.0,197.0,30.0,567.0,194.0,11.0,525.0,194.0,16.0,558.0,196.0,27.0,552.0,197.0,44.0,522.0,196.0,167.0,162.0,153.0,158.0,203.0,
2018-05-09 13:00:00,51.0,572.0,193.0,38.0,536.0,196.0,24.0,565.0,193.0,8.0,521.0,193.0,13.0,557.0,195.0,21.0,550.0,196.0,33.0,517.0,195.0,160.0,157.0,150.0,158.0,249.0,
2018-05-09 14:00:00,59.0,565.0,192.0,44.0,534.0,195.0,25.0,560.0,192.0,9.0,521.0,192.0,14.0,552.0,194.0,23.0,547.0,196.0,38.0,514.0,194.0,155.0,154.0,150.0,152.0,218.0,
2018-05-09 15:00:00,54.0,563.0,191.0,37.0,533.0,194.0,21.0,558.0,191.0,6.0,522.0,191.0,12.0,550.0,193.0,19.0,542.0,195.0,30.0,515.0,193.0,152.0,151.0,146.0,149.0,253.0,
2018-05-09 16:00:00,59.0,563.0,190.0,41.0,533.0,193.0,29.0,554.0,191.0,9.0,522.0,190.0,13.0,549.0,193.0,24.0,547.0,194.0,33.0,515.0,192.0,150.0,150.0,128.0,145.0,869.0,
2018-05-09 17:00:00,39.0,578.0,190.0,25.0,550.0,193.0,11.0,565.0,191.0,5.0,528.0,190.0,8.0,555.0,193.0,15.0,549.0,202.0,19.0,519.0,192.0,275.0,166.0,119.0,293.0,586.0,2128.0
2018-05-09 18:00:00,15.0,584.0,189.0,10.0,540.0,193.0,0.0,573.0,191.0,1.0,536.0,190.0,3.0,560.0,194.0,6.0,534.0,203.0,7.0,528.0,191.0,428.0,276.0,137.0,192.0,1798.0,1118.0
2018-05-09 19:00:00,10.0,587.0,189.0,2.0,551.0,194.0,0.0,587.0,190.0,0.0,552.0,190.0,3.0,563.0,198.0,3.0,495.0,218.0,5.0,535.0,193.0,361.0,248.0,150.0,179.0,257.0,
2018-05-09 21:00:00,1.0,853.0,199.0,0.0,601.0,194.0,0.0,608.0,189.0,0.0,631.0,194.0,1.0,615.0,197.0,0.0,601.0,201.0,0.0,541.0,199.0,274.0,276.0,133.0,204.0,298.0,
2018-05-09 22:00:00,1.0,781.0,198.0,0.0,596.0,194.0,0.0,606.0,189.0,0.0,629.0,194.0,1.0,606.0,197.0,0.0,594.0,201.0,0.0,543.0,198.0,253.0,255.0,126.0,189.0,,
2018-05-11 01:00:00,1.0,542.0,184.0,0.0,524.0,187.0,,,,0.0,572.0,191.0,1.0,529.0,188.0,0.0,502.0,193.0,0.0,508.0,185.0,140.0,140.0,140.0,140.0,363.0,
2018-05-11 03:00:00,1.0,536.0,181.0,0.0,517.0,184.0,0.0,594.0,185.0,0.0,591.0,190.0,1.0,526.0,185.0,0.0,501.0,190.0,0.0,504.0,183.0,140.0,139.0,140.0,140.0,236.0,
2018-05-11 04:00:00,7.0,534.0,180.0,0.0,516.0,183.0,0.0,594.0,185.0,0.0,591.0,190.0,1.0,526.0,184.0,0.0,501.0,189.0,0.0,505.0,181.0,140.0,138.0,140.0,140.0,242.0,
2018-05-11 05:00:00,26.0,529.0,179.0,0.0,515.0,183.0,0.0,597.0,184.0,0.0,599.0,189.0,3.0,524.0,183.0,6.0,499.0,187.0,0.0,504.0,180.0,139.0,138.0,140.0,139.0,218.0,
2018-05-11 06:00:00,45.0,771.0,186.0,0.0,542.0,182.0,3.0,629.0,184.0,0.0,591.0,188.0,4.0,559.0,183.0,8.0,545.0,187.0,0.0,515.0,180.0,433.0,150.0,120.0,269.0,529.0,6380.0
2018-05-11 07:00:00,58.0,666.0,197.0,28.0,602.0,183.0,8.0,645.0,184.0,9.0,584.0,188.0,9.0,625.0,185.0,17.0,625.0,191.0,29.0,587.0,180.0,467.0,203.0,115.0,264.0,841.0,1568.0
2018-05-11 08:00:00,48.0,577.0,200.0,32.0,584.0,184.0,12.0,607.0,184.0,6.0,575.0,187.0,11.0,600.0,186.0,17.0,590.0,191.0,33.0,593.0,181.0,255.0,193.0,128.0,169.0,485.0,
2018-05-11 09:00:00,54.0,594.0,201.0,34.0,572.0,183.0,10.0,596.0,184.0,7.0,564.0,186.0,11.0,583.0,186.0,18.0,576.0,189.0,35.0,578.0,181.0,352.0,208.0,119.0,243.0,274.0,1566.0
2018-05-11 10:00:00,88.0,577.0,199.0,63.0,559.0,183.0,18.0,579.0,183.0,14.0,558.0,186.0,16.0,575.0,186.0,31.0,565.0,189.0,60.0,565.0,181.0,401.0,262.0,131.0,218.0,396.0,3246.0
2018-05-11 11:00:00,64.0,603.0,195.0,62.0,600.0,186.0,19.0,618.0,187.0,27.0,552.0,198.0,10.0,633.0,192.0,25.0,545.0,219.0,56.0,552.0,192.0,468.0,425.0,162.0,225.0,441.0,3583.0
2018-05-11 12:00:00,62.0,565.0,194.0,62.0,559.0,187.0,28.0,588.0,186.0,28.0,544.0,204.0,12.0,555.0,193.0,29.0,472.0,219.0,57.0,521.0,196.0,321.0,318.0,163.0,179.0,289.0,
2018-05-11 13:00:00,70.0,561.0,192.0,63.0,548.0,187.0,27.0,586.0,185.0,26.0,553.0,198.0,14.0,556.0,192.0,30.0,496.0,209.0,59.0,525.0,191.0,213.0,215.0,157.0,158.0,261.0,
2018-05-11 14:00:00,73.0,554.0,190.0,63.0,542.0,186.0,41.0,586.0,184.0,45.0,554.0,197.0,16.0,550.0,190.0,38.0,501.0,203.0,63.0,527.0,189.0,177.0,180.0,152.0,151.0,215.0,
2018-05-11 15:00:00,50.0,542.0,188.0,48.0,530.0,186.0,27.0,585.0,184.0,24.0,552.0,194.0,11.0,538.0,189.0,26.0,501.0,198.0,46.0,522.0,187.0,160.0,163.0,150.0,148.0,245.0,
2018-05-11 16:00:00,33.0,538.0,187.0,23.0,525.0,185.0,8.0,578.0,184.0,10.0,552.0,194.0,5.0,530.0,189.0,10.0,492.0,197.0,22.0,516.0,187.0,314.0,241.0,127.0,201.0,1577.0,7503.0
2018-05-11 17:00:00,22.0,570.0,190.0,11.0,554.0,188.0,1.0,577.0,189.0,5.0,538.0,204.0,4.0,553.0,195.0,6.0,468.0,225.0,19.0,514.0,198.0,440.0,394.0,139.0,188.0,1140.0,
2018-05-11 18:00:00,20.0,586.0,193.0,5.0,569.0,190.0,0.0,607.0,190.0,2.0,543.0,200.0,3.0,564.0,197.0,4.0,476.0,224.0,13.0,529.0,196.0,432.0,291.0,126.0,221.0,1410.0,6045.0
2018-05-11 19:00:00,3.0,592.0,194.0,0.0,568.0,193.0,0.0,613.0,193.0,0.0,544.0,205.0,1.0,566.0,201.0,0.0,462.0,236.0,8.0,545.0,209.0,439.0,426.0,131.0,183.0,1317.0,1679.0
2018-05-11 20:00:00,1.0,594.0,195.0,0.0,568.0,194.0,0.0,615.0,193.0,0.0,542.0,204.0,1.0,568.0,201.0,0.0,473.0,232.0,6.0,560.0,210.0,360.0,303.0,156.0,169.0,250.0,2240.0
2018-05-11 21:00:00,15.0,599.0,195.0,0.0,573.0,195.0,0.0,611.0,192.0,0.0,543.0,204.0,1.0,569.0,201.0,0.0,482.0,229.0,7.0,563.0,213.0,328.0,285.0,150.0,212.0,710.0,2685.0
2018-05-11 22:00:00,1.0,616.0,196.0,0.0,589.0,195.0,0.0,613.0,191.0,0.0,562.0,205.0,1.0,588.0,201.0,0.0,511.0,226.0,6.0,562.0,213.0,322.0,273.0,132.0,209.0,757.0,1901.0
2018-05-11 23:00:00,1.0,616.0,196.0,0.0,587.0,195.0,0.0,613.0,191.0,0.0,565.0,206.0,1.0,587.0,201.0,0.0,513.0,225.0,6.0,563.0,216.0,305.0,274.0,150.0,171.0,483.0,1792.0
2018-05-12 00:00:00,1.0,611.0,195.0,0.0,587.0,194.0,0.0,614.0,192.0,0.0,569.0,206.0,1.0,584.0,201.0,0.0,515.0,223.0,6.0,560.0,219.0,312.0,283.0,168.0,167.0,394.0,2570.0
2018-05-12 01:00:00,1.0,616.0,195.0,0.0,595.0,195.0,0.0,618.0,192.0,0.0,570.0,207.0,1.0,588.0,201.0,0.0,519.0,223.0,3.0,547.0,220.0,304.0,280.0,169.0,166.0,341.0,1456.0
2018-05-12 02:00:00,1.0,612.0,196.0,0.0,596.0,195.0,0.0,618.0,192.0,,,,1.0,586.0,201.0,0.0,524.0,220.0,0.0,535.0,213.0,226.0,222.0,164.0,162.0,250.0,
2018-05-12 03:00:00,1.0,605.0,195.0,0.0,587.0,194.0,0.0,615.0,191.0,0.0,559.0,204.0,1.0,583.0,199.0,0.0,531.0,214.0,0.0,537.0,206.0,186.0,185.0,158.0,157.0,265.0,
2018-05-12 04:00:00,6.0,601.0,194.0,0.0,583.0,193.0,0.0,612.0,191.0,0.0,562.0,202.0,2.0,582.0,199.0,0.0,536.0,210.0,0.0,540.0,202.0,168.0,168.0,155.0,153.0,225.0,
2018-05-12 05:00:00,30.0,592.0,193.0,2.0,576.0,192.0,0.0,611.0,190.0,,,,8.0,575.0,197.0,8.0,537.0,206.0,0.0,541.0,199.0,157.0,158.0,150.0,150.0,206.0,
2018-05-12 06:00:00,71.0,596.0,193.0,6.0,566.0,198.0,0.0,612.0,190.0,1.0,550.0,199.0,15.0,576.0,197.0,14.0,543.0,204.0,5.0,559.0,199.0,152.0,153.0,150.0,148.0,285.0,
2018-05-12 07:00:00,96.0,615.0,195.0,380.0,561.0,205.0,0.0,608.0,191.0,0.0,552.0,199.0,22.0,590.0,198.0,18.0,569.0,206.0,5.0,555.0,203.0,293.0,159.0,127.0,248.0,328.0,1232.0
2018-05-12 08:00:00,94.0,605.0,197.0,245.0,549.0,207.0,11.0,601.0,193.0,0.0,550.0,197.0,12.0,585.0,199.0,20.0,559.0,207.0,51.0,547.0,207.0,269.0,171.0,135.0,238.0,241.0,336.0
2018-05-12 09:00:00,113.0,759.0,201.0,159.0,539.0,208.0,13.0,603.0,194.0,1.0,539.0,196.0,10.0,606.0,199.0,26.0,569.0,207.0,107.0,541.0,208.0,411.0,169.0,122.0,263.0,607.0,4140.0
2018-05-12 10:00:00,93.0,748.0,201.0,95.0,523.0,205.0,17.0,605.0,194.0,27.0,556.0,196.0,9.0,636.0,199.0,34.0,604.0,205.0,66.0,543.0,206.0,386.0,191.0,130.0,239.0,876.0,
2018-05-12 11:00:00,85.0,598.0,198.0,82.0,484.0,200.0,24.0,570.0,192.0,27.0,522.0,195.0,13.0,555.0,198.0,46.0,529.0,202.0,67.0,482.0,201.0,216.0,177.0,120.0,275.0,403.0,
2018-05-12 12:00:00,61.0,494.0,194.0,83.0,432.0,196.0,7.0,524.0,190.0,47.0,490.0,195.0,16.0,487.0,194.0,47.0,446.0,199.0,80.0,417.0,196.0,184.0,166.0,118.0,225.0,2075.0,671.0
2018-05-12 13:00:00,50.0,454.0,191.0,83.0,398.0,192.0,0.0,454.0,189.0,77.0,475.0,196.0,21.0,458.0,193.0,65.0,427.0,199.0,117.0,381.0,193.0,172.0,163.0,114.0,206.0,1383.0,224.0
2018-05-12 14:00:00,55.0,458.0,191.0,74.0,393.0,189.0,2.0,441.0,191.0,96.0,422.0,196.0,38.0,454.0,193.0,99.0,412.0,201.0,162.0,429.0,194.0,163.0,158.0,136.0,170.0,336.0,
2018-05-12 15:00:00,54.0,459.0,191.0,125.0,400.0,188.0,83.0,440.0,193.0,116.0,419.0,198.0,39.0,461.0,194.0,107.0,428.0,201.0,109.0,454.0,195.0,156.0,156.0,146.0,154.0,339.0,
2018-05-12 16:00:00,51.0,470.0,192.0,93.0,402.0,188.0,143.0,449.0,195.0,154.0,436.0,201.0,76.0,470.0,194.0,242.0,425.0,206.0,133.0,446.0,194.0,317.0,157.0,127.0,233.0,2561.0,1232.0
2018-05-12 17:00:00,55.0,479.0,193.0,56.0,413.0,188.0,97.0,460.0,197.0,72.0,432.0,204.0,138.0,467.0,197.0,189.0,413.0,221.0,96.0,453.0,194.0,325.0,176.0,126.0,197.0,2022.0,335.0
2018-05-12 18:00:00,45.0,431.0,193.0,24.0,405.0,188.0,3.0,446.0,196.0,17.0,390.0,199.0,34.0,434.0,197.0,58.0,344.0,222.0,27.0,437.0,193.0,223.0,170.0,136.0,177.0,427.0,
2018-05-12 19:00:00,15.0,441.0,193.0,5.0,425.0,190.0,0.0,473.0,194.0,3.0,410.0,198.0,4.0,443.0,197.0,5.0,368.0,216.0,8.0,430.0,193.0,181.0,162.0,131.0,158.0,279.0,
2018-05-12 20:00:00,1.0,456.0,192.0,0.0,439.0,190.0,0.0,501.0,192.0,0.0,422.0,196.0,1.0,455.0,196.0,0.0,393.0,210.0,5.0,465.0,193.0,160.0,156.0,144.0,155.0,279.0,
2018-05-12 21:00:00,18.0,501.0,192.0,0.0,470.0,190.0,0.0,516.0,191.0,0.0,449.0,195.0,1.0,484.0,194.0,0.0,434.0,206.0,1.0,480.0,192.0,154.0,152.0,129.0,150.0,334.0,112.0
2018-05-12 22:00:00,1.0,511.0,191.0,0.0,491.0,190.0,0.0,525.0,190.0,,,,1.0,505.0,193.0,0.0,472.0,204.0,0.0,476.0,191.0,150.0,149.0,137.0,151.0,239.0,
2018-05-12 23:00:00,0.0,517.0,190.0,0.0,499.0,189.0,0.0,534.0,190.0,,,,1.0,511.0,193.0,0.0,469.0,202.0,0.0,484.0,190.0,147.0,148.0,145.0,146.0,262.0,
2018-05-13 00:00:00,0.0,525.0,189.0,0.0,506.0,189.0,0.0,541.0,189.0,0.0,535.0,196.0,1.0,518.0,192.0,0.0,490.0,201.0,0.0,490.0,189.0,145.0,145.0,142.0,143.0,281.0,
2018-05-13 01:00:00,1.0,537.0,188.0,0.0,512.0,188.0,0.0,550.0,189.0,0.0,530.0,195.0,1.0,525.0,191.0,0.0,487.0,199.0,0.0,497.0,188.0,145.0,145.0,143.0,143.0,224.0,
2018-05-13 02:00:00,1.0,542.0,187.0,0.0,517.0,188.0,0.0,558.0,188.0,,535.0,195.0,1.0,531.0,191.0,0.0,497.0,198.0,0.0,504.0,187.0,145.0,143.0,145.0,143.0,266.0,
2018-05-13 03:00:00,1.0,548.0,187.0,0.0,522.0,187.0,0.0,565.0,187.0,,,,1.0,537.0,190.0,0.0,504.0,197.0,0.0,510.0,187.0,145.0,143.0,145.0,143.0,216.0,
2018-05-13 04:00:00,1.0,550.0,186.0,0.0,523.0,186.0,0.0,568.0,187.0,0.0,,,1.0,539.0,189.0,0.0,506.0,196.0,0.0,515.0,186.0,145.0,143.0,144.0,143.0,221.0,
2018-05-13 05:00:00,3.0,551.0,185.0,0.0,526.0,186.0,0.0,572.0,186.0,,,,1.0,541.0,189.0,0.0,509.0,195.0,0.0,518.0,185.0,144.0,143.0,141.0,143.0,239.0,
2018-05-13 06:00:00,13.0,561.0,185.0,0.0,534.0,185.0,1.0,575.0,186.0,0.0,542.0,190.0,3.0,547.0,188.0,4.0,533.0,194.0,0.0,523.0,184.0,142.0,142.0,132.0,141.0,271.0,224.0
2018-05-13 07:00:00,29.0,574.0,185.0,0.0,555.0,185.0,9.0,563.0,186.0,0.0,537.0,189.0,5.0,562.0,188.0,9.0,546.0,195.0,15.0,539.0,184.0,140.0,142.0,119.0,130.0,352.0,
2018-05-13 08:00:00,92.0,711.0,188.0,5.0,588.0,186.0,19.0,615.0,186.0,5.0,549.0,188.0,9.0,597.0,188.0,24.0,541.0,194.0,122.0,564.0,185.0,474.0,172.0,113.0,286.0,349.0,6496.0
2018-05-13 09:00:00,90.0,849.0,195.0,46.0,615.0,190.0,16.0,652.0,188.0,21.0,580.0,189.0,15.0,677.0,190.0,30.0,629.0,194.0,90.0,606.0,188.0,572.0,293.0,117.0,315.0,1444.0,3245.0
2018-05-13 10:00:00,75.0,685.0,198.0,72.0,579.0,190.0,15.0,608.0,187.0,16.0,571.0,189.0,15.0,615.0,190.0,27.0,584.0,195.0,65.0,586.0,189.0,298.0,241.0,120.0,226.0,1996.0,
2018-05-13 11:00:00,92.0,595.0,211.0,65.0,610.0,190.0,34.0,625.0,188.0,22.0,585.0,189.0,18.0,615.0,192.0,34.0,596.0,198.0,64.0,595.0,189.0,206.0,197.0,121.0,170.0,746.0,
2018-05-13 12:00:00,86.0,558.0,209.0,81.0,596.0,191.0,36.0,610.0,188.0,47.0,574.0,190.0,17.0,601.0,192.0,44.0,582.0,198.0,79.0,592.0,189.0,178.0,175.0,129.0,156.0,479.0,336.0
2018-05-13 13:00:00,68.0,498.0,202.0,101.0,557.0,190.0,0.0,571.0,188.0,72.0,554.0,191.0,23.0,538.0,191.0,66.0,483.0,200.0,94.0,560.0,189.0,374.0,169.0,124.0,244.0,329.0,672.0
2018-05-13 14:00:00,56.0,524.0,198.0,108.0,534.0,190.0,14.0,506.0,191.0,128.0,548.0,194.0,20.0,534.0,191.0,60.0,493.0,198.0,98.0,545.0,189.0,348.0,184.0,142.0,205.0,354.0,
2018-05-13 15:00:00,45.0,464.0,194.0,119.0,466.0,190.0,18.0,459.0,196.0,170.0,535.0,200.0,20.0,453.0,191.0,84.0,389.0,197.0,92.0,487.0,191.0,223.0,179.0,146.0,193.0,451.0,112.0
2018-05-13 16:00:00,39.0,500.0,194.0,65.0,497.0,191.0,19.0,449.0,198.0,45.0,481.0,200.0,41.0,490.0,193.0,98.0,449.0,202.0,90.0,499.0,191.0,183.0,170.0,133.0,218.0,593.0,784.0
2018-05-13 17:00:00,62.0,480.0,192.0,51.0,471.0,191.0,14.0,455.0,198.0,45.0,444.0,198.0,110.0,466.0,193.0,147.0,412.0,199.0,77.0,474.0,192.0,187.0,164.0,137.0,222.0,759.0,112.0
2018-05-13 18:00:00,92.0,439.0,192.0,37.0,459.0,190.0,0.0,459.0,200.0,36.0,401.0,194.0,52.0,433.0,191.0,116.0,386.0,197.0,77.0,447.0,192.0,190.0,164.0,127.0,184.0,1541.0,
2018-05-13 19:00:00,26.0,421.0,190.0,11.0,457.0,188.0,0.0,464.0,200.0,13.0,384.0,189.0,9.0,428.0,188.0,16.0,382.0,194.0,23.0,412.0,191.0,174.0,159.0,123.0,182.0,364.0,224.0
2018-05-13 20:00:00,2.0,485.0,189.0,0.0,473.0,188.0,0.0,480.0,196.0,0.0,441.0,190.0,1.0,482.0,190.0,0.0,455.0,196.0,8.0,453.0,191.0,164.0,158.0,133.0,188.0,482.0,
2018-05-13 21:00:00,7.0,524.0,189.0,0.0,501.0,188.0,0.0,494.0,193.0,0.0,470.0,192.0,1.0,511.0,191.0,0.0,485.0,196.0,6.0,486.0,191.0,160.0,155.0,128.0,170.0,434.0,112.0
2018-05-13 22:00:00,1.0,532.0,189.0,0.0,511.0,188.0,0.0,497.0,191.0,0.0,486.0,192.0,1.0,518.0,190.0,0.0,497.0,196.0,6.0,504.0,191.0,156.0,154.0,142.0,154.0,504.0,
2018-05-13 23:00:00,1.0,536.0,188.0,0.0,514.0,187.0,0.0,495.0,190.0,0.0,495.0,191.0,1.0,523.0,190.0,0.0,498.0,195.0,7.0,512.0,191.0,154.0,152.0,149.0,149.0,519.0,
2018-05-14 00:00:00,0.0,539.0,187.0,0.0,518.0,187.0,0.0,502.0,189.0,0.0,505.0,191.0,1.0,528.0,190.0,0.0,510.0,195.0,7.0,520.0,192.0,150.0,149.0,147.0,148.0,495.0,
2018-05-14 01:00:00,1.0,539.0,187.0,0.0,521.0,186.0,0.0,507.0,188.0,0.0,514.0,190.0,1.0,529.0,189.0,0.0,509.0,194.0,7.0,525.0,192.0,150.0,148.0,145.0,146.0,497.0,
2018-05-14 02:00:00,3.0,545.0,186.0,0.0,525.0,186.0,0.0,510.0,187.0,0.0,528.0,190.0,1.0,532.0,189.0,0.0,507.0,193.0,0.0,512.0,190.0,146.0,146.0,133.0,147.0,277.0,
2018-05-14 03:00:00,1.0,541.0,186.0,0.0,523.0,185.0,0.0,513.0,186.0,0.0,546.0,190.0,1.0,531.0,188.0,0.0,506.0,192.0,0.0,504.0,188.0,145.0,144.0,140.0,144.0,303.0,
2018-05-14 04:00:00,8.0,539.0,185.0,0.0,522.0,184.0,0.0,514.0,186.0,0.0,555.0,190.0,2.0,529.0,187.0,1.0,510.0,191.0,0.0,505.0,186.0,145.0,143.0,144.0,143.0,264.0,
2018-05-14 05:00:00,34.0,536.0,184.0,2.0,522.0,184.0,0.0,517.0,185.0,0.0,564.0,190.0,10.0,530.0,187.0,11.0,508.0,190.0,1.0,509.0,185.0,145.0,143.0,142.0,143.0,262.0,
2018-05-14 06:00:00,74.0,544.0,185.0,7.0,514.0,192.0,2.0,529.0,185.0,1.0,580.0,190.0,16.0,540.0,187.0,17.0,524.0,190.0,10.0,529.0,187.0,144.0,142.0,140.0,143.0,303.0,
2018-05-14 07:00:00,106.0,904.0,194.0,120.0,523.0,199.0,9.0,582.0,187.0,6.0,594.0,190.0,17.0,615.0,189.0,24.0,603.0,191.0,213.0,529.0,193.0,562.0,162.0,121.0,312.0,330.0,5263.0
2018-05-14 08:00:00,100.0,700.0,192.0,264.0,511.0,203.0,7.0,558.0,188.0,17.0,570.0,190.0,21.0,574.0,191.0,32.0,560.0,193.0,188.0,534.0,196.0,310.0,179.0,144.0,221.0,182.0,
2018-05-14 09:00:00,84.0,596.0,190.0,120.0,508.0,201.0,5.0,550.0,188.0,14.0,547.0,190.0,15.0,559.0,190.0,27.0,543.0,192.0,82.0,523.0,196.0,207.0,170.0,143.0,173.0,237.0,
2018-05-14 10:00:00,90.0,581.0,189.0,107.0,510.0,198.0,4.0,545.0,188.0,14.0,542.0,190.0,13.0,552.0,190.0,28.0,538.0,192.0,66.0,521.0,194.0,171.0,161.0,147.0,153.0,235.0,
2018-05-14 11:00:00,78.0,577.0,189.0,80.0,513.0,196.0,4.0,544.0,187.0,13.0,540.0,190.0,12.0,551.0,189.0,29.0,534.0,191.0,49.0,521.0,193.0,157.0,153.0,145.0,148.0,219.0,
2018-05-14 12:00:00,65.0,575.0,188.0,92.0,516.0,195.0,17.0,541.0,187.0,19.0,538.0,190.0,16.0,549.0,189.0,42.0,527.0,191.0,64.0,519.0,191.0,151.0,149.0,141.0,149.0,251.0,
2018-05-14 13:00:00,48.0,570.0,188.0,98.0,518.0,194.0,39.0,535.0,188.0,37.0,537.0,190.0,19.0,549.0,189.0,43.0,532.0,191.0,80.0,517.0,191.0,147.0,147.0,145.0,145.0,242.0,
2018-05-14 14:00:00,50.0,566.0,188.0,141.0,528.0,193.0,58.0,532.0,191.0,72.0,535.0,194.0,27.0,555.0,190.0,54.0,540.0,191.0,95.0,523.0,191.0,145.0,146.0,145.0,145.0,276.0,
2018-05-14 15:00:00,42.0,566.0,189.0,182.0,533.0,194.0,89.0,530.0,196.0,108.0,527.0,198.0,40.0,556.0,191.0,79.0,542.0,193.0,102.0,532.0,191.0,145.0,148.0,145.0,145.0,264.0,
2018-05-14 16:00:00,39.0,566.0,191.0,109.0,537.0,195.0,107.0,525.0,200.0,89.0,522.0,201.0,52.0,556.0,193.0,122.0,539.0,195.0,96.0,538.0,191.0,145.0,148.0,145.0,145.0,213.0,
2018-05-14 17:00:00,52.0,564.0,192.0,43.0,538.0,194.0,24.0,523.0,201.0,41.0,519.0,203.0,86.0,553.0,194.0,104.0,536.0,196.0,73.0,539.0,192.0,145.0,148.0,128.0,142.0,582.0,
2018-05-14 18:00:00,79.0,582.0,193.0,32.0,538.0,194.0,0.0,532.0,202.0,55.0,504.0,202.0,39.0,568.0,195.0,78.0,554.0,199.0,77.0,538.0,192.0,264.0,153.0,119.0,242.0,511.0,672.0
2018-05-14 19:00:00,17.0,574.0,194.0,7.0,540.0,194.0,0.0,537.0,202.0,8.0,511.0,200.0,7.0,558.0,195.0,10.0,536.0,200.0,18.0,546.0,192.0,268.0,165.0,130.0,186.0,256.0,112.0
2018-05-14 20:00:00,2.0,569.0,193.0,0.0,544.0,193.0,0.0,544.0,198.0,0.0,520.0,199.0,1.0,556.0,194.0,0.0,535.0,198.0,4.0,549.0,194.0,203.0,164.0,127.0,168.0,310.0,
2018-05-14 21:00:00,12.0,579.0,192.0,0.0,546.0,193.0,0.0,552.0,196.0,0.0,524.0,199.0,1.0,566.0,193.0,0.0,550.0,197.0,3.0,548.0,194.0,170.0,157.0,133.0,158.0,349.0,112.0
2018-05-14 22:00:00,8.0,760.0,195.0,0.0,604.0,193.0,0.0,562.0,195.0,0.0,541.0,199.0,1.0,601.0,193.0,1.0,572.0,197.0,4.0,571.0,194.0,459.0,166.0,136.0,256.0,470.0,1568.0
2018-05-14 23:00:00,1.0,644.0,193.0,0.0,585.0,192.0,0.0,562.0,195.0,0.0,546.0,198.0,2.0,608.0,193.0,2.0,577.0,197.0,4.0,581.0,196.0,296.0,183.0,156.0,177.0,506.0,
2018-05-15 00:00:00,1.0,615.0,191.0,0.0,575.0,192.0,0.0,556.0,194.0,0.0,551.0,197.0,1.0,594.0,193.0,1.0,573.0,196.0,4.0,584.0,197.0,204.0,173.0,155.0,157.0,435.0,
2018-05-15 01:00:00,0.0,614.0,190.0,0.0,573.0,192.0,0.0,554.0,194.0,0.0,564.0,197.0,1.0,589.0,193.0,0.0,571.0,196.0,1.0,586.0,196.0,173.0,163.0,152.0,152.0,283.0,
2018-05-15 02:00:00,0.0,614.0,190.0,0.0,571.0,191.0,0.0,552.0,193.0,0.0,578.0,197.0,1.0,585.0,192.0,0.0,570.0,196.0,0.0,586.0,194.0,165.0,159.0,150.0,150.0,,
2018-05-15 04:00:00,10.0,602.0,188.0,0.0,562.0,190.0,0.0,550.0,192.0,0.0,612.0,197.0,2.0,580.0,191.0,1.0,561.0,194.0,0.0,564.0,190.0,150.0,149.0,145.0,147.0,231.0,
2018-05-15 05:00:00,33.0,596.0,187.0,1.0,561.0,190.0,0.0,550.0,191.0,0.0,620.0,196.0,8.0,576.0,190.0,9.0,563.0,193.0,0.0,562.0,189.0,150.0,147.0,145.0,145.0,256.0,
2018-05-15 06:00:00,97.0,608.0,188.0,5.0,556.0,196.0,0.0,569.0,191.0,0.0,618.0,196.0,15.0,589.0,191.0,13.0,577.0,194.0,4.0,581.0,191.0,146.0,145.0,134.0,145.0,318.0,
2018-05-15 07:00:00,101.0,624.0,191.0,114.0,551.0,204.0,9.0,587.0,192.0,0.0,600.0,196.0,12.0,606.0,192.0,16.0,605.0,195.0,4.0,571.0,196.0,145.0,145.0,124.0,141.0,273.0,112.0
2018-05-15 08:00:00,83.0,740.0,195.0,257.0,547.0,207.0,17.0,615.0,193.0,7.0,597.0,196.0,13.0,640.0,195.0,23.0,582.0,195.0,22.0,563.0,200.0,350.0,153.0,112.0,221.0,891.0,3239.0
2018-05-15 09:00:00,92.0,808.0,196.0,176.0,550.0,207.0,30.0,605.0,194.0,13.0,580.0,195.0,16.0,621.0,194.0,36.0,577.0,194.0,125.0,564.0,201.0,404.0,180.0,124.0,210.0,684.0,
2018-05-15 10:00:00,93.0,587.0,192.0,126.0,527.0,202.0,25.0,564.0,192.0,31.0,550.0,194.0,22.0,561.0,190.0,56.0,538.0,190.0,79.0,539.0,198.0,467.0,177.0,114.0,330.0,1603.0,2576.0
2018-05-15 11:00:00,102.0,602.0,191.0,113.0,533.0,200.0,33.0,554.0,192.0,35.0,531.0,194.0,16.0,588.0,190.0,42.0,590.0,194.0,75.0,540.0,196.0,352.0,191.0,127.0,237.0,2504.0,
2018-05-15 12:00:00,82.0,642.0,194.0,112.0,560.0,201.0,43.0,591.0,195.0,37.0,526.0,194.0,18.0,603.0,196.0,42.0,561.0,209.0,76.0,570.0,196.0,217.0,180.0,128.0,185.0,287.0,448.0
2018-05-15 13:00:00,82.0,609.0,196.0,98.0,558.0,200.0,47.0,577.0,195.0,21.0,546.0,195.0,25.0,588.0,197.0,47.0,553.0,208.0,71.0,558.0,197.0,193.0,172.0,147.0,195.0,238.0,
2018-05-15 14:00:00,56.0,602.0,196.0,52.0,554.0,200.0,25.0,579.0,194.0,10.0,549.0,196.0,16.0,587.0,196.0,27.0,560.0,204.0,40.0,553.0,197.0,172.0,165.0,155.0,161.0,265.0,
2018-05-15 15:00:00,39.0,604.0,196.0,36.0,555.0,199.0,13.0,579.0,194.0,6.0,553.0,197.0,10.0,589.0,196.0,16.0,566.0,202.0,27.0,553.0,197.0,166.0,160.0,152.0,167.0,246.0,
2018-05-15 19:00:00,4.0,638.0,202.0,3.0,607.0,200.0,0.0,612.0,193.0,0.0,616.0,198.0,3.0,612.0,203.0,4.0,518.0,233.0,6.0,604.0,197.0,319.0,198.0,150.0,196.0,,
2018-05-15 21:00:00,3.0,633.0,202.0,0.0,600.0,201.0,0.0,552.0,191.0,0.0,620.0,199.0,1.0,599.0,203.0,0.0,531.0,224.0,1.0,599.0,198.0,313.0,183.0,132.0,190.0,1225.0,
2018-05-15 22:00:00,1.0,611.0,202.0,0.0,593.0,200.0,0.0,539.0,191.0,0.0,617.0,199.0,1.0,593.0,202.0,0.0,534.0,220.0,4.0,597.0,198.0,235.0,182.0,149.0,169.0,476.0,
2018-05-15 23:00:00,1.0,597.0,200.0,0.0,581.0,199.0,0.0,528.0,191.0,0.0,601.0,198.0,1.0,583.0,201.0,0.0,538.0,214.0,4.0,596.0,200.0,186.0,172.0,158.0,159.0,460.0,
2018-05-16 00:00:00,1.0,591.0,199.0,0.0,574.0,199.0,0.0,520.0,190.0,0.0,597.0,197.0,1.0,577.0,199.0,0.0,538.0,210.0,4.0,591.0,201.0,169.0,164.0,155.0,156.0,361.0,
2018-05-16 01:00:00,1.0,590.0,197.0,0.0,570.0,198.0,0.0,517.0,190.0,0.0,597.0,197.0,1.0,576.0,199.0,0.0,536.0,207.0,1.0,573.0,201.0,161.0,158.0,155.0,154.0,243.0,
2018-05-16 02:00:00,1.0,589.0,197.0,0.0,569.0,198.0,0.0,511.0,190.0,0.0,600.0,197.0,1.0,574.0,199.0,0.0,540.0,206.0,0.0,556.0,199.0,160.0,157.0,155.0,153.0,,
2018-05-16 04:00:00,4.0,570.0,193.0,0.0,554.0,195.0,0.0,503.0,187.0,0.0,492.0,193.0,1.0,551.0,196.0,0.0,519.0,201.0,0.0,521.0,195.0,151.0,150.0,150.0,150.0,257.0,
2018-05-16 05:00:00,25.0,557.0,192.0,1.0,547.0,194.0,0.0,502.0,187.0,0.0,477.0,191.0,7.0,539.0,195.0,8.0,510.0,200.0,0.0,514.0,193.0,150.0,149.0,150.0,149.0,213.0,
2018-05-16 06:00:00,61.0,556.0,192.0,7.0,518.0,199.0,8.0,515.0,186.0,0.0,470.0,189.0,13.0,543.0,195.0,14.0,520.0,199.0,4.0,534.0,194.0,150.0,148.0,149.0,148.0,281.0,
2018-05-16 07:00:00,83.0,598.0,194.0,188.0,498.0,207.0,13.0,538.0,190.0,0.0,522.0,190.0,11.0,546.0,196.0,16.0,526.0,202.0,74.0,507.0,199.0,371.0,153.0,113.0,228.0,1045.0,2575.0
2018-05-16 08:00:00,95.0,600.0,196.0,132.0,465.0,209.0,8.0,517.0,190.0,1.0,506.0,191.0,12.0,525.0,197.0,24.0,486.0,202.0,145.0,481.0,201.0,501.0,178.0,131.0,272.0,278.0,672.0
2018-05-16 09:00:00,109.0,792.0,200.0,85.0,485.0,209.0,29.0,556.0,190.0,9.0,524.0,190.0,9.0,594.0,198.0,27.0,510.0,199.0,109.0,504.0,201.0,541.0,192.0,122.0,303.0,330.0,3695.0
2018-05-16 10:00:00,86.0,592.0,197.0,77.0,466.0,206.0,15.0,528.0,191.0,14.0,534.0,192.0,16.0,543.0,196.0,38.0,524.0,198.0,58.0,502.0,200.0,302.0,202.0,146.0,195.0,357.0,
2018-05-16 11:00:00,77.0,499.0,193.0,75.0,390.0,197.0,11.0,489.0,190.0,12.0,497.0,191.0,18.0,489.0,193.0,48.0,469.0,198.0,47.0,455.0,197.0,212.0,185.0,151.0,163.0,435.0,335.0
2018-05-16 12:00:00,61.0,528.0,192.0,85.0,458.0,195.0,22.0,518.0,190.0,17.0,508.0,191.0,17.0,499.0,193.0,39.0,550.0,208.0,60.0,441.0,195.0,175.0,167.0,142.0,153.0,329.0,672.0
2018-05-16 13:00:00,55.0,517.0,191.0,109.0,462.0,195.0,49.0,495.0,190.0,29.0,511.0,191.0,19.0,504.0,193.0,42.0,476.0,204.0,74.0,458.0,194.0,162.0,159.0,145.0,171.0,208.0,112.0
2018-05-16 14:00:00,51.0,530.0,192.0,178.0,488.0,196.0,28.0,505.0,192.0,80.0,505.0,194.0,21.0,521.0,194.0,55.0,494.0,203.0,133.0,477.0,193.0,188.0,163.0,136.0,229.0,609.0,
2018-05-16 15:00:00,47.0,502.0,192.0,185.0,487.0,196.0,134.0,502.0,197.0,192.0,519.0,200.0,21.0,510.0,194.0,77.0,471.0,202.0,100.0,488.0,193.0,208.0,163.0,130.0,284.0,451.0,224.0
2018-05-16 16:00:00,41.0,519.0,193.0,108.0,490.0,196.0,160.0,470.0,200.0,169.0,528.0,207.0,96.0,516.0,195.0,304.0,539.0,208.0,93.0,495.0,193.0,195.0,166.0,130.0,180.0,1153.0,671.0
2018-05-16 17:00:00,60.0,523.0,193.0,60.0,489.0,195.0,132.0,464.0,201.0,93.0,514.0,209.0,176.0,515.0,197.0,271.0,473.0,209.0,92.0,498.0,193.0,348.0,234.0,124.0,278.0,787.0,2127.0
2018-05-16 18:00:00,83.0,495.0,195.0,36.0,476.0,195.0,37.0,477.0,202.0,33.0,456.0,205.0,57.0,484.0,198.0,128.0,438.0,207.0,56.0,500.0,194.0,427.0,357.0,138.0,316.0,1831.0,224.0
2018-05-16 19:00:00,18.0,485.0,197.0,10.0,473.0,196.0,0.0,504.0,202.0,13.0,462.0,201.0,8.0,487.0,198.0,14.0,429.0,215.0,20.0,487.0,194.0,406.0,319.0,145.0,201.0,901.0,1680.0
2018-05-16 20:00:00,16.0,501.0,198.0,0.0,471.0,197.0,0.0,522.0,199.0,0.0,473.0,199.0,2.0,491.0,199.0,2.0,427.0,215.0,5.0,483.0,194.0,458.0,358.0,142.0,249.0,1352.0,1343.0
2018-05-16 21:00:00,47.0,515.0,199.0,0.0,477.0,197.0,0.0,523.0,196.0,0.0,475.0,199.0,3.0,497.0,199.0,2.0,446.0,211.0,3.0,485.0,195.0,405.0,352.0,137.0,247.0,1254.0,672.0
2018-05-16 22:00:00,3.0,510.0,198.0,0.0,482.0,197.0,0.0,518.0,195.0,0.0,474.0,199.0,1.0,500.0,199.0,0.0,455.0,208.0,5.0,497.0,195.0,263.0,265.0,137.0,206.0,1022.0,
2018-05-16 23:00:00,0.0,500.0,195.0,0.0,479.0,196.0,0.0,515.0,194.0,0.0,463.0,198.0,1.0,494.0,198.0,0.0,461.0,206.0,5.0,506.0,195.0,204.0,208.0,143.0,167.0,586.0,
2018-05-17 00:00:00,0.0,497.0,193.0,0.0,480.0,195.0,0.0,515.0,194.0,0.0,465.0,196.0,1.0,494.0,196.0,0.0,452.0,204.0,5.0,509.0,196.0,178.0,181.0,155.0,159.0,511.0,
2018-05-17 01:00:00,2.0,499.0,192.0,0.0,483.0,194.0,0.0,515.0,193.0,0.0,469.0,196.0,1.0,499.0,195.0,0.0,449.0,202.0,2.0,498.0,195.0,167.0,170.0,154.0,156.0,417.0,
2018-05-17 02:00:00,1.0,497.0,192.0,0.0,486.0,194.0,0.0,514.0,193.0,0.0,476.0,196.0,1.0,501.0,195.0,0.0,453.0,202.0,0.0,479.0,194.0,165.0,165.0,155.0,155.0,,
2018-05-17 04:00:00,8.0,490.0,188.0,0.0,484.0,191.0,0.0,512.0,190.0,0.0,492.0,194.0,2.0,489.0,192.0,1.0,446.0,198.0,0.0,471.0,190.0,154.0,154.0,150.0,150.0,304.0,
2018-05-17 05:00:00,33.0,487.0,188.0,1.0,482.0,190.0,0.0,512.0,190.0,0.0,495.0,193.0,8.0,489.0,191.0,11.0,445.0,197.0,0.0,473.0,189.0,150.0,153.0,150.0,149.0,329.0,
2018-05-17 06:00:00,65.0,496.0,188.0,4.0,466.0,194.0,0.0,513.0,189.0,1.0,500.0,193.0,14.0,497.0,191.0,16.0,458.0,196.0,4.0,494.0,189.0,150.0,150.0,150.0,148.0,326.0,
2018-05-17 07:00:00,97.0,661.0,192.0,5.0,457.0,198.0,6.0,555.0,189.0,2.0,526.0,193.0,11.0,546.0,192.0,18.0,524.0,198.0,2.0,500.0,192.0,343.0,155.0,131.0,238.0,626.0,6603.0
2018-05-17 08:00:00,97.0,761.0,196.0,164.0,470.0,202.0,14.0,587.0,192.0,11.0,579.0,194.0,18.0,598.0,195.0,25.0,563.0,207.0,135.0,532.0,196.0,448.0,192.0,126.0,275.0,350.0,
2018-05-17 09:00:00,84.0,578.0,194.0,149.0,469.0,203.0,15.0,528.0,192.0,11.0,538.0,194.0,17.0,553.0,195.0,,,,120.0,516.0,198.0,242.0,188.0,150.0,186.0,335.0,
2018-05-17 10:00:00,89.0,549.0,193.0,86.0,467.0,201.0,18.0,513.0,191.0,12.0,523.0,194.0,16.0,539.0,194.0,,,,71.0,504.0,196.0,189.0,174.0,155.0,160.0,360.0,
2018-05-17 13:00:00,52.0,538.0,191.0,51.0,488.0,196.0,,,,46.0,505.0,194.0,27.0,531.0,193.0,,,,84.0,499.0,192.0,155.0,155.0,150.0,150.0,350.0,
2018-05-17 14:00:00,56.0,534.0,191.0,69.0,493.0,195.0,166.0,504.0,193.0,59.0,500.0,195.0,31.0,528.0,193.0,63.0,510.0,197.0,92.0,500.0,192.0,150.0,154.0,150.0,150.0,422.0,
2018-05-17 15:00:00,65.0,511.0,191.0,83.0,489.0,194.0,258.0,480.0,196.0,140.0,470.0,199.0,48.0,502.0,193.0,139.0,465.0,198.0,100.0,499.0,192.0,295.0,160.0,132.0,242.0,382.0,1232.0
2018-05-17 16:00:00,60.0,478.0,191.0,46.0,467.0,194.0,281.0,451.0,199.0,135.0,434.0,198.0,99.0,461.0,193.0,280.0,422.0,198.0,104.0,483.0,192.0,406.0,176.0,143.0,302.0,464.0,895.0
2018-05-17 17:00:00,110.0,710.0,195.0,32.0,456.0,194.0,215.0,426.0,202.0,89.0,417.0,200.0,180.0,492.0,195.0,234.0,450.0,200.0,135.0,465.0,192.0,627.0,250.0,122.0,340.0,580.0,10304.0
2018-05-17 18:00:00,87.0,575.0,198.0,19.0,499.0,197.0,0.0,510.0,203.0,37.0,445.0,202.0,42.0,539.0,200.0,87.0,517.0,216.0,67.0,500.0,192.0,374.0,283.0,136.0,279.0,1718.0,896.0
2018-05-17 19:00:00,38.0,547.0,201.0,7.0,496.0,198.0,0.0,509.0,203.0,9.0,463.0,204.0,8.0,520.0,201.0,11.0,454.0,218.0,13.0,501.0,194.0,389.0,226.0,129.0,323.0,313.0,1232.0
2018-05-17 20:00:00,23.0,569.0,198.0,1.0,507.0,198.0,0.0,513.0,200.0,0.0,470.0,202.0,2.0,522.0,199.0,1.0,470.0,211.0,4.0,510.0,194.0,445.0,219.0,130.0,286.0,1143.0,9968.0
2018-05-17 21:00:00,49.0,922.0,203.0,0.0,520.0,198.0,0.0,513.0,198.0,0.0,481.0,201.0,2.0,542.0,199.0,1.0,510.0,209.0,0.0,519.0,194.0,485.0,329.0,135.0,308.0,564.0,
2018-05-17 22:00:00,26.0,809.0,205.0,0.0,545.0,197.0,0.0,509.0,198.0,0.0,480.0,200.0,1.0,558.0,199.0,0.0,525.0,207.0,2.0,526.0,194.0,301.0,255.0,144.0,289.0,1082.0,224.0
2018-05-17 23:00:00,1.0,615.0,201.0,0.0,546.0,197.0,0.0,507.0,197.0,0.0,486.0,199.0,1.0,558.0,199.0,0.0,522.0,206.0,5.0,543.0,195.0,239.0,215.0,146.0,185.0,908.0,
2018-05-18 00:00:00,1.0,569.0,198.0,0.0,531.0,196.0,,500.0,196.0,0.0,480.0,198.0,1.0,542.0,199.0,0.0,511.0,206.0,4.0,542.0,196.0,194.0,187.0,160.0,165.0,548.0,
2018-05-18 01:00:00,1.0,556.0,196.0,0.0,521.0,195.0,0.0,497.0,196.0,0.0,479.0,198.0,1.0,532.0,199.0,0.0,504.0,204.0,0.0,549.0,196.0,175.0,173.0,160.0,159.0,351.0,
2018-05-18 02:00:00,1.0,547.0,194.0,0.0,515.0,194.0,0.0,494.0,195.0,0.0,486.0,197.0,1.0,524.0,198.0,0.0,503.0,203.0,0.0,544.0,194.0,166.0,166.0,157.0,157.0,315.0,
2018-05-18 03:00:00,1.0,539.0,192.0,0.0,509.0,193.0,0.0,493.0,194.0,0.0,492.0,197.0,1.0,517.0,196.0,0.0,496.0,202.0,0.0,529.0,192.0,160.0,161.0,155.0,155.0,332.0,
2018-05-18 04:00:00,7.0,535.0,191.0,0.0,506.0,192.0,0.0,493.0,193.0,0.0,494.0,196.0,2.0,514.0,195.0,1.0,491.0,201.0,0.0,521.0,191.0,157.0,158.0,155.0,153.0,283.0,
2018-05-18 05:00:00,31.0,532.0,190.0,2.0,504.0,192.0,0.0,495.0,193.0,0.0,500.0,196.0,10.0,515.0,194.0,11.0,491.0,199.0,0.0,522.0,190.0,155.0,155.0,152.0,153.0,319.0,
2018-05-18 06:00:00,70.0,677.0,195.0,5.0,498.0,196.0,9.0,506.0,192.0,2.0,507.0,196.0,14.0,529.0,194.0,24.0,506.0,199.0,1.0,529.0,191.0,319.0,158.0,135.0,240.0,400.0,6159.0
2018-05-18 07:00:00,80.0,877.0,199.0,3.0,503.0,198.0,10.0,588.0,193.0,1.0,553.0,196.0,11.0,602.0,196.0,25.0,581.0,200.0,1.0,561.0,192.0,407.0,192.0,122.0,276.0,612.0,672.0
2018-05-18 08:00:00,88.0,676.0,196.0,7.0,509.0,197.0,12.0,576.0,193.0,15.0,549.0,196.0,12.0,586.0,196.0,24.0,570.0,200.0,112.0,563.0,193.0,423.0,195.0,123.0,272.0,406.0,
2018-05-18 09:00:00,90.0,596.0,194.0,7.0,508.0,199.0,21.0,546.0,193.0,25.0,537.0,196.0,19.0,559.0,196.0,34.0,543.0,199.0,120.0,541.0,195.0,255.0,190.0,144.0,182.0,396.0,
2018-05-18 10:00:00,93.0,575.0,193.0,35.0,502.0,199.0,27.0,533.0,193.0,26.0,510.0,195.0,21.0,548.0,196.0,41.0,539.0,199.0,81.0,523.0,196.0,188.0,176.0,150.0,167.0,410.0,112.0
2018-05-18 11:00:00,105.0,580.0,194.0,65.0,499.0,199.0,34.0,523.0,193.0,31.0,503.0,195.0,23.0,548.0,196.0,45.0,540.0,199.0,80.0,509.0,195.0,318.0,168.0,127.0,290.0,371.0,1120.0
2018-05-18 12:00:00,102.0,595.0,194.0,65.0,502.0,198.0,44.0,513.0,193.0,56.0,456.0,195.0,20.0,555.0,195.0,56.0,537.0,199.0,85.0,505.0,195.0,389.0,184.0,145.0,193.0,385.0,
2018-05-18 13:00:00,93.0,548.0,193.0,66.0,488.0,197.0,54.0,497.0,193.0,61.0,433.0,195.0,22.0,523.0,195.0,65.0,492.0,198.0,85.0,492.0,194.0,240.0,186.0,160.0,165.0,345.0,
2018-05-18 14:00:00,71.0,465.0,193.0,88.0,456.0,197.0,115.0,465.0,194.0,139.0,446.0,198.0,32.0,451.0,195.0,96.0,403.0,198.0,109.0,461.0,194.0,192.0,175.0,136.0,177.0,326.0,112.0
2018-05-18 15:00:00,65.0,497.0,193.0,66.0,465.0,196.0,97.0,457.0,196.0,112.0,449.0,200.0,24.0,487.0,195.0,60.0,432.0,199.0,95.0,480.0,194.0,172.0,170.0,143.0,173.0,389.0,
2018-05-18 16:00:00,62.0,525.0,193.0,34.0,494.0,196.0,60.0,470.0,196.0,65.0,456.0,201.0,22.0,516.0,195.0,51.0,475.0,199.0,59.0,506.0,196.0,162.0,165.0,143.0,160.0,428.0,
2018-05-18 17:00:00,53.0,585.0,195.0,26.0,555.0,197.0,55.0,550.0,197.0,40.0,478.0,201.0,35.0,552.0,198.0,55.0,564.0,215.0,49.0,534.0,197.0,214.0,162.0,128.0,207.0,508.0,2688.0
2018-05-18 18:00:00,16.0,669.0,199.0,1.0,678.0,201.0,0.0,584.0,197.0,0.0,572.0,201.0,3.0,631.0,201.0,4.0,616.0,242.0,6.0,595.0,198.0,341.0,174.0,136.0,250.0,576.0,1902.0
2018-05-18 19:00:00,7.0,617.0,200.0,1.0,598.0,200.0,0.0,569.0,196.0,2.0,557.0,201.0,3.0,589.0,201.0,2.0,525.0,226.0,10.0,593.0,198.0,228.0,179.0,156.0,184.0,408.0,112.0
2018-05-18 20:00:00,56.0,869.0,205.0,1.0,584.0,200.0,0.0,569.0,196.0,0.0,548.0,201.0,2.0,593.0,201.0,0.0,539.0,216.0,6.0,567.0,198.0,637.0,287.0,116.0,397.0,1485.0,11199.0
2018-05-18 21:00:00,26.0,949.0,215.0,0.0,596.0,201.0,0.0,574.0,196.0,0.0,558.0,201.0,1.0,593.0,201.0,0.0,540.0,212.0,5.0,578.0,199.0,390.0,298.0,147.0,250.0,1326.0,
2018-05-18 22:00:00,1.0,722.0,207.0,0.0,593.0,200.0,0.0,586.0,196.0,0.0,542.0,200.0,1.0,599.0,201.0,0.0,551.0,210.0,5.0,575.0,200.0,247.0,231.0,168.0,181.0,516.0,
2018-05-18 23:00:00,1.0,664.0,202.0,0.0,576.0,199.0,0.0,581.0,196.0,0.0,536.0,199.0,1.0,593.0,201.0,0.0,548.0,209.0,0.0,567.0,200.0,197.0,195.0,165.0,167.0,352.0,
2018-05-19 00:00:00,1.0,650.0,200.0,0.0,566.0,198.0,0.0,578.0,195.0,0.0,538.0,199.0,1.0,580.0,200.0,0.0,541.0,207.0,0.0,556.0,199.0,178.0,179.0,164.0,163.0,318.0,
2018-05-19 01:00:00,0.0,648.0,198.0,0.0,563.0,198.0,0.0,577.0,195.0,0.0,539.0,199.0,1.0,562.0,199.0,0.0,534.0,205.0,0.0,549.0,198.0,169.0,170.0,160.0,160.0,322.0,
2018-05-19 03:00:00,1.0,628.0,195.0,0.0,556.0,195.0,0.0,571.0,194.0,0.0,542.0,198.0,1.0,547.0,199.0,0.0,522.0,202.0,0.0,535.0,195.0,160.0,160.0,155.0,155.0,344.0,
2018-05-19 04:00:00,34.0,730.0,196.0,0.0,565.0,195.0,0.0,581.0,194.0,0.0,547.0,198.0,4.0,557.0,198.0,2.0,542.0,201.0,4.0,539.0,194.0,273.0,190.0,145.0,238.0,381.0,3472.0
2018-05-19 05:00:00,32.0,712.0,197.0,2.0,566.0,195.0,5.0,574.0,194.0,1.0,537.0,197.0,11.0,580.0,198.0,10.0,559.0,201.0,86.0,545.0,194.0,344.0,333.0,151.0,218.0,331.0,224.0
2018-05-19 06:00:00,63.0,608.0,196.0,7.0,544.0,201.0,8.0,565.0,194.0,1.0,543.0,197.0,19.0,570.0,198.0,14.0,547.0,201.0,273.0,555.0,198.0,232.0,237.0,165.0,173.0,251.0,
2018-05-19 07:00:00,80.0,596.0,196.0,8.0,530.0,208.0,9.0,566.0,195.0,1.0,545.0,197.0,13.0,569.0,199.0,16.0,553.0,201.0,262.0,545.0,203.0,191.0,195.0,161.0,162.0,287.0,
2018-05-19 08:00:00,79.0,585.0,197.0,10.0,519.0,211.0,10.0,561.0,197.0,1.0,543.0,197.0,12.0,563.0,199.0,20.0,547.0,201.0,167.0,531.0,206.0,173.0,176.0,160.0,158.0,255.0,
2018-05-19 09:00:00,76.0,576.0,198.0,5.0,515.0,211.0,12.0,556.0,198.0,1.0,543.0,198.0,12.0,558.0,199.0,23.0,543.0,201.0,99.0,523.0,206.0,164.0,166.0,155.0,156.0,275.0,
2018-05-19 10:00:00,83.0,567.0,198.0,1.0,514.0,209.0,15.0,551.0,197.0,2.0,543.0,198.0,12.0,552.0,199.0,30.0,536.0,201.0,71.0,517.0,205.0,160.0,161.0,155.0,155.0,253.0,
2018-05-19 11:00:00,78.0,562.0,197.0,0.0,516.0,206.0,25.0,547.0,196.0,4.0,536.0,198.0,15.0,549.0,199.0,36.0,535.0,200.0,59.0,517.0,203.0,157.0,158.0,155.0,155.0,276.0,
2018-05-19 12:00:00,69.0,561.0,197.0,0.0,518.0,205.0,45.0,543.0,196.0,7.0,524.0,198.0,16.0,549.0,199.0,39.0,532.0,200.0,73.0,520.0,201.0,155.0,158.0,155.0,154.0,264.0,
2018-05-19 13:00:00,59.0,548.0,197.0,0.0,522.0,203.0,92.0,542.0,197.0,17.0,504.0,199.0,19.0,539.0,199.0,49.0,532.0,200.0,84.0,522.0,201.0,155.0,155.0,155.0,153.0,273.0,
2018-05-19 14:00:00,70.0,550.0,197.0,0.0,523.0,203.0,133.0,537.0,199.0,28.0,506.0,203.0,24.0,538.0,199.0,64.0,529.0,200.0,95.0,523.0,201.0,155.0,157.0,155.0,154.0,267.0,
2018-05-19 15:00:00,69.0,555.0,198.0,0.0,521.0,203.0,80.0,534.0,200.0,14.0,506.0,205.0,22.0,542.0,199.0,48.0,542.0,201.0,66.0,523.0,201.0,155.0,158.0,155.0,155.0,264.0,
2018-05-19 16:00:00,61.0,547.0,198.0,0.0,523.0,202.0,62.0,529.0,199.0,10.0,499.0,204.0,20.0,534.0,199.0,43.0,542.0,201.0,54.0,525.0,201.0,155.0,158.0,155.0,155.0,278.0,
2018-05-19 17:00:00,53.0,544.0,198.0,0.0,520.0,202.0,49.0,529.0,199.0,9.0,499.0,203.0,30.0,533.0,199.0,44.0,547.0,201.0,42.0,522.0,200.0,155.0,158.0,155.0,155.0,257.0,
2018-05-19 18:00:00,23.0,541.0,197.0,0.0,522.0,201.0,11.0,528.0,198.0,1.0,495.0,202.0,7.0,535.0,199.0,11.0,538.0,201.0,16.0,520.0,200.0,155.0,158.0,155.0,155.0,279.0,
2018-05-19 19:00:00,6.0,553.0,196.0,0.0,527.0,200.0,1.0,532.0,197.0,0.0,496.0,200.0,2.0,550.0,199.0,1.0,543.0,200.0,3.0,519.0,199.0,155.0,158.0,155.0,155.0,247.0,
2018-05-19 20:00:00,1.0,554.0,196.0,0.0,524.0,199.0,0.0,531.0,196.0,0.0,499.0,199.0,1.0,549.0,198.0,0.0,542.0,200.0,0.0,512.0,198.0,155.0,156.0,155.0,155.0,283.0,
2018-05-19 21:00:00,1.0,553.0,195.0,0.0,520.0,199.0,0.0,528.0,196.0,0.0,498.0,199.0,1.0,542.0,197.0,0.0,528.0,199.0,0.0,504.0,197.0,155.0,155.0,155.0,155.0,251.0,
2018-05-19 22:00:00,1.0,548.0,194.0,0.0,517.0,198.0,0.0,523.0,195.0,0.0,493.0,198.0,1.0,536.0,196.0,0.0,523.0,199.0,0.0,499.0,196.0,155.0,155.0,155.0,155.0,289.0,
2018-05-19 23:00:00,1.0,544.0,193.0,0.0,516.0,197.0,0.0,519.0,195.0,0.0,492.0,197.0,1.0,532.0,195.0,0.0,513.0,198.0,0.0,495.0,195.0,155.0,155.0,155.0,155.0,256.0,
2018-05-20 00:00:00,0.0,541.0,192.0,0.0,515.0,196.0,0.0,516.0,194.0,0.0,491.0,196.0,1.0,530.0,195.0,0.0,514.0,198.0,0.0,493.0,195.0,152.0,155.0,155.0,155.0,292.0,
2018-05-20 01:00:00,1.0,539.0,192.0,0.0,515.0,196.0,0.0,514.0,193.0,0.0,492.0,195.0,1.0,529.0,194.0,0.0,508.0,197.0,0.0,493.0,194.0,150.0,155.0,155.0,154.0,262.0,
2018-05-20 02:00:00,1.0,538.0,192.0,0.0,514.0,196.0,0.0,513.0,193.0,0.0,493.0,195.0,1.0,529.0,194.0,0.0,507.0,197.0,0.0,494.0,194.0,154.0,155.0,155.0,153.0,,
2018-05-20 04:00:00,3.0,534.0,190.0,0.0,514.0,194.0,0.0,511.0,192.0,0.0,493.0,193.0,1.0,528.0,192.0,0.0,507.0,195.0,1.0,494.0,192.0,155.0,155.0,153.0,153.0,287.0,
2018-05-20 05:00:00,9.0,532.0,189.0,0.0,514.0,193.0,1.0,509.0,191.0,0.0,493.0,192.0,2.0,528.0,192.0,1.0,507.0,194.0,9.0,493.0,191.0,155.0,154.0,150.0,153.0,254.0,
2018-05-20 06:00:00,20.0,531.0,189.0,0.0,513.0,193.0,5.0,509.0,191.0,0.0,496.0,191.0,5.0,528.0,191.0,6.0,507.0,194.0,18.0,493.0,190.0,155.0,153.0,150.0,153.0,287.0,
2018-05-20 07:00:00,42.0,533.0,189.0,0.0,511.0,192.0,13.0,511.0,191.0,2.0,499.0,191.0,9.0,531.0,191.0,15.0,514.0,193.0,36.0,497.0,190.0,154.0,153.0,150.0,153.0,251.0,
2018-05-20 08:00:00,60.0,536.0,189.0,0.0,513.0,192.0,20.0,515.0,190.0,3.0,505.0,190.0,13.0,535.0,191.0,23.0,519.0,193.0,47.0,504.0,190.0,152.0,153.0,150.0,153.0,284.0,
2018-05-20 09:00:00,62.0,538.0,189.0,0.0,515.0,192.0,20.0,519.0,190.0,3.0,509.0,190.0,13.0,539.0,190.0,24.0,525.0,193.0,44.0,508.0,190.0,150.0,153.0,150.0,153.0,249.0,
2018-05-20 10:00:00,50.0,539.0,189.0,0.0,516.0,192.0,19.0,521.0,190.0,3.0,511.0,190.0,12.0,541.0,190.0,21.0,527.0,193.0,37.0,510.0,190.0,150.0,153.0,150.0,153.0,286.0,
2018-05-20 11:00:00,70.0,542.0,189.0,0.0,517.0,192.0,31.0,523.0,190.0,5.0,514.0,190.0,17.0,546.0,190.0,32.0,531.0,192.0,44.0,511.0,190.0,150.0,153.0,150.0,153.0,249.0,
2018-05-20 12:00:00,82.0,543.0,189.0,0.0,519.0,192.0,36.0,525.0,190.0,6.0,508.0,190.0,20.0,544.0,190.0,38.0,529.0,192.0,55.0,514.0,190.0,150.0,153.0,150.0,153.0,272.0,
2018-05-20 13:00:00,83.0,543.0,189.0,0.0,523.0,192.0,50.0,526.0,190.0,9.0,505.0,190.0,21.0,543.0,190.0,45.0,526.0,193.0,62.0,516.0,190.0,150.0,153.0,150.0,153.0,256.0,
2018-05-20 14:00:00,82.0,537.0,190.0,0.0,523.0,193.0,101.0,528.0,191.0,18.0,507.0,192.0,26.0,535.0,190.0,60.0,524.0,193.0,80.0,518.0,190.0,150.0,153.0,155.0,153.0,278.0,
2018-05-20 15:00:00,73.0,543.0,190.0,0.0,520.0,193.0,118.0,530.0,193.0,23.0,507.0,196.0,24.0,538.0,191.0,61.0,526.0,194.0,82.0,520.0,191.0,151.0,155.0,155.0,153.0,250.0,
2018-05-20 16:00:00,35.0,538.0,191.0,0.0,521.0,193.0,12.0,528.0,192.0,2.0,503.0,195.0,8.0,534.0,191.0,14.0,528.0,194.0,26.0,518.0,191.0,154.0,155.0,155.0,153.0,285.0,
2018-05-20 17:00:00,16.0,534.0,190.0,0.0,521.0,192.0,4.0,528.0,191.0,0.0,498.0,194.0,4.0,538.0,191.0,5.0,525.0,193.0,10.0,515.0,190.0,154.0,155.0,155.0,153.0,252.0,
2018-05-20 18:00:00,9.0,542.0,190.0,0.0,521.0,192.0,1.0,528.0,191.0,0.0,501.0,192.0,2.0,542.0,191.0,2.0,530.0,193.0,5.0,516.0,190.0,153.0,155.0,154.0,153.0,283.0,
2018-05-20 19:00:00,4.0,546.0,189.0,0.0,521.0,191.0,0.0,529.0,190.0,0.0,504.0,192.0,1.0,544.0,190.0,0.0,530.0,193.0,1.0,515.0,190.0,150.0,154.0,152.0,153.0,249.0,
2018-05-20 20:00:00,1.0,544.0,189.0,0.0,521.0,191.0,0.0,528.0,190.0,0.0,506.0,191.0,1.0,543.0,190.0,0.0,528.0,192.0,0.0,511.0,189.0,150.0,153.0,150.0,153.0,272.0,
2018-05-20 21:00:00,1.0,543.0,188.0,0.0,520.0,190.0,0.0,526.0,189.0,0.0,506.0,190.0,1.0,542.0,190.0,0.0,525.0,192.0,0.0,508.0,189.0,150.0,153.0,150.0,153.0,246.0,
2018-05-20 22:00:00,0.0,541.0,188.0,0.0,519.0,190.0,0.0,526.0,189.0,0.0,505.0,190.0,1.0,539.0,189.0,0.0,527.0,192.0,0.0,507.0,188.0,150.0,153.0,150.0,153.0,276.0,
2018-05-20 23:00:00,1.0,540.0,187.0,0.0,519.0,190.0,0.0,524.0,189.0,0.0,505.0,190.0,1.0,539.0,189.0,0.0,523.0,191.0,0.0,505.0,188.0,150.0,153.0,150.0,153.0,256.0,
2018-05-21 00:00:00,0.0,538.0,187.0,0.0,518.0,189.0,0.0,525.0,188.0,0.0,505.0,189.0,1.0,538.0,189.0,0.0,521.0,191.0,0.0,503.0,187.0,150.0,153.0,150.0,153.0,302.0,
2018-05-21 01:00:00,1.0,539.0,186.0,0.0,518.0,189.0,0.0,523.0,188.0,0.0,506.0,188.0,1.0,539.0,188.0,0.0,522.0,191.0,0.0,502.0,187.0,150.0,153.0,150.0,153.0,262.0,
2018-05-21 02:00:00,1.0,537.0,186.0,0.0,518.0,189.0,0.0,522.0,188.0,0.0,506.0,188.0,1.0,538.0,188.0,0.0,520.0,190.0,0.0,503.0,187.0,150.0,153.0,150.0,153.0,256.0,
2018-05-21 04:00:00,15.0,534.0,185.0,0.0,516.0,187.0,3.0,522.0,187.0,0.0,506.0,187.0,4.0,536.0,187.0,4.0,519.0,189.0,13.0,503.0,186.0,150.0,153.0,150.0,152.0,284.0,
2018-05-21 05:00:00,33.0,534.0,185.0,2.0,514.0,187.0,7.0,519.0,186.0,1.0,506.0,187.0,10.0,536.0,187.0,11.0,520.0,189.0,85.0,505.0,185.0,150.0,153.0,150.0,150.0,255.0,
2018-05-21 06:00:00,57.0,538.0,186.0,6.0,501.0,194.0,9.0,521.0,187.0,1.0,513.0,187.0,15.0,537.0,187.0,14.0,520.0,189.0,245.0,516.0,189.0,150.0,153.0,150.0,150.0,264.0,
2018-05-21 07:00:00,77.0,546.0,188.0,9.0,493.0,201.0,10.0,526.0,189.0,2.0,527.0,187.0,13.0,542.0,189.0,17.0,528.0,190.0,245.0,513.0,194.0,150.0,153.0,150.0,150.0,255.0,
2018-05-21 08:00:00,78.0,547.0,190.0,10.0,487.0,205.0,15.0,528.0,191.0,2.0,532.0,188.0,14.0,543.0,191.0,23.0,528.0,191.0,162.0,506.0,198.0,150.0,153.0,150.0,150.0,267.0,
2018-05-21 09:00:00,89.0,543.0,191.0,6.0,485.0,205.0,28.0,527.0,192.0,5.0,529.0,189.0,18.0,541.0,192.0,36.0,527.0,192.0,106.0,502.0,200.0,150.0,153.0,150.0,150.0,253.0,
2018-05-21 10:00:00,97.0,539.0,192.0,1.0,493.0,203.0,36.0,526.0,192.0,6.0,521.0,190.0,21.0,539.0,192.0,44.0,524.0,193.0,79.0,500.0,199.0,150.0,153.0,150.0,150.0,265.0,
2018-05-21 11:00:00,91.0,538.0,193.0,1.0,499.0,201.0,39.0,526.0,192.0,7.0,511.0,191.0,21.0,540.0,192.0,44.0,526.0,193.0,77.0,503.0,198.0,150.0,153.0,150.0,152.0,251.0,
2018-05-21 12:00:00,91.0,539.0,193.0,1.0,504.0,201.0,46.0,528.0,192.0,8.0,507.0,192.0,22.0,541.0,192.0,46.0,525.0,193.0,77.0,506.0,198.0,150.0,153.0,150.0,153.0,248.0,
2018-05-21 13:00:00,101.0,559.0,193.0,1.0,510.0,201.0,71.0,532.0,193.0,13.0,509.0,194.0,21.0,541.0,192.0,54.0,528.0,193.0,88.0,509.0,198.0,150.0,154.0,138.0,149.0,266.0,112.0
2018-05-21 14:00:00,101.0,576.0,193.0,0.0,513.0,201.0,109.0,532.0,194.0,21.0,510.0,198.0,22.0,540.0,193.0,62.0,528.0,194.0,94.0,512.0,198.0,155.0,155.0,148.0,152.0,258.0,
2018-05-21 15:00:00,81.0,578.0,193.0,0.0,512.0,201.0,95.0,532.0,196.0,17.0,510.0,199.0,20.0,543.0,194.0,54.0,536.0,195.0,69.0,515.0,199.0,162.0,156.0,154.0,154.0,258.0,
2018-05-21 16:00:00,72.0,582.0,193.0,0.0,520.0,201.0,68.0,534.0,197.0,13.0,516.0,200.0,22.0,547.0,195.0,53.0,541.0,196.0,53.0,519.0,199.0,158.0,158.0,155.0,155.0,264.0,
2018-05-21 17:00:00,80.0,590.0,193.0,0.0,526.0,200.0,100.0,536.0,197.0,19.0,521.0,201.0,57.0,552.0,195.0,87.0,548.0,196.0,56.0,523.0,199.0,155.0,158.0,155.0,155.0,255.0,
2018-05-21 18:00:00,27.0,594.0,193.0,0.0,528.0,200.0,23.0,537.0,198.0,2.0,520.0,201.0,9.0,553.0,195.0,18.0,553.0,197.0,15.0,524.0,198.0,155.0,158.0,155.0,155.0,284.0,
2018-05-21 19:00:00,12.0,585.0,193.0,0.0,530.0,199.0,2.0,539.0,196.0,0.0,520.0,199.0,2.0,553.0,195.0,2.0,559.0,197.0,4.0,526.0,198.0,155.0,157.0,155.0,155.0,251.0,
2018-05-21 20:00:00,1.0,580.0,192.0,0.0,532.0,199.0,0.0,540.0,196.0,0.0,521.0,199.0,1.0,554.0,194.0,0.0,555.0,196.0,0.0,527.0,197.0,155.0,157.0,155.0,155.0,267.0,
2018-05-21 21:00:00,0.0,580.0,191.0,0.0,533.0,198.0,0.0,541.0,195.0,0.0,523.0,198.0,1.0,553.0,194.0,0.0,553.0,196.0,0.0,526.0,197.0,155.0,155.0,155.0,155.0,247.0,
2018-05-21 22:00:00,0.0,579.0,191.0,0.0,529.0,197.0,0.0,540.0,195.0,0.0,522.0,197.0,1.0,551.0,194.0,0.0,549.0,196.0,0.0,523.0,196.0,155.0,155.0,155.0,155.0,284.0,
2018-05-21 23:00:00,0.0,574.0,190.0,0.0,525.0,196.0,0.0,535.0,194.0,0.0,520.0,196.0,1.0,546.0,193.0,0.0,542.0,195.0,0.0,517.0,195.0,155.0,155.0,155.0,155.0,252.0,
2018-05-22 00:00:00,0.0,570.0,189.0,0.0,521.0,195.0,0.0,530.0,194.0,0.0,517.0,195.0,1.0,542.0,193.0,0.0,538.0,195.0,0.0,511.0,195.0,155.0,155.0,155.0,155.0,297.0,
2018-05-22 01:00:00,0.0,566.0,189.0,0.0,518.0,194.0,0.0,526.0,193.0,0.0,514.0,194.0,1.0,538.0,192.0,0.0,536.0,195.0,0.0,506.0,194.0,155.0,155.0,155.0,154.0,305.0,
2018-05-22 02:00:00,0.0,562.0,188.0,0.0,516.0,193.0,0.0,522.0,192.0,0.0,512.0,193.0,1.0,535.0,192.0,0.0,535.0,194.0,0.0,502.0,193.0,155.0,155.0,155.0,153.0,279.0,
2018-05-22 03:00:00,0.0,560.0,187.0,0.0,513.0,192.0,0.0,520.0,192.0,0.0,510.0,193.0,1.0,531.0,191.0,0.0,523.0,194.0,0.0,500.0,192.0,155.0,155.0,154.0,153.0,273.0,
2018-05-22 04:00:00,2.0,557.0,187.0,0.0,510.0,192.0,0.0,517.0,191.0,0.0,508.0,192.0,1.0,529.0,190.0,0.0,521.0,193.0,0.0,497.0,191.0,155.0,155.0,150.0,153.0,273.0,
2018-05-22 05:00:00,13.0,556.0,186.0,0.0,509.0,191.0,2.0,514.0,191.0,0.0,507.0,191.0,2.0,527.0,189.0,2.0,513.0,192.0,5.0,496.0,190.0,155.0,153.0,150.0,153.0,266.0,
2018-05-22 06:00:00,27.0,556.0,186.0,0.0,509.0,190.0,6.0,513.0,190.0,0.0,507.0,190.0,4.0,529.0,189.0,8.0,516.0,192.0,12.0,498.0,189.0,153.0,153.0,150.0,153.0,269.0,
2018-05-22 07:00:00,34.0,558.0,185.0,0.0,509.0,189.0,8.0,513.0,190.0,1.0,507.0,190.0,5.0,530.0,188.0,10.0,517.0,191.0,18.0,498.0,188.0,150.0,153.0,150.0,152.0,264.0,
2018-05-22 08:00:00,60.0,555.0,185.0,0.0,509.0,189.0,19.0,511.0,189.0,3.0,506.0,189.0,9.0,529.0,188.0,21.0,515.0,191.0,37.0,498.0,188.0,150.0,153.0,150.0,150.0,263.0,
2018-05-22 09:00:00,57.0,555.0,185.0,0.0,509.0,188.0,17.0,509.0,189.0,2.0,505.0,188.0,8.0,529.0,187.0,19.0,513.0,190.0,32.0,497.0,187.0,150.0,153.0,150.0,150.0,263.0,
2018-05-22 10:00:00,87.0,556.0,185.0,0.0,509.0,187.0,30.0,509.0,188.0,5.0,505.0,188.0,13.0,530.0,187.0,32.0,516.0,190.0,52.0,498.0,187.0,148.0,150.0,150.0,150.0,269.0,
2018-05-22 11:00:00,105.0,559.0,185.0,1.0,512.0,187.0,39.0,511.0,188.0,6.0,506.0,188.0,16.0,534.0,187.0,41.0,520.0,190.0,69.0,502.0,187.0,150.0,150.0,150.0,150.0,250.0,
2018-05-22 12:00:00,107.0,560.0,185.0,1.0,513.0,187.0,57.0,511.0,188.0,11.0,507.0,188.0,18.0,533.0,187.0,51.0,517.0,190.0,88.0,506.0,187.0,150.0,150.0,150.0,150.0,277.0,
2018-05-22 13:00:00,86.0,561.0,185.0,0.0,514.0,187.0,78.0,510.0,189.0,16.0,507.0,189.0,18.0,531.0,187.0,52.0,515.0,190.0,84.0,508.0,187.0,150.0,151.0,150.0,150.0,247.0,
2018-05-22 14:00:00,82.0,561.0,185.0,0.0,514.0,187.0,145.0,508.0,190.0,31.0,502.0,191.0,23.0,530.0,187.0,70.0,515.0,190.0,97.0,508.0,186.0,150.0,153.0,150.0,150.0,274.0,
2018-05-22 15:00:00,72.0,560.0,185.0,0.0,513.0,187.0,179.0,503.0,192.0,34.0,493.0,195.0,26.0,529.0,188.0,78.0,511.0,191.0,94.0,510.0,187.0,150.0,153.0,152.0,152.0,253.0,
2018-05-22 16:00:00,72.0,561.0,185.0,0.0,513.0,188.0,45.0,503.0,192.0,7.0,490.0,195.0,13.0,529.0,188.0,36.0,512.0,191.0,47.0,511.0,186.0,150.0,154.0,152.0,152.0,281.0,
2018-05-22 17:00:00,41.0,563.0,184.0,0.0,514.0,187.0,13.0,506.0,190.0,2.0,497.0,193.0,6.0,530.0,187.0,14.0,513.0,190.0,22.0,509.0,186.0,150.0,153.0,150.0,150.0,263.0,
2018-05-22 18:00:00,16.0,563.0,183.0,0.0,514.0,186.0,3.0,508.0,189.0,0.0,499.0,191.0,3.0,531.0,186.0,4.0,512.0,190.0,8.0,505.0,185.0,150.0,153.0,150.0,150.0,283.0,
2018-05-22 19:00:00,5.0,562.0,182.0,0.0,513.0,185.0,0.0,509.0,188.0,0.0,498.0,189.0,1.0,532.0,186.0,0.0,514.0,189.0,1.0,504.0,184.0,150.0,152.0,150.0,150.0,270.0,
2018-05-22 20:00:00,1.0,562.0,182.0,0.0,512.0,185.0,0.0,509.0,187.0,0.0,498.0,188.0,1.0,528.0,185.0,0.0,512.0,188.0,0.0,503.0,183.0,150.0,150.0,150.0,149.0,268.0,
2018-05-22 21:00:00,0.0,562.0,181.0,0.0,511.0,184.0,0.0,509.0,186.0,0.0,498.0,187.0,1.0,529.0,184.0,0.0,512.0,188.0,0.0,503.0,183.0,150.0,150.0,150.0,148.0,268.0,
2018-05-22 22:00:00,0.0,561.0,180.0,0.0,511.0,183.0,0.0,508.0,186.0,0.0,498.0,186.0,1.0,528.0,184.0,0.0,510.0,187.0,0.0,503.0,182.0,150.0,150.0,148.0,148.0,266.0,
2018-05-22 23:00:00,0.0,560.0,179.0,0.0,511.0,183.0,0.0,507.0,185.0,0.0,498.0,185.0,1.0,528.0,183.0,0.0,509.0,186.0,0.0,503.0,181.0,149.0,149.0,145.0,148.0,281.0,
2018-05-23 00:00:00,0.0,562.0,179.0,0.0,510.0,182.0,0.0,508.0,184.0,0.0,498.0,184.0,1.0,528.0,182.0,0.0,510.0,186.0,0.0,505.0,180.0,146.0,148.0,145.0,148.0,262.0,
2018-05-23 01:00:00,0.0,564.0,178.0,0.0,511.0,181.0,0.0,508.0,184.0,0.0,500.0,183.0,1.0,530.0,182.0,0.0,511.0,185.0,0.0,507.0,179.0,145.0,148.0,145.0,148.0,296.0,
2018-05-23 02:00:00,1.0,564.0,178.0,0.0,511.0,181.0,0.0,509.0,184.0,0.0,501.0,183.0,1.0,533.0,181.0,0.0,515.0,185.0,0.0,509.0,179.0,145.0,148.0,145.0,148.0,261.0,
2018-05-23 04:00:00,2.0,571.0,176.0,0.0,514.0,179.0,0.0,511.0,182.0,0.0,504.0,181.0,1.0,536.0,180.0,0.0,519.0,183.0,0.0,513.0,177.0,145.0,148.0,145.0,145.0,261.0,
2018-05-23 05:00:00,8.0,573.0,176.0,0.0,514.0,179.0,0.0,512.0,181.0,0.0,505.0,180.0,1.0,535.0,179.0,1.0,519.0,182.0,3.0,515.0,176.0,144.0,146.0,145.0,145.0,275.0,
2018-05-23 06:00:00,17.0,575.0,175.0,0.0,515.0,178.0,4.0,513.0,181.0,0.0,506.0,179.0,3.0,538.0,178.0,4.0,524.0,182.0,9.0,516.0,176.0,145.0,145.0,145.0,145.0,262.0,
2018-05-23 07:00:00,23.0,577.0,175.0,0.0,515.0,178.0,6.0,513.0,180.0,1.0,507.0,179.0,4.0,538.0,178.0,7.0,523.0,181.0,13.0,517.0,175.0,145.0,145.0,145.0,145.0,258.0,
2018-05-23 08:00:00,34.0,572.0,175.0,0.0,518.0,177.0,12.0,517.0,180.0,1.0,510.0,178.0,7.0,543.0,177.0,12.0,526.0,181.0,22.0,519.0,175.0,144.0,145.0,143.0,150.0,309.0,112.0
2018-05-23 09:00:00,49.0,575.0,175.0,0.0,524.0,177.0,17.0,519.0,180.0,2.0,518.0,178.0,9.0,567.0,177.0,19.0,550.0,181.0,28.0,532.0,175.0,144.0,147.0,136.0,181.0,391.0,112.0
2018-05-23 10:00:00,73.0,560.0,175.0,,,,,,,3.0,521.0,178.0,12.0,563.0,177.0,28.0,545.0,180.0,40.0,529.0,175.0,149.0,150.0,145.0,154.0,288.0,
2018-05-23 11:00:00,99.0,557.0,175.0,,,,,,,6.0,520.0,178.0,16.0,561.0,177.0,40.0,545.0,180.0,60.0,529.0,175.0,150.0,150.0,145.0,148.0,264.0,
2018-05-23 12:00:00,97.0,557.0,176.0,,,,,,,9.0,525.0,179.0,18.0,557.0,177.0,48.0,542.0,180.0,73.0,531.0,175.0,147.0,148.0,145.0,145.0,280.0,
2018-05-23 13:00:00,63.0,558.0,176.0,,,,,,,16.0,527.0,180.0,15.0,555.0,177.0,47.0,538.0,180.0,71.0,532.0,175.0,145.0,148.0,145.0,145.0,273.0,
2018-05-23 14:00:00,55.0,560.0,176.0,,,,,,,30.0,522.0,182.0,18.0,553.0,177.0,57.0,538.0,181.0,87.0,533.0,175.0,145.0,148.0,145.0,145.0,272.0,
2018-05-23 15:00:00,46.0,563.0,176.0,,,,,,,42.0,514.0,187.0,23.0,553.0,178.0,77.0,539.0,182.0,99.0,533.0,175.0,145.0,149.0,147.0,145.0,275.0,
2018-05-23 16:00:00,40.0,564.0,176.0,,,,,,,45.0,507.0,191.0,48.0,552.0,179.0,147.0,532.0,184.0,95.0,537.0,176.0,145.0,150.0,146.0,145.0,266.0,
2018-05-23 17:00:00,69.0,564.0,177.0,,,,,,,41.0,502.0,194.0,141.0,551.0,181.0,198.0,535.0,186.0,81.0,542.0,177.0,145.0,150.0,145.0,145.0,276.0,
2018-05-23 18:00:00,114.0,563.0,179.0,,,,,,,27.0,501.0,195.0,40.0,551.0,182.0,102.0,528.0,187.0,51.0,543.0,177.0,145.0,148.0,145.0,145.0,257.0,
2018-05-23 19:00:00,28.0,559.0,179.0,,,,,,,7.0,502.0,193.0,9.0,550.0,181.0,19.0,537.0,187.0,17.0,539.0,178.0,145.0,148.0,145.0,145.0,292.0,
2018-05-23 20:00:00,3.0,559.0,178.0,,,,,,,0.0,505.0,190.0,1.0,551.0,180.0,0.0,537.0,185.0,0.0,537.0,177.0,145.0,148.0,145.0,145.0,256.0,
2018-05-23 21:00:00,0.0,559.0,177.0,,,,,,,0.0,508.0,187.0,1.0,551.0,179.0,0.0,538.0,185.0,0.0,534.0,177.0,145.0,146.0,145.0,145.0,296.0,
2018-05-23 22:00:00,1.0,562.0,176.0,,,,,,,0.0,509.0,185.0,1.0,550.0,178.0,0.0,540.0,184.0,0.0,533.0,176.0,145.0,145.0,145.0,144.0,260.0,
2018-05-23 23:00:00,1.0,560.0,175.0,,,,,,,0.0,511.0,184.0,1.0,550.0,178.0,0.0,533.0,183.0,0.0,533.0,175.0,145.0,145.0,145.0,143.0,286.0,
2018-05-24 00:00:00,1.0,565.0,175.0,,,,,,,0.0,512.0,182.0,1.0,550.0,178.0,0.0,539.0,183.0,0.0,532.0,175.0,142.0,144.0,145.0,143.0,270.0,
2018-05-24 01:00:00,0.0,561.0,174.0,,,,,,,0.0,513.0,181.0,1.0,548.0,177.0,0.0,531.0,182.0,0.0,532.0,174.0,140.0,143.0,144.0,143.0,285.0,
2018-05-24 02:00:00,0.0,565.0,173.0,,,,,,,0.0,514.0,180.0,1.0,549.0,176.0,0.0,540.0,182.0,0.0,532.0,174.0,141.0,143.0,143.0,143.0,289.0,
2018-05-24 03:00:00,1.0,561.0,173.0,,,,,,,0.0,515.0,180.0,1.0,549.0,176.0,0.0,527.0,181.0,0.0,533.0,173.0,143.0,143.0,140.0,143.0,282.0,
2018-05-24 04:00:00,2.0,564.0,172.0,,,,,,,0.0,516.0,179.0,1.0,549.0,175.0,0.0,538.0,180.0,0.0,533.0,172.0,142.0,143.0,140.0,143.0,286.0,
2018-05-24 05:00:00,9.0,562.0,171.0,,,,,,,0.0,517.0,178.0,2.0,550.0,175.0,1.0,526.0,179.0,4.0,534.0,171.0,140.0,143.0,140.0,143.0,265.0,
2018-05-24 06:00:00,21.0,561.0,171.0,,,,,,,0.0,517.0,177.0,3.0,549.0,174.0,6.0,530.0,179.0,10.0,534.0,171.0,140.0,143.0,140.0,142.0,293.0,
2018-05-24 07:00:00,34.0,561.0,171.0,,,,,,,1.0,518.0,177.0,6.0,551.0,174.0,12.0,529.0,178.0,18.0,534.0,171.0,140.0,143.0,140.0,142.0,249.0,
2018-05-24 08:00:00,67.0,559.0,171.0,,,,,,,3.0,519.0,176.0,11.0,554.0,173.0,25.0,531.0,178.0,43.0,535.0,170.0,140.0,143.0,140.0,140.0,286.0,
2018-05-24 09:00:00,103.0,559.0,171.0,,,,,,,3.0,522.0,176.0,14.0,553.0,173.0,33.0,536.0,178.0,97.0,543.0,171.0,140.0,143.0,140.0,140.0,267.0,
2018-05-24 10:00:00,95.0,561.0,172.0,,,,,,,2.0,524.0,176.0,12.0,552.0,174.0,32.0,536.0,178.0,66.0,544.0,173.0,140.0,143.0,140.0,140.0,278.0,
2018-05-24 11:00:00,80.0,562.0,172.0,,,,,,,3.0,526.0,176.0,10.0,557.0,174.0,32.0,542.0,178.0,53.0,540.0,172.0,140.0,143.0,140.0,140.0,280.0,
2018-05-24 12:00:00,66.0,566.0,171.0,,,,,,,5.0,531.0,176.0,11.0,561.0,173.0,35.0,544.0,177.0,64.0,541.0,172.0,140.0,143.0,140.0,140.0,274.0,
2018-05-24 13:00:00,57.0,570.0,171.0,,,,,,,17.0,537.0,177.0,14.0,562.0,173.0,46.0,546.0,177.0,80.0,543.0,172.0,140.0,143.0,140.0,140.0,280.0,
2018-05-24 14:00:00,58.0,576.0,172.0,,,,,,,30.0,533.0,181.0,19.0,565.0,174.0,60.0,550.0,178.0,87.0,546.0,172.0,140.0,143.0,141.0,141.0,256.0,
2018-05-24 15:00:00,52.0,578.0,172.0,,,,,,,40.0,525.0,185.0,24.0,565.0,175.0,78.0,551.0,179.0,93.0,553.0,172.0,140.0,145.0,145.0,143.0,283.0,
2018-05-24 16:00:00,46.0,580.0,174.0,,,,,541.0,193.0,42.0,519.0,189.0,42.0,566.0,177.0,136.0,548.0,181.0,91.0,557.0,173.0,140.0,145.0,145.0,143.0,264.0,
2018-05-24 17:00:00,73.0,579.0,175.0,,,,,,,38.0,514.0,191.0,129.0,563.0,178.0,183.0,545.0,183.0,77.0,558.0,174.0,140.0,145.0,145.0,143.0,280.0,
2018-05-24 18:00:00,107.0,577.0,176.0,,,,,,,24.0,513.0,193.0,38.0,563.0,179.0,94.0,544.0,184.0,49.0,558.0,175.0,140.0,145.0,145.0,143.0,274.0,
2018-05-24 19:00:00,36.0,572.0,177.0,,,,,,,5.0,513.0,191.0,9.0,562.0,178.0,18.0,544.0,184.0,14.0,555.0,175.0,140.0,144.0,145.0,143.0,275.0,
2018-05-24 20:00:00,2.0,572.0,176.0,,,,,,,0.0,516.0,187.0,1.0,562.0,178.0,0.0,552.0,183.0,0.0,551.0,175.0,140.0,143.0,144.0,143.0,277.0,
2018-05-24 21:00:00,1.0,571.0,175.0,,,,,,,0.0,519.0,185.0,1.0,562.0,177.0,0.0,549.0,182.0,0.0,548.0,174.0,140.0,143.0,140.0,143.0,277.0,
2018-05-24 22:00:00,1.0,576.0,174.0,,,,,,,0.0,521.0,183.0,1.0,565.0,176.0,0.0,553.0,182.0,0.0,548.0,174.0,140.0,143.0,140.0,143.0,283.0,
2018-05-24 23:00:00,1.0,574.0,173.0,,,,,,,0.0,523.0,182.0,1.0,562.0,176.0,0.0,547.0,181.0,0.0,547.0,173.0,140.0,143.0,140.0,143.0,271.0,
2018-05-25 00:00:00,1.0,579.0,173.0,,,,,,,0.0,525.0,181.0,1.0,562.0,175.0,0.0,553.0,181.0,0.0,547.0,173.0,140.0,143.0,140.0,142.0,293.0,
2018-05-25 01:00:00,1.0,577.0,172.0,,,,,,,0.0,526.0,180.0,1.0,562.0,175.0,0.0,546.0,180.0,0.0,547.0,172.0,140.0,143.0,140.0,142.0,270.0,
2018-05-25 02:00:00,1.0,575.0,172.0,,,,,,,0.0,527.0,180.0,1.0,562.0,175.0,0.0,547.0,180.0,0.0,548.0,172.0,140.0,143.0,140.0,142.0,,
2018-05-25 04:00:00,7.0,576.0,170.0,,,,,,,0.0,528.0,177.0,2.0,561.0,173.0,0.0,547.0,179.0,3.0,547.0,170.0,140.0,143.0,140.0,140.0,320.0,
2018-05-25 05:00:00,26.0,579.0,170.0,,,,,,,0.0,529.0,177.0,5.0,562.0,173.0,7.0,553.0,178.0,30.0,548.0,170.0,140.0,143.0,140.0,140.0,310.0,
2018-05-25 06:00:00,57.0,580.0,170.0,,,,,,,1.0,531.0,176.0,10.0,566.0,173.0,14.0,551.0,178.0,124.0,553.0,170.0,140.0,143.0,140.0,140.0,264.0,
2018-05-25 07:00:00,85.0,586.0,171.0,,,,,,,1.0,541.0,176.0,11.0,573.0,173.0,17.0,558.0,178.0,206.0,562.0,175.0,140.0,143.0,140.0,140.0,292.0,
2018-05-25 08:00:00,85.0,594.0,173.0,,,,,,,1.0,555.0,177.0,11.0,579.0,175.0,21.0,562.0,179.0,142.0,558.0,179.0,140.0,143.0,140.0,140.0,257.0,
2018-05-25 09:00:00,89.0,591.0,174.0,,,,,,,2.0,559.0,177.0,11.0,576.0,177.0,25.0,562.0,179.0,96.0,552.0,181.0,140.0,143.0,140.0,140.0,290.0,
2018-05-25 10:00:00,90.0,583.0,175.0,,,,,,,3.0,553.0,178.0,12.0,571.0,176.0,32.0,557.0,180.0,68.0,546.0,181.0,140.0,143.0,140.0,140.0,264.0,
2018-05-25 11:00:00,84.0,574.0,175.0,,,,,,,4.0,547.0,178.0,12.0,565.0,176.0,36.0,548.0,179.0,59.0,542.0,179.0,140.0,143.0,140.0,140.0,276.0,
2018-05-25 12:00:00,69.0,571.0,175.0,,,,,,,6.0,543.0,178.0,12.0,562.0,176.0,37.0,553.0,179.0,65.0,540.0,179.0,140.0,143.0,140.0,140.0,272.0,
2018-05-25 13:00:00,71.0,575.0,175.0,,,,,,,16.0,545.0,180.0,17.0,567.0,176.0,50.0,549.0,179.0,81.0,544.0,178.0,140.0,143.0,140.0,140.0,260.0,
2018-05-25 14:00:00,67.0,579.0,175.0,,,,,548.0,186.0,28.0,537.0,184.0,20.0,568.0,177.0,59.0,555.0,180.0,100.0,547.0,178.0,140.0,143.0,141.0,141.0,282.0,
2018-05-25 15:00:00,72.0,571.0,176.0,,,,142.0,,,15.0,522.0,186.0,17.0,560.0,178.0,47.0,544.0,181.0,66.0,543.0,178.0,139.0,144.0,145.0,143.0,255.0,
2018-05-25 16:00:00,61.0,561.0,176.0,,,,,,,12.0,516.0,185.0,19.0,552.0,178.0,48.0,541.0,181.0,47.0,536.0,178.0,140.0,145.0,145.0,143.0,288.0,
2018-05-25 17:00:00,61.0,560.0,176.0,,,,,,,14.0,518.0,185.0,34.0,552.0,178.0,66.0,537.0,181.0,45.0,535.0,178.0,140.0,145.0,145.0,143.0,256.0,
2018-05-25 18:00:00,50.0,566.0,177.0,,,,7.0,547.0,187.0,10.0,523.0,185.0,23.0,557.0,178.0,48.0,543.0,181.0,30.0,538.0,178.0,140.0,145.0,145.0,143.0,282.0,
2018-05-25 19:00:00,7.0,570.0,176.0,,,,0.0,,,0.0,527.0,184.0,1.0,561.0,178.0,0.0,548.0,181.0,2.0,542.0,178.0,141.0,145.0,145.0,143.0,257.0,
2018-05-25 20:00:00,1.0,573.0,176.0,,,,,,,0.0,531.0,183.0,1.0,564.0,178.0,0.0,552.0,181.0,0.0,544.0,177.0,143.0,145.0,145.0,143.0,291.0,
2018-05-25 21:00:00,0.0,575.0,175.0,,,,0.0,550.0,184.0,0.0,534.0,181.0,1.0,566.0,177.0,0.0,554.0,180.0,0.0,547.0,177.0,144.0,145.0,144.0,143.0,260.0,
2018-05-25 22:00:00,1.0,576.0,175.0,,,,,,,0.0,536.0,180.0,1.0,567.0,177.0,0.0,554.0,180.0,0.0,548.0,176.0,144.0,145.0,143.0,143.0,295.0,
2018-05-25 23:00:00,0.0,578.0,174.0,,,,,,,0.0,539.0,180.0,1.0,570.0,176.0,0.0,557.0,180.0,0.0,549.0,176.0,144.0,144.0,141.0,143.0,278.0,
2018-05-26 00:00:00,0.0,580.0,174.0,,,,,550.0,183.0,0.0,540.0,179.0,1.0,571.0,176.0,0.0,558.0,179.0,0.0,551.0,175.0,144.0,144.0,140.0,143.0,336.0,
2018-05-26 01:00:00,0.0,583.0,174.0,,,,,,,0.0,540.0,179.0,1.0,573.0,176.0,0.0,561.0,179.0,0.0,552.0,175.0,144.0,144.0,140.0,143.0,293.0,
2018-05-26 02:00:00,1.0,583.0,173.0,,,,0.0,,,0.0,541.0,178.0,1.0,573.0,176.0,0.0,558.0,179.0,0.0,553.0,174.0,144.0,144.0,140.0,143.0,319.0,
2018-05-26 03:00:00,1.0,583.0,173.0,,,,,552.0,181.0,0.0,542.0,178.0,1.0,574.0,176.0,0.0,563.0,178.0,0.0,553.0,174.0,144.0,144.0,140.0,143.0,305.0,
2018-05-26 04:00:00,3.0,584.0,173.0,,,,,,,0.0,543.0,177.0,1.0,575.0,175.0,0.0,559.0,178.0,0.0,554.0,173.0,144.0,143.0,140.0,143.0,313.0,
2018-05-26 05:00:00,12.0,586.0,173.0,,,,,553.0,181.0,0.0,544.0,177.0,2.0,574.0,175.0,2.0,565.0,178.0,6.0,555.0,173.0,144.0,143.0,140.0,143.0,310.0,
2018-05-26 06:00:00,35.0,589.0,173.0,,,,8.0,,,0.0,546.0,176.0,6.0,579.0,175.0,11.0,564.0,177.0,25.0,557.0,173.0,144.0,143.0,140.0,143.0,320.0,
2018-05-26 07:00:00,54.0,589.0,173.0,,,,,,,2.0,546.0,176.0,9.0,580.0,175.0,18.0,567.0,177.0,42.0,560.0,173.0,143.0,143.0,140.0,143.0,344.0,
2018-05-26 08:00:00,59.0,590.0,175.0,,,,21.0,,,2.0,545.0,176.0,10.0,582.0,175.0,21.0,569.0,177.0,48.0,563.0,173.0,142.0,143.0,140.0,143.0,266.0,
2018-05-26 09:00:00,93.0,592.0,175.0,,,,,,,4.0,554.0,176.0,14.0,581.0,175.0,32.0,572.0,177.0,98.0,570.0,174.0,140.0,143.0,140.0,143.0,320.0,
2018-05-26 10:00:00,83.0,595.0,175.0,,,,,,,5.0,559.0,176.0,13.0,581.0,175.0,33.0,571.0,177.0,70.0,570.0,175.0,140.0,143.0,140.0,143.0,271.0,
2018-05-26 11:00:00,88.0,598.0,175.0,,,,,,,6.0,563.0,177.0,14.0,581.0,175.0,39.0,569.0,177.0,72.0,569.0,175.0,140.0,143.0,140.0,143.0,306.0,
2018-05-26 12:00:00,70.0,600.0,175.0,,,,40.0,,,7.0,567.0,177.0,13.0,583.0,175.0,39.0,574.0,178.0,74.0,569.0,175.0,140.0,143.0,140.0,143.0,296.0,
2018-05-26 13:00:00,58.0,602.0,175.0,,,,,,,15.0,568.0,179.0,15.0,586.0,176.0,46.0,572.0,178.0,86.0,570.0,175.0,140.0,144.0,142.0,143.0,291.0,
2018-05-26 14:00:00,65.0,600.0,175.0,,,,128.0,,,28.0,560.0,183.0,20.0,587.0,176.0,60.0,577.0,179.0,99.0,573.0,175.0,145.0,145.0,144.0,143.0,291.0,
2018-05-26 15:00:00,72.0,598.0,176.0,,,,,,,35.0,552.0,186.0,25.0,585.0,177.0,76.0,571.0,180.0,102.0,574.0,175.0,145.0,148.0,145.0,145.0,297.0,
2018-05-26 16:00:00,67.0,597.0,177.0,,,,,,,21.0,546.0,188.0,31.0,584.0,179.0,81.0,572.0,181.0,68.0,575.0,176.0,145.0,148.0,145.0,145.0,297.0,
2018-05-26 17:00:00,52.0,594.0,178.0,,,,5.0,,,12.0,544.0,188.0,35.0,581.0,179.0,59.0,566.0,182.0,47.0,573.0,177.0,145.0,148.0,145.0,145.0,308.0,
2018-05-26 18:00:00,28.0,605.0,177.0,0.0,581.0,178.0,2.0,565.0,187.0,0.0,548.0,186.0,6.0,586.0,179.0,4.0,577.0,182.0,9.0,578.0,177.0,320.0,233.0,135.0,199.0,569.0,1903.0
2018-05-26 19:00:00,22.0,639.0,176.0,0.0,590.0,180.0,3.0,586.0,187.0,0.0,566.0,185.0,7.0,593.0,182.0,0.0,591.0,182.0,9.0,620.0,180.0,545.0,358.0,140.0,277.0,630.0,5038.0
2018-05-26 20:00:00,45.0,766.0,186.0,0.0,592.0,182.0,0.0,594.0,187.0,0.0,576.0,185.0,6.0,598.0,185.0,0.0,615.0,184.0,7.0,620.0,189.0,582.0,428.0,137.0,375.0,822.0,5934.0
2018-05-26 21:00:00,14.0,673.0,199.0,0.0,607.0,185.0,0.0,597.0,187.0,0.0,586.0,186.0,3.0,626.0,187.0,0.0,627.0,186.0,6.0,591.0,195.0,428.0,315.0,155.0,220.0,660.0,1344.0
2018-05-26 22:00:00,1.0,610.0,201.0,0.0,611.0,184.0,0.0,600.0,187.0,0.0,583.0,185.0,1.0,632.0,187.0,0.0,622.0,186.0,7.0,584.0,192.0,309.0,242.0,161.0,179.0,456.0,
2018-05-26 23:00:00,1.0,592.0,196.0,0.0,608.0,183.0,0.0,602.0,187.0,0.0,583.0,185.0,1.0,612.0,185.0,0.0,610.0,186.0,7.0,588.0,190.0,219.0,204.0,160.0,163.0,517.0,
2018-05-27 00:00:00,0.0,588.0,190.0,0.0,621.0,183.0,0.0,605.0,187.0,0.0,588.0,185.0,1.0,598.0,185.0,0.0,598.0,185.0,7.0,590.0,190.0,179.0,177.0,155.0,156.0,495.0,
2018-05-27 01:00:00,2.0,592.0,188.0,0.0,625.0,183.0,0.0,602.0,187.0,0.0,597.0,185.0,1.0,596.0,184.0,0.0,600.0,184.0,0.0,578.0,188.0,166.0,166.0,154.0,153.0,336.0,
2018-05-27 02:00:00,1.0,594.0,185.0,0.0,632.0,183.0,0.0,603.0,186.0,0.0,608.0,186.0,1.0,593.0,184.0,0.0,595.0,184.0,0.0,567.0,185.0,158.0,159.0,150.0,150.0,334.0,
2018-05-27 03:00:00,1.0,598.0,183.0,0.0,642.0,183.0,0.0,603.0,186.0,0.0,613.0,186.0,1.0,594.0,183.0,0.0,591.0,183.0,0.0,567.0,183.0,154.0,154.0,150.0,149.0,300.0,
2018-05-27 04:00:00,3.0,599.0,182.0,0.0,640.0,182.0,0.0,607.0,186.0,0.0,617.0,186.0,1.0,594.0,183.0,0.0,593.0,183.0,0.0,567.0,182.0,150.0,152.0,149.0,148.0,315.0,
2018-05-27 05:00:00,9.0,603.0,180.0,0.0,635.0,182.0,0.0,611.0,186.0,0.0,620.0,186.0,2.0,593.0,182.0,1.0,589.0,182.0,0.0,568.0,180.0,150.0,150.0,145.0,148.0,295.0,
2018-05-27 06:00:00,15.0,603.0,179.0,0.0,635.0,181.0,0.0,609.0,185.0,0.0,625.0,185.0,3.0,593.0,181.0,3.0,588.0,182.0,0.0,569.0,179.0,170.0,151.0,145.0,146.0,332.0,224.0
2018-05-27 07:00:00,22.0,611.0,179.0,1.0,636.0,181.0,5.0,611.0,185.0,0.0,629.0,185.0,4.0,593.0,181.0,6.0,591.0,182.0,3.0,569.0,181.0,276.0,197.0,143.0,152.0,436.0,1232.0
2018-05-27 08:00:00,37.0,762.0,183.0,7.0,617.0,182.0,17.0,601.0,185.0,1.0,635.0,185.0,6.0,628.0,183.0,12.0,643.0,183.0,21.0,584.0,184.0,334.0,197.0,128.0,211.0,425.0,1343.0
2018-05-27 09:00:00,74.0,869.0,190.0,21.0,627.0,182.0,21.0,613.0,185.0,5.0,632.0,185.0,8.0,660.0,183.0,14.0,669.0,183.0,24.0,604.0,186.0,500.0,236.0,127.0,281.0,596.0,5824.0
2018-05-27 10:00:00,47.0,898.0,190.0,25.0,626.0,185.0,12.0,621.0,186.0,17.0,638.0,185.0,11.0,662.0,184.0,19.0,669.0,185.0,29.0,600.0,189.0,453.0,286.0,149.0,244.0,471.0,
2018-05-27 11:00:00,66.0,687.0,184.0,38.0,612.0,183.0,13.0,610.0,185.0,28.0,623.0,185.0,16.0,628.0,184.0,31.0,634.0,184.0,43.0,598.0,185.0,241.0,220.0,160.0,170.0,304.0,
2018-05-27 12:00:00,75.0,663.0,182.0,44.0,606.0,183.0,15.0,603.0,185.0,32.0,617.0,185.0,18.0,623.0,183.0,35.0,628.0,183.0,49.0,596.0,184.0,194.0,190.0,158.0,159.0,306.0,
2018-05-27 13:00:00,76.0,651.0,181.0,47.0,601.0,182.0,18.0,598.0,185.0,37.0,614.0,185.0,18.0,615.0,183.0,37.0,621.0,183.0,52.0,594.0,183.0,171.0,171.0,155.0,153.0,320.0,
2018-05-27 14:00:00,64.0,647.0,180.0,38.0,598.0,182.0,15.0,596.0,184.0,31.0,612.0,185.0,16.0,615.0,182.0,31.0,619.0,183.0,42.0,593.0,182.0,160.0,161.0,150.0,150.0,296.0,
2018-05-27 15:00:00,69.0,659.0,180.0,36.0,613.0,182.0,19.0,595.0,184.0,23.0,608.0,185.0,19.0,628.0,182.0,32.0,637.0,183.0,42.0,616.0,182.0,337.0,169.0,130.0,182.0,1879.0,672.0
2018-05-27 16:00:00,67.0,674.0,181.0,34.0,637.0,182.0,45.0,606.0,185.0,38.0,619.0,185.0,38.0,645.0,184.0,73.0,660.0,185.0,54.0,629.0,184.0,197.0,169.0,126.0,182.0,1305.0,
2018-05-27 17:00:00,81.0,677.0,184.0,33.0,637.0,183.0,40.0,607.0,189.0,75.0,617.0,186.0,99.0,640.0,185.0,157.0,638.0,188.0,83.0,624.0,185.0,176.0,161.0,119.0,189.0,974.0,
2018-05-27 18:00:00,76.0,664.0,186.0,17.0,635.0,183.0,0.0,608.0,192.0,31.0,610.0,188.0,33.0,633.0,186.0,73.0,624.0,190.0,50.0,625.0,185.0,278.0,194.0,137.0,183.0,624.0,2799.0
2018-05-27 19:00:00,15.0,656.0,186.0,2.0,630.0,185.0,0.0,614.0,193.0,2.0,610.0,188.0,3.0,626.0,188.0,3.0,639.0,189.0,10.0,613.0,193.0,453.0,388.0,150.0,192.0,735.0,2015.0
2018-05-27 20:00:00,6.0,661.0,186.0,0.0,630.0,186.0,0.0,617.0,191.0,0.0,619.0,188.0,1.0,625.0,189.0,0.0,634.0,189.0,6.0,621.0,195.0,485.0,402.0,159.0,219.0,446.0,1567.0
2018-05-27 21:00:00,2.0,661.0,187.0,0.0,633.0,186.0,0.0,622.0,190.0,0.0,622.0,188.0,1.0,628.0,190.0,0.0,630.0,190.0,5.0,623.0,193.0,485.0,395.0,148.0,240.0,1380.0,1455.0
2018-05-27 22:00:00,5.0,652.0,187.0,0.0,626.0,184.0,0.0,623.0,189.0,0.0,624.0,188.0,1.0,621.0,190.0,0.0,621.0,190.0,5.0,619.0,192.0,404.0,317.0,148.0,220.0,558.0,
2018-05-27 23:00:00,0.0,643.0,186.0,0.0,635.0,184.0,,,,0.0,622.0,188.0,1.0,615.0,188.0,0.0,618.0,189.0,5.0,619.0,192.0,249.0,236.0,164.0,178.0,496.0,
2018-05-28 00:00:00,1.0,638.0,184.0,0.0,636.0,184.0,0.0,622.0,188.0,0.0,629.0,188.0,1.0,611.0,188.0,0.0,614.0,188.0,5.0,619.0,192.0,194.0,193.0,160.0,162.0,596.0,
2018-05-28 01:00:00,0.0,637.0,183.0,0.0,644.0,184.0,0.0,620.0,187.0,0.0,631.0,188.0,1.0,609.0,187.0,0.0,618.0,188.0,5.0,618.0,191.0,173.0,174.0,157.0,156.0,553.0,
2018-05-28 02:00:00,0.0,637.0,182.0,0.0,650.0,185.0,0.0,620.0,187.0,0.0,634.0,187.0,1.0,608.0,186.0,0.0,613.0,187.0,6.0,617.0,191.0,162.0,165.0,155.0,154.0,553.0,
2018-05-28 03:00:00,1.0,640.0,182.0,0.0,648.0,185.0,0.0,619.0,186.0,0.0,638.0,187.0,1.0,611.0,186.0,0.0,613.0,187.0,2.0,608.0,190.0,158.0,159.0,153.0,152.0,448.0,
2018-05-28 04:00:00,4.0,645.0,182.0,0.0,651.0,184.0,0.0,622.0,186.0,0.0,647.0,187.0,1.0,616.0,185.0,0.0,617.0,186.0,0.0,596.0,188.0,155.0,155.0,150.0,150.0,355.0,
2018-05-28 05:00:00,20.0,656.0,182.0,0.0,653.0,184.0,0.0,624.0,186.0,0.0,658.0,187.0,3.0,618.0,185.0,3.0,618.0,186.0,0.0,596.0,186.0,164.0,153.0,148.0,157.0,345.0,2240.0
2018-05-28 06:00:00,43.0,1001.0,195.0,0.0,661.0,184.0,5.0,656.0,186.0,1.0,674.0,187.0,6.0,705.0,186.0,10.0,722.0,188.0,4.0,601.0,190.0,522.0,264.0,126.0,313.0,542.0,5152.0
2018-05-28 07:00:00,49.0,892.0,188.0,0.0,673.0,184.0,12.0,671.0,187.0,6.0,671.0,189.0,9.0,704.0,187.0,18.0,731.0,189.0,29.0,626.0,191.0,276.0,225.0,140.0,200.0,394.0,
2018-05-28 08:00:00,83.0,855.0,188.0,143.0,671.0,188.0,12.0,672.0,187.0,8.0,669.0,189.0,14.0,695.0,188.0,23.0,706.0,189.0,126.0,644.0,192.0,490.0,198.0,129.0,291.0,1230.0,3024.0
2018-05-28 09:00:00,78.0,797.0,191.0,134.0,655.0,194.0,11.0,683.0,188.0,8.0,683.0,189.0,15.0,698.0,189.0,24.0,720.0,190.0,95.0,657.0,195.0,365.0,206.0,144.0,204.0,1171.0,
2018-05-28 10:00:00,77.0,732.0,199.0,78.0,642.0,194.0,11.0,685.0,189.0,8.0,690.0,190.0,14.0,706.0,190.0,29.0,708.0,191.0,64.0,637.0,195.0,223.0,191.0,160.0,167.0,500.0,
2018-05-28 11:00:00,68.0,683.0,205.0,60.0,648.0,193.0,12.0,682.0,189.0,9.0,673.0,190.0,13.0,687.0,190.0,31.0,686.0,191.0,53.0,634.0,193.0,187.0,177.0,160.0,160.0,497.0,
2018-05-28 12:00:00,56.0,653.0,208.0,63.0,659.0,192.0,31.0,674.0,189.0,14.0,661.0,190.0,14.0,676.0,190.0,34.0,672.0,191.0,65.0,633.0,193.0,170.0,168.0,157.0,157.0,523.0,
2018-05-28 13:00:00,48.0,643.0,210.0,69.0,662.0,192.0,73.0,667.0,190.0,29.0,653.0,191.0,19.0,670.0,190.0,45.0,672.0,191.0,78.0,636.0,192.0,162.0,163.0,155.0,155.0,519.0,
2018-05-28 14:00:00,47.0,634.0,213.0,93.0,663.0,193.0,114.0,657.0,193.0,52.0,650.0,195.0,26.0,676.0,192.0,58.0,667.0,192.0,89.0,648.0,192.0,160.0,160.0,155.0,155.0,522.0,
2018-05-28 15:00:00,40.0,621.0,217.0,78.0,676.0,195.0,168.0,658.0,197.0,163.0,648.0,207.0,50.0,670.0,198.0,112.0,671.0,199.0,91.0,666.0,194.0,156.0,160.0,148.0,152.0,581.0,
2018-05-28 16:00:00,48.0,583.0,220.0,72.0,654.0,198.0,208.0,649.0,202.0,144.0,587.0,217.0,71.0,629.0,205.0,221.0,625.0,206.0,99.0,657.0,197.0,155.0,160.0,152.0,151.0,370.0,
2018-05-28 17:00:00,67.0,656.0,219.0,7.0,661.0,199.0,143.0,636.0,206.0,89.0,589.0,217.0,126.0,662.0,207.0,199.0,641.0,208.0,94.0,662.0,199.0,530.0,186.0,130.0,354.0,727.0,2800.0
2018-05-28 18:00:00,110.0,624.0,216.0,0.0,662.0,198.0,0.0,646.0,208.0,68.0,591.0,214.0,41.0,631.0,206.0,111.0,635.0,208.0,52.0,659.0,201.0,353.0,208.0,135.0,240.0,1042.0,784.0
2018-05-28 19:00:00,47.0,619.0,210.0,8.0,642.0,197.0,0.0,641.0,209.0,26.0,585.0,207.0,13.0,619.0,202.0,26.0,630.0,215.0,19.0,631.0,200.0,221.0,194.0,136.0,175.0,768.0,336.0
2018-05-28 20:00:00,11.0,626.0,205.0,1.0,631.0,196.0,0.0,630.0,207.0,0.0,574.0,203.0,2.0,616.0,199.0,0.0,592.0,208.0,2.0,608.0,199.0,186.0,184.0,127.0,176.0,1561.0,
2018-05-28 21:00:00,11.0,623.0,203.0,0.0,629.0,195.0,0.0,625.0,204.0,0.0,586.0,203.0,1.0,615.0,199.0,0.0,597.0,207.0,0.0,603.0,198.0,196.0,175.0,135.0,248.0,498.0,1119.0
2018-05-28 22:00:00,48.0,926.0,207.0,0.0,633.0,195.0,0.0,632.0,203.0,0.0,594.0,203.0,2.0,631.0,201.0,0.0,612.0,206.0,0.0,611.0,198.0,573.0,287.0,143.0,345.0,349.0,3132.0
2018-05-28 23:00:00,24.0,993.0,214.0,0.0,659.0,195.0,0.0,638.0,203.0,0.0,588.0,201.0,1.0,688.0,202.0,0.0,626.0,206.0,2.0,630.0,198.0,561.0,273.0,159.0,329.0,355.0,1120.0
2018-05-29 00:00:00,2.0,831.0,207.0,0.0,674.0,195.0,0.0,639.0,202.0,0.0,592.0,201.0,1.0,691.0,202.0,0.0,635.0,206.0,1.0,641.0,199.0,332.0,238.0,168.0,207.0,344.0,
2018-05-29 01:00:00,0.0,737.0,203.0,0.0,653.0,195.0,0.0,640.0,202.0,0.0,605.0,201.0,1.0,653.0,201.0,0.0,624.0,205.0,0.0,635.0,198.0,230.0,208.0,170.0,177.0,287.0,
2018-05-29 02:00:00,1.0,717.0,201.0,0.0,647.0,195.0,0.0,640.0,202.0,,,,1.0,641.0,201.0,0.0,618.0,205.0,0.0,629.0,198.0,201.0,193.0,170.0,170.0,,
2018-05-29 04:00:00,4.0,691.0,196.0,2.0,631.0,193.0,0.0,637.0,201.0,0.0,612.0,199.0,2.0,624.0,199.0,0.0,608.0,203.0,0.0,617.0,196.0,169.0,169.0,162.0,162.0,277.0,
2018-05-29 05:00:00,10.0,685.0,195.0,6.0,628.0,192.0,0.0,636.0,200.0,0.0,614.0,199.0,2.0,621.0,199.0,1.0,603.0,202.0,0.0,616.0,195.0,165.0,166.0,160.0,160.0,312.0,
2018-05-29 06:00:00,23.0,783.0,199.0,11.0,632.0,192.0,0.0,650.0,200.0,0.0,631.0,199.0,3.0,633.0,199.0,4.0,617.0,202.0,0.0,618.0,194.0,337.0,262.0,149.0,242.0,564.0,1789.0
2018-05-29 07:00:00,29.0,731.0,214.0,15.0,668.0,192.0,8.0,675.0,199.0,3.0,637.0,200.0,6.0,679.0,199.0,9.0,666.0,202.0,7.0,657.0,194.0,385.0,354.0,152.0,272.0,783.0,
2018-05-29 08:00:00,31.0,633.0,217.0,24.0,660.0,193.0,9.0,645.0,199.0,6.0,613.0,199.0,8.0,646.0,199.0,12.0,639.0,201.0,25.0,651.0,194.0,242.0,245.0,164.0,185.0,472.0,
2018-05-29 09:00:00,46.0,600.0,220.0,35.0,661.0,193.0,14.0,631.0,198.0,10.0,609.0,199.0,13.0,635.0,199.0,20.0,630.0,201.0,37.0,643.0,194.0,197.0,200.0,165.0,168.0,501.0,
2018-05-29 10:00:00,65.0,588.0,221.0,54.0,651.0,194.0,21.0,627.0,198.0,16.0,607.0,199.0,16.0,632.0,199.0,28.0,626.0,200.0,57.0,641.0,194.0,181.0,185.0,157.0,167.0,546.0,
2018-05-29 11:00:00,60.0,586.0,223.0,43.0,658.0,195.0,18.0,638.0,198.0,13.0,606.0,199.0,13.0,637.0,199.0,23.0,640.0,200.0,48.0,637.0,194.0,407.0,256.0,144.0,277.0,534.0,1344.0
2018-05-29 12:00:00,47.0,578.0,226.0,31.0,661.0,196.0,14.0,641.0,198.0,10.0,618.0,199.0,11.0,645.0,199.0,18.0,647.0,201.0,30.0,645.0,194.0,355.0,272.0,154.0,250.0,782.0,224.0
2018-05-29 13:00:00,56.0,567.0,228.0,41.0,646.0,197.0,17.0,637.0,198.0,13.0,610.0,199.0,15.0,641.0,199.0,24.0,637.0,201.0,34.0,641.0,195.0,257.0,227.0,163.0,207.0,548.0,
2018-05-29 14:00:00,47.0,551.0,229.0,36.0,637.0,197.0,14.0,630.0,198.0,11.0,606.0,199.0,13.0,632.0,199.0,20.0,630.0,200.0,29.0,633.0,194.0,211.0,203.0,169.0,173.0,511.0,
2018-05-29 15:00:00,54.0,544.0,230.0,77.0,632.0,197.0,153.0,625.0,198.0,107.0,613.0,199.0,40.0,629.0,199.0,82.0,625.0,200.0,80.0,631.0,194.0,184.0,183.0,165.0,165.0,545.0,
2018-05-29 16:00:00,52.0,541.0,233.0,102.0,632.0,198.0,217.0,618.0,202.0,141.0,614.0,203.0,64.0,628.0,201.0,169.0,622.0,202.0,99.0,633.0,195.0,173.0,175.0,157.0,166.0,472.0,224.0
2018-05-29 17:00:00,71.0,550.0,229.0,71.0,642.0,200.0,157.0,610.0,205.0,96.0,607.0,207.0,113.0,643.0,204.0,212.0,664.0,213.0,99.0,641.0,196.0,181.0,176.0,136.0,194.0,1033.0,1120.0
2018-05-29 18:00:00,84.0,578.0,222.0,41.0,681.0,201.0,0.0,620.0,206.0,45.0,608.0,209.0,31.0,650.0,206.0,92.0,711.0,238.0,47.0,652.0,197.0,303.0,194.0,132.0,253.0,782.0,3919.0
2018-05-29 19:00:00,33.0,594.0,217.0,15.0,668.0,200.0,0.0,621.0,206.0,18.0,606.0,208.0,10.0,632.0,205.0,22.0,593.0,236.0,28.0,656.0,198.0,390.0,214.0,144.0,272.0,441.0,1455.0
2018-05-29 20:00:00,11.0,569.0,213.0,1.0,626.0,198.0,0.0,620.0,205.0,0.0,589.0,205.0,3.0,609.0,202.0,5.0,555.0,219.0,6.0,627.0,197.0,238.0,213.0,144.0,213.0,1068.0,112.0
2018-05-29 21:00:00,36.0,667.0,208.0,0.0,634.0,197.0,0.0,621.0,203.0,0.0,592.0,203.0,3.0,627.0,199.0,4.0,583.0,213.0,3.0,617.0,196.0,456.0,260.0,128.0,304.0,1513.0,5152.0
2018-05-29 22:00:00,7.0,664.0,209.0,0.0,659.0,197.0,0.0,621.0,202.0,0.0,628.0,204.0,1.0,650.0,201.0,0.0,612.0,213.0,5.0,650.0,196.0,385.0,331.0,155.0,267.0,529.0,
2018-05-29 23:00:00,1.0,648.0,205.0,0.0,648.0,197.0,0.0,623.0,201.0,0.0,618.0,203.0,1.0,638.0,202.0,0.0,604.0,212.0,5.0,652.0,197.0,249.0,245.0,171.0,188.0,394.0,
2018-05-30 00:00:00,0.0,658.0,203.0,0.0,645.0,196.0,0.0,620.0,201.0,0.0,610.0,202.0,1.0,645.0,201.0,0.0,602.0,210.0,5.0,651.0,198.0,202.0,202.0,169.0,170.0,374.0,
2018-05-30 01:00:00,2.0,657.0,201.0,0.0,643.0,195.0,0.0,622.0,200.0,0.0,616.0,201.0,1.0,639.0,200.0,0.0,604.0,209.0,4.0,649.0,198.0,182.0,182.0,165.0,164.0,369.0,
2018-05-30 02:00:00,1.0,651.0,200.0,0.0,642.0,195.0,0.0,622.0,200.0,0.0,631.0,201.0,1.0,636.0,199.0,0.0,603.0,207.0,0.0,631.0,197.0,171.0,171.0,162.0,162.0,207.0,
2018-05-30 03:00:00,1.0,648.0,198.0,0.0,637.0,194.0,0.0,623.0,199.0,0.0,643.0,201.0,1.0,628.0,199.0,0.0,604.0,206.0,0.0,624.0,195.0,165.0,166.0,160.0,160.0,246.0,
2018-05-30 04:00:00,2.0,648.0,197.0,0.0,634.0,193.0,0.0,622.0,199.0,0.0,646.0,201.0,1.0,623.0,199.0,0.0,597.0,205.0,0.0,623.0,194.0,162.0,162.0,160.0,158.0,204.0,
2018-05-30 05:00:00,6.0,646.0,196.0,3.0,631.0,193.0,0.0,623.0,199.0,0.0,649.0,200.0,2.0,622.0,198.0,0.0,601.0,204.0,0.0,623.0,193.0,160.0,159.0,158.0,158.0,232.0,
2018-05-30 06:00:00,12.0,645.0,195.0,8.0,630.0,192.0,0.0,621.0,199.0,0.0,651.0,199.0,3.0,621.0,197.0,3.0,596.0,203.0,0.0,622.0,192.0,160.0,158.0,155.0,156.0,256.0,
2018-05-30 07:00:00,43.0,726.0,196.0,21.0,634.0,192.0,0.0,623.0,198.0,1.0,656.0,199.0,6.0,624.0,197.0,9.0,604.0,202.0,0.0,623.0,191.0,303.0,207.0,146.0,211.0,285.0,3920.0
2018-05-30 08:00:00,69.0,693.0,205.0,51.0,684.0,193.0,13.0,655.0,198.0,11.0,642.0,199.0,13.0,664.0,198.0,19.0,650.0,205.0,55.0,656.0,192.0,360.0,302.0,148.0,269.0,1770.0,112.0
2018-05-30 09:00:00,86.0,668.0,205.0,130.0,676.0,198.0,18.0,667.0,200.0,20.0,649.0,199.0,20.0,661.0,200.0,30.0,605.0,219.0,101.0,675.0,194.0,245.0,231.0,144.0,188.0,1935.0,
2018-05-30 10:00:00,83.0,666.0,204.0,120.0,667.0,199.0,15.0,664.0,200.0,22.0,652.0,199.0,17.0,657.0,201.0,31.0,601.0,219.0,92.0,676.0,196.0,201.0,198.0,136.0,166.0,1529.0,
2018-05-30 11:00:00,77.0,674.0,203.0,95.0,669.0,199.0,23.0,666.0,200.0,26.0,645.0,199.0,20.0,658.0,201.0,38.0,622.0,216.0,76.0,665.0,197.0,171.0,176.0,144.0,171.0,254.0,560.0
2018-05-30 12:00:00,73.0,689.0,203.0,56.0,660.0,199.0,27.0,659.0,199.0,19.0,641.0,200.0,18.0,653.0,201.0,30.0,605.0,214.0,52.0,659.0,197.0,378.0,179.0,134.0,200.0,290.0,
2018-05-30 13:00:00,66.0,680.0,201.0,53.0,661.0,199.0,11.0,650.0,199.0,24.0,638.0,200.0,16.0,650.0,200.0,27.0,612.0,211.0,50.0,656.0,197.0,209.0,174.0,146.0,176.0,308.0,112.0
2018-05-30 14:00:00,35.0,678.0,200.0,26.0,678.0,199.0,0.0,641.0,198.0,11.0,632.0,199.0,9.0,649.0,199.0,13.0,617.0,209.0,27.0,655.0,197.0,178.0,168.0,153.0,164.0,250.0,
2018-05-30 15:00:00,31.0,681.0,199.0,16.0,658.0,198.0,4.0,648.0,198.0,7.0,632.0,199.0,6.0,649.0,199.0,9.0,621.0,208.0,18.0,652.0,197.0,168.0,165.0,149.0,163.0,275.0,
2018-05-30 16:00:00,18.0,681.0,199.0,12.0,658.0,198.0,4.0,653.0,198.0,5.0,630.0,199.0,6.0,652.0,199.0,10.0,633.0,207.0,15.0,649.0,196.0,167.0,162.0,143.0,166.0,1935.0,224.0
2018-05-30 17:00:00,40.0,735.0,203.0,15.0,702.0,200.0,5.0,709.0,200.0,7.0,670.0,199.0,7.0,689.0,202.0,9.0,653.0,221.0,18.0,668.0,199.0,469.0,307.0,134.0,275.0,3158.0,4367.0
2018-05-30 18:00:00,19.0,771.0,211.0,6.0,748.0,204.0,1.0,731.0,202.0,2.0,731.0,202.0,4.0,724.0,208.0,6.0,660.0,235.0,11.0,716.0,206.0,462.0,276.0,134.0,295.0,1877.0,1567.0
2018-05-30 19:00:00,7.0,730.0,212.0,1.0,736.0,207.0,0.0,710.0,200.0,0.0,735.0,204.0,3.0,708.0,211.0,3.0,621.0,237.0,8.0,762.0,214.0,270.0,231.0,140.0,213.0,284.0,
2018-05-30 20:00:00,7.0,717.0,209.0,0.0,715.0,205.0,0.0,695.0,199.0,0.0,709.0,205.0,1.0,688.0,209.0,0.0,618.0,228.0,5.0,755.0,220.0,204.0,192.0,137.0,192.0,286.0,112.0
2018-05-30 21:00:00,15.0,721.0,207.0,0.0,718.0,205.0,0.0,685.0,199.0,0.0,703.0,204.0,1.0,688.0,207.0,1.0,630.0,221.0,3.0,713.0,220.0,224.0,180.0,140.0,226.0,293.0,336.0
2018-05-30 22:00:00,3.0,714.0,206.0,0.0,703.0,204.0,0.0,676.0,199.0,0.0,710.0,205.0,1.0,686.0,206.0,0.0,639.0,218.0,0.0,665.0,211.0,313.0,185.0,141.0,236.0,1630.0,224.0
2018-05-30 23:00:00,1.0,702.0,205.0,0.0,690.0,203.0,0.0,670.0,199.0,0.0,704.0,204.0,1.0,675.0,206.0,0.0,641.0,216.0,0.0,660.0,208.0,236.0,185.0,157.0,178.0,516.0,
2018-05-31 00:00:00,0.0,692.0,204.0,0.0,676.0,202.0,0.0,663.0,199.0,0.0,700.0,204.0,1.0,664.0,205.0,0.0,630.0,214.0,0.0,653.0,205.0,187.0,175.0,165.0,165.0,189.0,
2018-05-31 01:00:00,0.0,686.0,202.0,0.0,669.0,202.0,0.0,659.0,198.0,0.0,700.0,204.0,1.0,659.0,204.0,0.0,626.0,213.0,0.0,649.0,204.0,176.0,170.0,164.0,163.0,241.0,
2018-05-31 03:00:00,1.0,679.0,200.0,0.0,658.0,200.0,0.0,651.0,198.0,0.0,700.0,204.0,1.0,650.0,202.0,0.0,621.0,209.0,0.0,641.0,201.0,160.0,160.0,160.0,158.0,189.0,
2018-05-31 04:00:00,3.0,678.0,199.0,0.0,657.0,199.0,0.0,649.0,197.0,0.0,699.0,203.0,1.0,648.0,201.0,0.0,620.0,208.0,0.0,640.0,200.0,160.0,159.0,160.0,158.0,196.0,
2018-05-31 05:00:00,9.0,677.0,198.0,0.0,654.0,198.0,0.0,646.0,197.0,0.0,694.0,202.0,2.0,645.0,200.0,1.0,620.0,207.0,4.0,640.0,199.0,160.0,158.0,157.0,158.0,225.0,
2018-05-31 06:00:00,15.0,676.0,197.0,0.0,653.0,197.0,0.0,646.0,196.0,0.0,697.0,202.0,3.0,643.0,199.0,4.0,620.0,205.0,8.0,640.0,198.0,158.0,157.0,155.0,157.0,243.0,
2018-05-31 07:00:00,36.0,759.0,200.0,0.0,680.0,197.0,3.0,667.0,196.0,0.0,687.0,202.0,6.0,654.0,199.0,9.0,636.0,205.0,19.0,646.0,197.0,378.0,237.0,136.0,229.0,711.0,3696.0
2018-05-31 08:00:00,46.0,689.0,206.0,0.0,691.0,198.0,15.0,689.0,197.0,5.0,672.0,201.0,10.0,672.0,199.0,17.0,651.0,205.0,32.0,663.0,197.0,336.0,282.0,136.0,231.0,375.0,
2018-05-31 09:00:00,56.0,673.0,204.0,0.0,676.0,197.0,18.0,677.0,197.0,14.0,663.0,200.0,16.0,664.0,199.0,25.0,645.0,204.0,45.0,661.0,197.0,234.0,219.0,157.0,186.0,224.0,
2018-05-31 10:00:00,70.0,674.0,202.0,38.0,670.0,197.0,23.0,669.0,197.0,17.0,661.0,199.0,21.0,662.0,199.0,36.0,644.0,204.0,55.0,660.0,197.0,194.0,190.0,155.0,166.0,591.0,112.0
2018-05-31 11:00:00,85.0,694.0,201.0,73.0,693.0,197.0,30.0,694.0,197.0,25.0,666.0,199.0,23.0,680.0,199.0,39.0,682.0,206.0,69.0,671.0,197.0,174.0,173.0,135.0,160.0,548.0,224.0
2018-05-31 12:00:00,74.0,705.0,202.0,73.0,699.0,198.0,28.0,700.0,198.0,23.0,672.0,199.0,24.0,687.0,199.0,42.0,689.0,206.0,67.0,682.0,198.0,421.0,238.0,135.0,296.0,993.0,2011.0
2018-05-31 13:00:00,55.0,688.0,204.0,44.0,693.0,199.0,18.0,695.0,198.0,15.0,671.0,199.0,18.0,677.0,200.0,32.0,672.0,207.0,42.0,683.0,199.0,269.0,254.0,139.0,216.0,718.0,
2018-05-31 14:00:00,40.0,680.0,203.0,37.0,686.0,199.0,14.0,688.0,198.0,11.0,668.0,199.0,12.0,671.0,200.0,19.0,658.0,207.0,36.0,673.0,198.0,206.0,208.0,156.0,179.0,214.0,
2018-05-31 15:00:00,31.0,680.0,201.0,24.0,678.0,198.0,10.0,680.0,197.0,8.0,662.0,199.0,9.0,667.0,199.0,14.0,651.0,207.0,25.0,668.0,198.0,181.0,183.0,162.0,165.0,303.0,
2018-05-31 16:00:00,58.0,692.0,201.0,49.0,686.0,198.0,85.0,686.0,198.0,48.0,667.0,199.0,44.0,674.0,199.0,83.0,664.0,207.0,81.0,677.0,198.0,172.0,175.0,153.0,163.0,286.0,
2018-05-31 17:00:00,47.0,703.0,201.0,34.0,693.0,199.0,35.0,682.0,199.0,20.0,676.0,201.0,25.0,679.0,201.0,40.0,659.0,207.0,49.0,689.0,200.0,165.0,166.0,152.0,160.0,312.0,
2018-05-31 18:00:00,32.0,731.0,202.0,18.0,704.0,199.0,21.0,696.0,199.0,8.0,683.0,202.0,10.0,691.0,201.0,15.0,672.0,207.0,18.0,685.0,200.0,323.0,171.0,133.0,244.0,2012.0,784.0
2018-05-31 19:00:00,25.0,726.0,203.0,9.0,717.0,201.0,0.0,710.0,200.0,6.0,692.0,202.0,6.0,696.0,204.0,9.0,663.0,219.0,18.0,701.0,200.0,282.0,179.0,140.0,254.0,1651.0,112.0
2018-05-31 20:00:00,39.0,761.0,204.0,1.0,724.0,202.0,0.0,706.0,200.0,0.0,704.0,203.0,4.0,696.0,205.0,2.0,644.0,222.0,8.0,706.0,201.0,438.0,293.0,138.0,269.0,1740.0,6715.0
2018-05-31 21:00:00,49.0,925.0,219.0,0.0,743.0,202.0,0.0,699.0,199.0,0.0,724.0,203.0,1.0,706.0,207.0,0.0,665.0,218.0,7.0,714.0,202.0,531.0,325.0,150.0,324.0,1425.0,781.0
2018-05-31 22:00:00,26.0,850.0,221.0,0.0,763.0,202.0,0.0,699.0,199.0,0.0,758.0,204.0,2.0,735.0,207.0,0.0,690.0,216.0,6.0,713.0,204.0,515.0,268.0,157.0,301.0,470.0,3803.0
2018-05-31 23:00:00,1.0,757.0,215.0,0.0,751.0,201.0,0.0,694.0,199.0,0.0,720.0,204.0,1.0,736.0,207.0,0.0,703.0,214.0,6.0,712.0,205.0,299.0,236.0,179.0,202.0,395.0,
2018-06-01 00:00:00,2.0,736.0,210.0,0.0,732.0,200.0,0.0,680.0,199.0,0.0,693.0,202.0,1.0,713.0,206.0,0.0,688.0,213.0,2.0,705.0,205.0,219.0,208.0,172.0,186.0,272.0,
2018-06-01 01:00:00,1.0,723.0,207.0,0.0,722.0,200.0,0.0,672.0,199.0,0.0,699.0,203.0,1.0,698.0,206.0,0.0,675.0,211.0,0.0,689.0,204.0,189.0,188.0,170.0,174.0,187.0,
2018-06-01 02:00:00,0.0,719.0,205.0,0.0,716.0,199.0,0.0,669.0,199.0,0.0,701.0,203.0,1.0,689.0,205.0,0.0,669.0,211.0,0.0,680.0,203.0,178.0,179.0,169.0,168.0,250.0,
2018-06-01 04:00:00,9.0,706.0,202.0,6.0,705.0,198.0,0.0,656.0,198.0,0.0,690.0,202.0,2.0,672.0,203.0,1.0,660.0,208.0,0.0,670.0,201.0,165.0,166.0,165.0,163.0,213.0,
2018-06-01 05:00:00,18.0,705.0,201.0,14.0,703.0,198.0,0.0,657.0,198.0,0.0,694.0,202.0,3.0,671.0,202.0,5.0,659.0,207.0,0.0,669.0,200.0,165.0,164.0,163.0,163.0,183.0,
2018-06-01 06:00:00,52.0,778.0,204.0,43.0,708.0,198.0,5.0,689.0,198.0,3.0,696.0,202.0,9.0,685.0,202.0,13.0,670.0,207.0,32.0,673.0,200.0,377.0,247.0,144.0,243.0,346.0,2464.0
2018-06-01 07:00:00,77.0,705.0,206.0,226.0,715.0,200.0,15.0,707.0,199.0,12.0,682.0,202.0,20.0,689.0,203.0,28.0,670.0,207.0,153.0,688.0,200.0,284.0,248.0,166.0,191.0,260.0,
2018-06-01 08:00:00,84.0,702.0,205.0,203.0,706.0,204.0,16.0,708.0,199.0,15.0,688.0,202.0,20.0,687.0,203.0,30.0,669.0,207.0,155.0,686.0,204.0,213.0,205.0,170.0,172.0,181.0,
2018-06-01 09:00:00,91.0,707.0,205.0,170.0,697.0,207.0,18.0,709.0,200.0,17.0,689.0,202.0,21.0,686.0,203.0,34.0,672.0,207.0,143.0,681.0,206.0,187.0,185.0,167.0,167.0,201.0,
2018-06-01 10:00:00,54.0,709.0,204.0,70.0,691.0,207.0,17.0,704.0,200.0,13.0,688.0,202.0,15.0,685.0,203.0,25.0,671.0,207.0,61.0,675.0,206.0,175.0,174.0,165.0,165.0,179.0,
2018-06-01 11:00:00,71.0,709.0,204.0,65.0,690.0,206.0,23.0,699.0,200.0,16.0,686.0,203.0,19.0,683.0,203.0,34.0,671.0,206.0,60.0,675.0,205.0,169.0,169.0,165.0,163.0,203.0,
2018-06-01 12:00:00,56.0,712.0,204.0,54.0,691.0,205.0,16.0,697.0,200.0,10.0,684.0,203.0,15.0,682.0,203.0,25.0,669.0,207.0,49.0,674.0,204.0,165.0,165.0,164.0,163.0,188.0,
2018-06-01 13:00:00,15.0,712.0,203.0,9.0,692.0,204.0,3.0,696.0,200.0,2.0,681.0,203.0,5.0,684.0,203.0,5.0,671.0,206.0,10.0,673.0,203.0,165.0,163.0,160.0,163.0,204.0,
2018-06-01 14:00:00,28.0,714.0,203.0,22.0,692.0,203.0,9.0,700.0,200.0,5.0,684.0,203.0,9.0,686.0,203.0,12.0,669.0,206.0,21.0,673.0,202.0,164.0,163.0,160.0,163.0,191.0,
2018-06-01 15:00:00,37.0,718.0,202.0,27.0,694.0,203.0,9.0,709.0,200.0,6.0,691.0,203.0,10.0,687.0,203.0,15.0,673.0,206.0,26.0,678.0,202.0,160.0,162.0,160.0,163.0,206.0,
2018-06-01 16:00:00,41.0,729.0,202.0,25.0,699.0,202.0,11.0,713.0,200.0,6.0,694.0,202.0,11.0,698.0,203.0,15.0,691.0,206.0,26.0,689.0,202.0,160.0,161.0,158.0,161.0,235.0,
2018-06-01 17:00:00,44.0,754.0,203.0,25.0,722.0,202.0,19.0,739.0,200.0,5.0,713.0,203.0,16.0,722.0,203.0,24.0,707.0,206.0,29.0,720.0,203.0,158.0,160.0,145.0,159.0,266.0,
2018-06-01 18:00:00,42.0,750.0,204.0,21.0,718.0,202.0,36.0,733.0,200.0,3.0,706.0,203.0,15.0,716.0,203.0,31.0,699.0,207.0,26.0,721.0,202.0,160.0,160.0,157.0,160.0,280.0,
2018-06-01 19:00:00,22.0,745.0,204.0,10.0,714.0,202.0,20.0,721.0,201.0,1.0,700.0,204.0,7.0,707.0,204.0,10.0,694.0,207.0,13.0,720.0,202.0,160.0,160.0,160.0,162.0,191.0,
2018-06-01 20:00:00,3.0,739.0,203.0,1.0,713.0,202.0,2.0,716.0,201.0,0.0,695.0,204.0,2.0,708.0,203.0,1.0,691.0,206.0,2.0,720.0,201.0,160.0,160.0,160.0,163.0,192.0,
2018-06-01 21:00:00,1.0,737.0,202.0,0.0,713.0,201.0,0.0,717.0,200.0,0.0,691.0,203.0,1.0,706.0,203.0,0.0,689.0,206.0,0.0,718.0,201.0,160.0,160.0,160.0,163.0,235.0,
2018-06-01 22:00:00,1.0,732.0,202.0,0.0,711.0,201.0,0.0,715.0,200.0,0.0,688.0,202.0,1.0,701.0,202.0,0.0,687.0,206.0,0.0,716.0,201.0,160.0,160.0,160.0,163.0,224.0,
2018-06-01 23:00:00,1.0,725.0,201.0,0.0,708.0,200.0,0.0,711.0,200.0,0.0,685.0,202.0,1.0,697.0,202.0,0.0,684.0,206.0,0.0,717.0,200.0,160.0,160.0,160.0,161.0,196.0,
2018-06-02 00:00:00,1.0,720.0,201.0,0.0,706.0,200.0,0.0,707.0,200.0,0.0,684.0,202.0,1.0,692.0,202.0,0.0,681.0,205.0,0.0,717.0,200.0,160.0,160.0,160.0,160.0,190.0,
2018-06-02 01:00:00,1.0,716.0,201.0,0.0,703.0,200.0,0.0,703.0,199.0,0.0,682.0,201.0,1.0,689.0,201.0,0.0,679.0,205.0,0.0,716.0,199.0,160.0,163.0,160.0,160.0,224.0,
2018-06-02 03:00:00,4.0,711.0,200.0,2.0,698.0,199.0,0.0,696.0,199.0,0.0,678.0,199.0,2.0,682.0,200.0,0.0,675.0,204.0,2.0,710.0,199.0,160.0,160.0,160.0,160.0,202.0,
2018-06-02 04:00:00,7.0,709.0,199.0,6.0,697.0,199.0,0.0,694.0,198.0,0.0,678.0,199.0,2.0,681.0,199.0,1.0,673.0,203.0,7.0,709.0,198.0,160.0,160.0,160.0,160.0,203.0,
2018-06-02 05:00:00,16.0,708.0,199.0,12.0,696.0,198.0,3.0,692.0,198.0,0.0,676.0,199.0,5.0,681.0,199.0,5.0,673.0,203.0,12.0,706.0,198.0,160.0,160.0,160.0,160.0,205.0,
2018-06-02 06:00:00,28.0,708.0,199.0,29.0,696.0,198.0,6.0,692.0,198.0,0.0,676.0,199.0,8.0,682.0,199.0,11.0,674.0,203.0,26.0,702.0,198.0,160.0,159.0,160.0,160.0,251.0,
2018-06-02 07:00:00,61.0,710.0,199.0,123.0,700.0,199.0,10.0,696.0,198.0,1.0,679.0,199.0,16.0,684.0,199.0,22.0,675.0,203.0,91.0,699.0,198.0,160.0,158.0,160.0,160.0,237.0,
2018-06-02 08:00:00,74.0,722.0,199.0,198.0,697.0,203.0,12.0,708.0,198.0,1.0,687.0,199.0,20.0,693.0,200.0,26.0,685.0,203.0,147.0,700.0,201.0,160.0,158.0,160.0,160.0,170.0,
2018-06-02 09:00:00,82.0,726.0,201.0,163.0,691.0,206.0,16.0,712.0,199.0,1.0,701.0,199.0,21.0,696.0,201.0,33.0,685.0,203.0,135.0,694.0,204.0,160.0,158.0,160.0,160.0,204.0,
2018-06-02 10:00:00,47.0,723.0,202.0,65.0,688.0,206.0,12.0,711.0,200.0,1.0,701.0,199.0,13.0,694.0,201.0,21.0,689.0,203.0,60.0,688.0,204.0,160.0,158.0,160.0,160.0,180.0,
2018-06-02 11:00:00,56.0,719.0,202.0,61.0,689.0,205.0,19.0,707.0,200.0,2.0,694.0,200.0,16.0,691.0,201.0,28.0,683.0,203.0,57.0,686.0,204.0,160.0,158.0,160.0,160.0,215.0,
2018-06-02 12:00:00,85.0,719.0,202.0,98.0,691.0,205.0,36.0,706.0,200.0,5.0,692.0,201.0,24.0,691.0,201.0,51.0,685.0,204.0,98.0,688.0,204.0,160.0,159.0,160.0,160.0,177.0,
2018-06-02 13:00:00,67.0,717.0,202.0,60.0,693.0,206.0,26.0,704.0,201.0,3.0,689.0,202.0,19.0,690.0,202.0,36.0,684.0,204.0,60.0,689.0,205.0,160.0,160.0,160.0,160.0,215.0,
2018-06-02 14:00:00,39.0,721.0,203.0,32.0,694.0,205.0,10.0,705.0,201.0,1.0,686.0,203.0,11.0,691.0,202.0,17.0,686.0,205.0,31.0,689.0,204.0,160.0,160.0,160.0,160.0,165.0,
2018-06-02 15:00:00,38.0,722.0,203.0,32.0,695.0,205.0,8.0,707.0,201.0,0.0,686.0,203.0,10.0,693.0,202.0,15.0,686.0,205.0,31.0,689.0,204.0,160.0,160.0,160.0,162.0,214.0,
2018-06-02 16:00:00,21.0,723.0,202.0,17.0,695.0,205.0,4.0,706.0,201.0,0.0,686.0,203.0,6.0,693.0,202.0,8.0,686.0,205.0,17.0,688.0,204.0,160.0,160.0,160.0,163.0,167.0,
2018-06-02 17:00:00,11.0,718.0,202.0,9.0,694.0,204.0,1.0,705.0,201.0,0.0,686.0,203.0,4.0,692.0,202.0,3.0,687.0,204.0,9.0,687.0,203.0,160.0,160.0,160.0,163.0,204.0,
2018-06-02 18:00:00,10.0,717.0,202.0,7.0,694.0,204.0,0.0,704.0,201.0,0.0,686.0,202.0,3.0,692.0,202.0,2.0,687.0,204.0,7.0,688.0,203.0,160.0,160.0,160.0,163.0,267.0,
2018-06-02 19:00:00,8.0,715.0,202.0,5.0,694.0,204.0,0.0,702.0,201.0,0.0,686.0,202.0,2.0,689.0,202.0,1.0,688.0,204.0,5.0,687.0,203.0,160.0,160.0,160.0,163.0,188.0,
2018-06-02 20:00:00,1.0,713.0,202.0,0.0,693.0,203.0,0.0,700.0,200.0,0.0,685.0,202.0,1.0,690.0,202.0,0.0,686.0,204.0,0.0,686.0,202.0,160.0,161.0,160.0,163.0,160.0,
2018-06-02 21:00:00,1.0,710.0,202.0,0.0,691.0,203.0,0.0,698.0,200.0,0.0,683.0,202.0,1.0,687.0,202.0,0.0,685.0,204.0,0.0,684.0,201.0,160.0,167.0,160.0,163.0,220.0,
2018-06-02 22:00:00,1.0,708.0,201.0,0.0,690.0,202.0,0.0,695.0,200.0,0.0,681.0,201.0,1.0,685.0,201.0,0.0,683.0,204.0,0.0,681.0,201.0,160.0,163.0,160.0,163.0,185.0,
2018-06-02 23:00:00,1.0,706.0,201.0,0.0,689.0,202.0,0.0,693.0,200.0,0.0,679.0,201.0,1.0,683.0,201.0,0.0,680.0,204.0,0.0,681.0,201.0,160.0,162.0,160.0,163.0,213.0,
2018-06-03 00:00:00,1.0,705.0,201.0,0.0,688.0,202.0,0.0,691.0,200.0,0.0,678.0,200.0,1.0,682.0,201.0,0.0,680.0,203.0,0.0,681.0,201.0,160.0,160.0,160.0,162.0,194.0,
2018-06-03 01:00:00,1.0,703.0,200.0,0.0,687.0,201.0,0.0,689.0,199.0,0.0,676.0,200.0,1.0,680.0,201.0,0.0,678.0,203.0,0.0,681.0,200.0,160.0,160.0,160.0,162.0,215.0,
2018-06-03 02:00:00,1.0,702.0,200.0,0.0,686.0,201.0,0.0,688.0,199.0,0.0,675.0,199.0,1.0,679.0,200.0,0.0,678.0,203.0,0.0,679.0,200.0,160.0,160.0,160.0,160.0,206.0,
2018-06-03 03:00:00,1.0,702.0,200.0,0.0,685.0,200.0,0.0,686.0,199.0,0.0,675.0,199.0,1.0,679.0,200.0,0.0,675.0,202.0,0.0,678.0,199.0,160.0,160.0,160.0,160.0,205.0,
2018-06-03 04:00:00,2.0,701.0,199.0,0.0,684.0,200.0,0.0,686.0,199.0,0.0,675.0,199.0,1.0,678.0,199.0,0.0,677.0,202.0,0.0,677.0,199.0,160.0,160.0,160.0,160.0,204.0,
2018-06-03 05:00:00,6.0,701.0,199.0,4.0,684.0,200.0,0.0,685.0,198.0,0.0,674.0,199.0,2.0,678.0,199.0,0.0,675.0,202.0,4.0,676.0,199.0,160.0,160.0,160.0,160.0,197.0,
2018-06-03 06:00:00,9.0,700.0,199.0,7.0,683.0,199.0,1.0,684.0,198.0,0.0,673.0,199.0,3.0,677.0,199.0,2.0,675.0,201.0,7.0,676.0,198.0,160.0,160.0,160.0,160.0,251.0,
2018-06-03 07:00:00,20.0,702.0,199.0,15.0,683.0,199.0,4.0,684.0,198.0,0.0,674.0,199.0,5.0,676.0,199.0,7.0,674.0,201.0,16.0,676.0,198.0,160.0,159.0,160.0,160.0,219.0,
2018-06-03 08:00:00,29.0,703.0,199.0,24.0,683.0,199.0,7.0,684.0,198.0,0.0,674.0,199.0,8.0,675.0,199.0,12.0,674.0,201.0,25.0,676.0,198.0,160.0,159.0,160.0,160.0,195.0,
2018-06-03 09:00:00,31.0,702.0,199.0,27.0,684.0,199.0,8.0,685.0,198.0,0.0,675.0,199.0,8.0,677.0,199.0,13.0,676.0,201.0,28.0,677.0,198.0,160.0,159.0,160.0,160.0,177.0,
2018-06-03 10:00:00,54.0,701.0,199.0,50.0,684.0,199.0,16.0,686.0,198.0,1.0,677.0,199.0,14.0,678.0,199.0,24.0,676.0,201.0,49.0,679.0,198.0,160.0,158.0,160.0,160.0,214.0,
2018-06-03 11:00:00,63.0,702.0,199.0,60.0,684.0,199.0,19.0,686.0,198.0,2.0,678.0,199.0,17.0,679.0,199.0,29.0,677.0,201.0,56.0,681.0,198.0,160.0,158.0,160.0,160.0,181.0,
2018-06-03 12:00:00,52.0,704.0,199.0,43.0,684.0,200.0,14.0,686.0,198.0,1.0,677.0,199.0,14.0,679.0,199.0,24.0,676.0,201.0,42.0,682.0,198.0,160.0,159.0,160.0,160.0,222.0,
2018-06-03 13:00:00,30.0,703.0,199.0,26.0,683.0,199.0,7.0,688.0,198.0,0.0,677.0,199.0,8.0,681.0,199.0,12.0,678.0,201.0,25.0,681.0,198.0,160.0,159.0,160.0,160.0,180.0,
2018-06-03 14:00:00,58.0,703.0,199.0,53.0,684.0,199.0,15.0,688.0,198.0,1.0,678.0,199.0,15.0,681.0,199.0,25.0,679.0,200.0,49.0,682.0,198.0,160.0,159.0,160.0,160.0,220.0,
2018-06-03 15:00:00,69.0,710.0,199.0,59.0,684.0,200.0,28.0,687.0,198.0,3.0,680.0,199.0,20.0,681.0,199.0,38.0,680.0,201.0,55.0,684.0,198.0,160.0,159.0,160.0,160.0,181.0,
2018-06-03 16:00:00,51.0,709.0,199.0,45.0,683.0,200.0,24.0,686.0,198.0,2.0,681.0,199.0,16.0,680.0,199.0,31.0,679.0,201.0,43.0,683.0,199.0,160.0,166.0,160.0,160.0,210.0,
2018-06-03 17:00:00,47.0,712.0,199.0,30.0,683.0,200.0,21.0,686.0,199.0,9.0,684.0,199.0,16.0,685.0,199.0,27.0,682.0,201.0,30.0,687.0,198.0,160.0,163.0,154.0,160.0,663.0,
2018-06-03 18:00:00,65.0,737.0,211.0,23.0,717.0,200.0,10.0,725.0,199.0,10.0,709.0,199.0,13.0,716.0,199.0,21.0,707.0,201.0,23.0,705.0,198.0,545.0,380.0,136.0,280.0,1441.0,5711.0
2018-06-03 19:00:00,14.0,689.0,215.0,7.0,725.0,202.0,0.0,726.0,200.0,2.0,724.0,199.0,4.0,715.0,202.0,4.0,696.0,212.0,9.0,724.0,200.0,317.0,297.0,136.0,213.0,1889.0,112.0
2018-06-03 20:00:00,9.0,696.0,210.0,1.0,705.0,203.0,0.0,723.0,199.0,0.0,711.0,200.0,2.0,696.0,204.0,1.0,642.0,217.0,5.0,721.0,201.0,307.0,227.0,142.0,214.0,370.0,896.0
2018-06-03 21:00:00,15.0,722.0,209.0,0.0,709.0,203.0,0.0,719.0,199.0,0.0,709.0,200.0,2.0,696.0,203.0,1.0,660.0,213.0,4.0,711.0,202.0,593.0,275.0,138.0,276.0,414.0,1792.0
2018-06-03 22:00:00,1.0,725.0,210.0,0.0,708.0,202.0,0.0,716.0,199.0,0.0,709.0,200.0,1.0,697.0,203.0,1.0,666.0,211.0,6.0,729.0,204.0,301.0,243.0,152.0,221.0,528.0,
2018-06-03 23:00:00,0.0,720.0,207.0,0.0,703.0,202.0,0.0,712.0,199.0,0.0,703.0,199.0,1.0,697.0,203.0,0.0,674.0,209.0,6.0,741.0,205.0,215.0,205.0,165.0,181.0,431.0,
2018-06-04 00:00:00,1.0,716.0,204.0,0.0,697.0,201.0,0.0,709.0,199.0,0.0,702.0,199.0,1.0,694.0,202.0,0.0,674.0,207.0,6.0,743.0,206.0,191.0,188.0,165.0,174.0,393.0,
2018-06-04 01:00:00,2.0,714.0,203.0,0.0,701.0,201.0,0.0,706.0,198.0,0.0,703.0,199.0,1.0,695.0,202.0,0.0,678.0,206.0,3.0,738.0,206.0,178.0,177.0,160.0,168.0,562.0,
2018-06-04 02:00:00,1.0,723.0,202.0,0.0,714.0,201.0,0.0,706.0,198.0,0.0,712.0,199.0,1.0,701.0,202.0,0.0,688.0,206.0,0.0,721.0,204.0,172.0,171.0,151.0,165.0,1326.0,
2018-06-04 03:00:00,1.0,723.0,202.0,0.0,708.0,201.0,0.0,707.0,198.0,0.0,718.0,199.0,1.0,701.0,202.0,0.0,688.0,206.0,0.0,721.0,202.0,169.0,168.0,158.0,165.0,270.0,
2018-06-04 04:00:00,2.0,719.0,201.0,0.0,702.0,201.0,0.0,706.0,198.0,0.0,722.0,199.0,1.0,696.0,201.0,0.0,681.0,206.0,0.0,727.0,201.0,165.0,165.0,163.0,164.0,192.0,
2018-06-04 05:00:00,21.0,724.0,201.0,0.0,696.0,200.0,0.0,704.0,198.0,0.0,725.0,199.0,2.0,690.0,201.0,1.0,677.0,205.0,0.0,737.0,200.0,195.0,164.0,161.0,171.0,223.0,2352.0
2018-06-04 06:00:00,15.0,806.0,202.0,0.0,710.0,200.0,0.0,705.0,197.0,1.0,728.0,199.0,3.0,704.0,201.0,4.0,687.0,204.0,0.0,730.0,199.0,404.0,183.0,149.0,238.0,285.0,112.0
2018-06-04 07:00:00,43.0,736.0,201.0,0.0,703.0,200.0,,,,5.0,721.0,199.0,8.0,696.0,201.0,17.0,687.0,203.0,0.0,724.0,199.0,233.0,186.0,169.0,182.0,222.0,
2018-06-04 08:00:00,50.0,725.0,200.0,0.0,699.0,199.0,,,,6.0,723.0,199.0,10.0,693.0,200.0,20.0,686.0,203.0,0.0,715.0,198.0,196.0,180.0,170.0,170.0,197.0,
2018-06-04 09:00:00,83.0,750.0,200.0,0.0,705.0,199.0,10.0,714.0,198.0,4.0,720.0,199.0,12.0,698.0,200.0,20.0,687.0,203.0,23.0,714.0,198.0,419.0,181.0,152.0,188.0,259.0,1008.0
2018-06-04 10:00:00,105.0,719.0,200.0,0.0,698.0,199.0,7.0,702.0,198.0,3.0,705.0,199.0,16.0,689.0,199.0,24.0,679.0,203.0,55.0,718.0,198.0,324.0,199.0,166.0,177.0,256.0,
2018-06-04 11:00:00,108.0,710.0,200.0,0.0,692.0,199.0,8.0,696.0,198.0,3.0,698.0,199.0,17.0,683.0,199.0,26.0,676.0,203.0,59.0,714.0,198.0,222.0,190.0,170.0,170.0,237.0,
2018-06-04 12:00:00,125.0,705.0,200.0,0.0,687.0,198.0,11.0,691.0,198.0,5.0,690.0,199.0,21.0,678.0,199.0,35.0,669.0,202.0,78.0,709.0,198.0,189.0,179.0,167.0,167.0,209.0,
2018-06-04 13:00:00,137.0,703.0,200.0,0.0,680.0,198.0,17.0,689.0,198.0,8.0,685.0,199.0,26.0,674.0,199.0,46.0,668.0,202.0,99.0,702.0,198.0,176.0,172.0,165.0,165.0,253.0,
2018-06-04 14:00:00,114.0,700.0,200.0,0.0,677.0,198.0,9.0,686.0,198.0,4.0,680.0,199.0,18.0,672.0,199.0,30.0,666.0,202.0,66.0,698.0,198.0,169.0,168.0,165.0,163.0,222.0,
2018-06-04 15:00:00,95.0,693.0,199.0,5.0,677.0,198.0,7.0,683.0,197.0,4.0,678.0,199.0,15.0,668.0,199.0,23.0,660.0,202.0,50.0,700.0,197.0,168.0,165.0,163.0,166.0,229.0,448.0
2018-06-04 16:00:00,49.0,705.0,199.0,38.0,679.0,198.0,6.0,681.0,197.0,9.0,679.0,199.0,13.0,670.0,199.0,20.0,662.0,202.0,44.0,695.0,197.0,438.0,176.0,160.0,249.0,248.0,
2018-06-04 17:00:00,39.0,712.0,198.0,24.0,679.0,198.0,3.0,679.0,197.0,7.0,679.0,199.0,8.0,672.0,199.0,12.0,667.0,201.0,28.0,697.0,196.0,246.0,181.0,155.0,200.0,238.0,
2018-06-04 18:00:00,14.0,696.0,197.0,10.0,678.0,197.0,0.0,678.0,196.0,2.0,673.0,199.0,4.0,670.0,199.0,4.0,665.0,200.0,13.0,704.0,197.0,194.0,175.0,163.0,175.0,383.0,112.0
2018-06-04 19:00:00,6.0,704.0,197.0,2.0,692.0,197.0,0.0,689.0,196.0,0.0,673.0,198.0,2.0,676.0,199.0,3.0,676.0,205.0,8.0,704.0,197.0,176.0,170.0,157.0,190.0,1748.0,
2018-06-04 20:00:00,34.0,731.0,198.0,0.0,690.0,198.0,0.0,693.0,196.0,0.0,680.0,198.0,3.0,687.0,199.0,1.0,659.0,214.0,6.0,712.0,197.0,207.0,169.0,143.0,157.0,1312.0,2575.0
2018-06-04 21:00:00,37.0,878.0,203.0,0.0,714.0,197.0,0.0,707.0,196.0,0.0,749.0,199.0,2.0,743.0,203.0,0.0,661.0,229.0,5.0,704.0,196.0,170.0,169.0,136.0,140.0,638.0,560.0
2018-06-04 22:00:00,1.0,764.0,201.0,0.0,705.0,196.0,0.0,706.0,196.0,0.0,738.0,199.0,1.0,709.0,201.0,0.0,653.0,216.0,5.0,714.0,195.0,168.0,167.0,139.0,146.0,893.0,
2018-06-04 23:00:00,1.0,721.0,199.0,0.0,694.0,196.0,0.0,699.0,196.0,0.0,706.0,198.0,1.0,683.0,199.0,0.0,650.0,210.0,5.0,716.0,197.0,165.0,164.0,148.0,157.0,406.0,
2018-06-05 00:00:00,1.0,703.0,198.0,0.0,688.0,195.0,0.0,697.0,196.0,0.0,695.0,198.0,1.0,674.0,199.0,0.0,643.0,207.0,2.0,710.0,198.0,165.0,163.0,158.0,159.0,291.0,
2018-06-05 01:00:00,1.0,694.0,197.0,0.0,683.0,194.0,0.0,695.0,196.0,0.0,704.0,198.0,1.0,666.0,199.0,0.0,641.0,205.0,0.0,694.0,196.0,160.0,160.0,160.0,160.0,233.0,
2018-06-05 02:00:00,1.0,685.0,195.0,0.0,678.0,193.0,0.0,693.0,195.0,0.0,707.0,198.0,1.0,655.0,198.0,0.0,633.0,203.0,0.0,688.0,195.0,160.0,160.0,160.0,158.0,226.0,
2018-06-05 03:00:00,1.0,678.0,194.0,0.0,674.0,193.0,0.0,693.0,195.0,0.0,705.0,197.0,1.0,649.0,197.0,0.0,628.0,202.0,0.0,686.0,193.0,160.0,158.0,160.0,158.0,210.0,
2018-06-05 04:00:00,3.0,673.0,193.0,2.0,671.0,192.0,0.0,692.0,194.0,0.0,704.0,197.0,1.0,644.0,196.0,0.0,624.0,200.0,0.0,685.0,192.0,160.0,158.0,156.0,158.0,215.0,
2018-06-05 05:00:00,13.0,668.0,193.0,13.0,668.0,192.0,0.0,692.0,194.0,0.0,703.0,197.0,3.0,641.0,195.0,4.0,621.0,199.0,0.0,682.0,192.0,158.0,157.0,155.0,158.0,216.0,
2018-06-05 06:00:00,37.0,673.0,192.0,31.0,666.0,191.0,3.0,688.0,194.0,1.0,699.0,196.0,6.0,646.0,195.0,10.0,637.0,199.0,1.0,679.0,191.0,155.0,155.0,145.0,154.0,283.0,112.0
2018-06-05 07:00:00,76.0,688.0,193.0,298.0,672.0,194.0,9.0,667.0,193.0,6.0,682.0,196.0,15.0,660.0,194.0,21.0,642.0,199.0,212.0,672.0,193.0,155.0,155.0,137.0,142.0,292.0,
2018-06-05 08:00:00,73.0,635.0,192.0,162.0,643.0,198.0,11.0,631.0,192.0,7.0,602.0,193.0,16.0,612.0,192.0,28.0,590.0,197.0,164.0,618.0,195.0,155.0,153.0,140.0,151.0,1114.0,
2018-06-05 09:00:00,72.0,606.0,190.0,163.0,622.0,198.0,8.0,600.0,191.0,6.0,588.0,192.0,13.0,591.0,190.0,25.0,577.0,195.0,203.0,639.0,198.0,154.0,153.0,135.0,151.0,443.0,
2018-06-05 10:00:00,72.0,614.0,190.0,111.0,607.0,198.0,7.0,600.0,191.0,6.0,596.0,191.0,12.0,597.0,190.0,23.0,578.0,194.0,93.0,602.0,197.0,157.0,156.0,150.0,154.0,373.0,
2018-06-05 11:00:00,63.0,625.0,190.0,86.0,607.0,197.0,8.0,598.0,191.0,7.0,604.0,191.0,10.0,610.0,191.0,25.0,603.0,194.0,73.0,588.0,194.0,158.0,158.0,153.0,159.0,377.0,
2018-06-05 12:00:00,65.0,629.0,191.0,101.0,603.0,196.0,12.0,603.0,191.0,13.0,602.0,192.0,13.0,613.0,192.0,31.0,603.0,198.0,102.0,585.0,198.0,473.0,234.0,148.0,281.0,328.0,4256.0
2018-06-05 13:00:00,47.0,639.0,193.0,136.0,627.0,196.0,29.0,619.0,193.0,37.0,610.0,194.0,18.0,629.0,193.0,41.0,603.0,201.0,143.0,610.0,201.0,290.0,223.0,164.0,201.0,699.0,
2018-06-05 14:00:00,48.0,651.0,194.0,133.0,660.0,196.0,50.0,628.0,196.0,60.0,627.0,197.0,25.0,641.0,195.0,57.0,615.0,202.0,160.0,672.0,201.0,213.0,195.0,165.0,169.0,625.0,
2018-06-05 15:00:00,45.0,653.0,195.0,128.0,649.0,197.0,121.0,628.0,199.0,157.0,611.0,199.0,37.0,630.0,195.0,69.0,614.0,202.0,181.0,644.0,201.0,186.0,181.0,164.0,163.0,446.0,
2018-06-05 16:00:00,47.0,644.0,195.0,83.0,629.0,197.0,101.0,614.0,202.0,58.0,584.0,203.0,35.0,621.0,196.0,92.0,614.0,203.0,114.0,626.0,200.0,170.0,170.0,155.0,162.0,1178.0,448.0
2018-06-05 17:00:00,63.0,687.0,198.0,51.0,664.0,198.0,17.0,640.0,201.0,25.0,607.0,204.0,48.0,660.0,199.0,76.0,624.0,218.0,56.0,646.0,200.0,165.0,166.0,146.0,187.0,1427.0,672.0
2018-06-05 18:00:00,70.0,664.0,200.0,37.0,646.0,200.0,0.0,626.0,201.0,18.0,610.0,205.0,22.0,640.0,202.0,48.0,568.0,227.0,39.0,641.0,200.0,165.0,168.0,139.0,229.0,2808.0,112.0
2018-06-05 19:00:00,28.0,669.0,200.0,13.0,644.0,202.0,0.0,633.0,200.0,3.0,623.0,204.0,6.0,632.0,204.0,9.0,550.0,230.0,20.0,653.0,200.0,165.0,168.0,139.0,185.0,1294.0,
2018-06-05 20:00:00,16.0,674.0,199.0,3.0,641.0,201.0,0.0,642.0,199.0,0.0,622.0,203.0,3.0,631.0,203.0,2.0,571.0,223.0,10.0,643.0,200.0,193.0,164.0,140.0,202.0,474.0,784.0
2018-06-05 21:00:00,12.0,682.0,200.0,0.0,653.0,200.0,0.0,641.0,198.0,0.0,629.0,203.0,1.0,642.0,202.0,0.0,595.0,217.0,4.0,641.0,200.0,410.0,187.0,137.0,252.0,1122.0,
2018-06-05 22:00:00,1.0,658.0,199.0,0.0,644.0,198.0,0.0,631.0,198.0,0.0,623.0,202.0,1.0,631.0,200.0,0.0,589.0,213.0,1.0,644.0,201.0,243.0,187.0,146.0,177.0,440.0,
2018-06-05 23:00:00,1.0,650.0,198.0,0.0,639.0,196.0,0.0,630.0,197.0,0.0,620.0,200.0,1.0,621.0,199.0,0.0,592.0,210.0,0.0,644.0,201.0,196.0,176.0,158.0,164.0,426.0,
2018-06-06 00:00:00,1.0,645.0,197.0,0.0,636.0,195.0,0.0,629.0,197.0,0.0,619.0,199.0,1.0,620.0,199.0,0.0,587.0,208.0,0.0,626.0,200.0,173.0,167.0,160.0,159.0,207.0,
2018-06-06 01:00:00,1.0,640.0,196.0,0.0,634.0,194.0,0.0,628.0,196.0,0.0,627.0,199.0,1.0,616.0,199.0,0.0,583.0,206.0,0.0,606.0,198.0,166.0,163.0,159.0,158.0,222.0,
2018-06-06 02:00:00,1.0,637.0,195.0,0.0,633.0,193.0,0.0,623.0,196.0,0.0,629.0,199.0,1.0,611.0,198.0,0.0,584.0,205.0,0.0,609.0,196.0,160.0,159.0,155.0,157.0,246.0,
2018-06-06 03:00:00,1.0,631.0,193.0,0.0,631.0,192.0,0.0,616.0,195.0,0.0,628.0,199.0,1.0,606.0,197.0,0.0,576.0,203.0,0.0,610.0,195.0,159.0,157.0,155.0,155.0,191.0,
2018-06-06 04:00:00,12.0,626.0,193.0,12.0,630.0,192.0,0.0,611.0,194.0,0.0,628.0,199.0,3.0,602.0,196.0,3.0,574.0,202.0,0.0,610.0,193.0,155.0,155.0,155.0,155.0,217.0,
2018-06-06 05:00:00,37.0,627.0,192.0,144.0,632.0,193.0,0.0,606.0,194.0,0.0,635.0,199.0,10.0,604.0,195.0,12.0,576.0,201.0,2.0,612.0,193.0,155.0,154.0,155.0,154.0,259.0,
2018-06-06 06:00:00,95.0,866.0,201.0,188.0,662.0,196.0,10.0,689.0,194.0,2.0,652.0,198.0,12.0,666.0,196.0,16.0,653.0,203.0,39.0,645.0,194.0,452.0,185.0,131.0,338.0,581.0,6160.0
2018-06-06 07:00:00,57.0,724.0,201.0,81.0,683.0,197.0,10.0,705.0,195.0,9.0,657.0,199.0,14.0,691.0,199.0,22.0,663.0,206.0,70.0,667.0,196.0,341.0,215.0,140.0,231.0,1354.0,
2018-06-06 08:00:00,74.0,653.0,198.0,95.0,645.0,196.0,13.0,673.0,194.0,11.0,619.0,198.0,17.0,640.0,197.0,28.0,612.0,205.0,79.0,634.0,195.0,227.0,193.0,137.0,184.0,970.0,
2018-06-06 09:00:00,88.0,639.0,196.0,127.0,624.0,196.0,,,,15.0,616.0,198.0,19.0,617.0,197.0,32.0,592.0,204.0,108.0,617.0,194.0,189.0,178.0,152.0,165.0,259.0,
2018-06-06 10:00:00,76.0,652.0,196.0,121.0,624.0,197.0,9.0,635.0,194.0,14.0,619.0,197.0,14.0,624.0,197.0,27.0,605.0,203.0,90.0,626.0,195.0,232.0,169.0,155.0,195.0,255.0,1008.0
2018-06-06 11:00:00,69.0,670.0,196.0,79.0,626.0,197.0,9.0,643.0,194.0,13.0,623.0,197.0,12.0,639.0,197.0,28.0,623.0,202.0,63.0,632.0,195.0,473.0,190.0,156.0,310.0,385.0,112.0
2018-06-06 12:00:00,53.0,674.0,195.0,78.0,634.0,196.0,17.0,645.0,194.0,22.0,625.0,197.0,14.0,647.0,196.0,33.0,622.0,201.0,71.0,636.0,194.0,249.0,191.0,163.0,215.0,228.0,
2018-06-06 13:00:00,48.0,660.0,194.0,77.0,630.0,195.0,40.0,628.0,194.0,42.0,622.0,197.0,18.0,631.0,196.0,44.0,611.0,201.0,85.0,631.0,194.0,197.0,180.0,165.0,171.0,200.0,
2018-06-06 14:00:00,45.0,649.0,194.0,77.0,630.0,195.0,81.0,615.0,197.0,79.0,614.0,199.0,26.0,625.0,197.0,59.0,605.0,201.0,88.0,629.0,194.0,176.0,171.0,160.0,162.0,210.0,
2018-06-06 15:00:00,38.0,649.0,195.0,112.0,631.0,195.0,172.0,609.0,201.0,115.0,607.0,203.0,34.0,625.0,198.0,77.0,607.0,202.0,99.0,629.0,194.0,167.0,167.0,161.0,160.0,212.0,
2018-06-06 16:00:00,36.0,648.0,197.0,107.0,633.0,196.0,187.0,598.0,205.0,123.0,598.0,206.0,54.0,623.0,199.0,158.0,604.0,204.0,104.0,630.0,195.0,163.0,164.0,159.0,159.0,269.0,
2018-06-06 17:00:00,82.0,628.0,198.0,69.0,590.0,196.0,143.0,546.0,207.0,89.0,554.0,208.0,130.0,592.0,201.0,228.0,557.0,216.0,91.0,581.0,194.0,345.0,167.0,131.0,261.0,1117.0,5711.0
2018-06-06 18:00:00,153.0,616.0,202.0,46.0,567.0,195.0,77.0,535.0,207.0,60.0,546.0,207.0,45.0,577.0,203.0,122.0,499.0,224.0,64.0,547.0,193.0,517.0,225.0,143.0,330.0,348.0,1455.0
2018-06-06 19:00:00,62.0,559.0,202.0,24.0,569.0,196.0,0.0,577.0,208.0,29.0,543.0,206.0,18.0,562.0,203.0,36.0,502.0,224.0,30.0,558.0,193.0,256.0,209.0,147.0,249.0,329.0,
2018-06-06 20:00:00,10.0,645.0,204.0,2.0,594.0,196.0,0.0,590.0,206.0,0.0,547.0,204.0,2.0,589.0,201.0,1.0,530.0,216.0,3.0,574.0,194.0,388.0,203.0,138.0,221.0,1922.0,560.0
2018-06-06 21:00:00,5.0,631.0,209.0,0.0,600.0,195.0,0.0,605.0,204.0,0.0,569.0,204.0,1.0,592.0,200.0,0.0,544.0,213.0,0.0,578.0,195.0,253.0,196.0,135.0,183.0,1344.0,112.0
2018-06-06 22:00:00,0.0,619.0,208.0,0.0,608.0,194.0,0.0,615.0,202.0,0.0,585.0,204.0,1.0,604.0,199.0,0.0,555.0,212.0,0.0,592.0,195.0,203.0,185.0,155.0,169.0,258.0,
2018-06-06 23:00:00,0.0,615.0,203.0,0.0,609.0,193.0,0.0,620.0,201.0,0.0,584.0,203.0,1.0,600.0,199.0,0.0,555.0,211.0,0.0,596.0,194.0,180.0,174.0,160.0,163.0,278.0,
2018-06-07 00:00:00,0.0,615.0,199.0,0.0,609.0,193.0,0.0,620.0,201.0,0.0,588.0,203.0,1.0,595.0,199.0,0.0,555.0,210.0,0.0,596.0,193.0,170.0,168.0,160.0,161.0,293.0,
2018-06-07 01:00:00,0.0,617.0,197.0,0.0,609.0,192.0,0.0,623.0,200.0,0.0,592.0,202.0,1.0,594.0,199.0,0.0,556.0,209.0,0.0,597.0,193.0,165.0,163.0,160.0,160.0,280.0,
2018-06-07 02:00:00,1.0,620.0,195.0,0.0,610.0,192.0,0.0,623.0,200.0,0.0,592.0,202.0,1.0,593.0,198.0,0.0,556.0,208.0,0.0,598.0,192.0,161.0,161.0,160.0,158.0,300.0,
2018-06-07 03:00:00,1.0,625.0,194.0,0.0,611.0,191.0,0.0,624.0,199.0,0.0,596.0,201.0,1.0,595.0,197.0,0.0,558.0,207.0,0.0,599.0,192.0,160.0,159.0,159.0,158.0,279.0,
2018-06-07 04:00:00,5.0,627.0,193.0,3.0,612.0,191.0,0.0,627.0,199.0,0.0,567.0,199.0,2.0,595.0,196.0,0.0,557.0,206.0,5.0,597.0,190.0,160.0,158.0,155.0,158.0,224.0,
2018-06-07 05:00:00,15.0,617.0,192.0,12.0,610.0,190.0,0.0,630.0,198.0,0.0,543.0,197.0,3.0,590.0,195.0,4.0,552.0,204.0,18.0,592.0,189.0,160.0,158.0,155.0,157.0,188.0,
2018-06-07 06:00:00,30.0,612.0,192.0,27.0,608.0,190.0,0.0,633.0,198.0,1.0,545.0,195.0,6.0,589.0,195.0,10.0,553.0,203.0,38.0,592.0,188.0,157.0,156.0,155.0,155.0,270.0,
2018-06-07 07:00:00,62.0,620.0,192.0,44.0,611.0,190.0,12.0,629.0,198.0,2.0,561.0,194.0,10.0,594.0,195.0,17.0,563.0,203.0,57.0,598.0,188.0,155.0,155.0,150.0,154.0,323.0,
2018-06-07 08:00:00,79.0,816.0,199.0,67.0,688.0,191.0,15.0,653.0,197.0,8.0,597.0,194.0,10.0,621.0,195.0,26.0,575.0,203.0,57.0,625.0,189.0,440.0,181.0,134.0,322.0,243.0,6831.0
2018-06-07 09:00:00,84.0,674.0,199.0,170.0,665.0,193.0,10.0,626.0,196.0,27.0,621.0,195.0,18.0,643.0,196.0,30.0,597.0,203.0,127.0,647.0,191.0,286.0,198.0,161.0,200.0,197.0,
2018-06-07 10:00:00,71.0,642.0,197.0,110.0,635.0,195.0,7.0,621.0,195.0,22.0,610.0,195.0,14.0,627.0,195.0,26.0,597.0,203.0,79.0,636.0,193.0,213.0,187.0,165.0,170.0,235.0,
2018-06-07 11:00:00,67.0,635.0,195.0,86.0,626.0,194.0,8.0,619.0,195.0,21.0,606.0,195.0,13.0,621.0,195.0,29.0,592.0,202.0,64.0,626.0,192.0,185.0,176.0,163.0,163.0,193.0,
2018-06-07 12:00:00,53.0,590.0,193.0,99.0,610.0,193.0,17.0,574.0,194.0,30.0,578.0,195.0,15.0,584.0,194.0,36.0,556.0,201.0,77.0,598.0,191.0,171.0,168.0,151.0,159.0,401.0,
2018-06-07 13:00:00,47.0,601.0,193.0,143.0,594.0,193.0,33.0,577.0,195.0,59.0,574.0,195.0,20.0,587.0,194.0,52.0,569.0,202.0,91.0,585.0,191.0,165.0,163.0,148.0,158.0,249.0,
2018-06-07 14:00:00,44.0,607.0,193.0,170.0,596.0,193.0,78.0,580.0,198.0,107.0,575.0,198.0,28.0,590.0,195.0,67.0,564.0,201.0,95.0,593.0,191.0,160.0,163.0,156.0,158.0,194.0,
2018-06-07 15:00:00,37.0,593.0,194.0,153.0,586.0,194.0,147.0,559.0,202.0,169.0,560.0,202.0,44.0,578.0,197.0,122.0,548.0,203.0,99.0,585.0,191.0,160.0,163.0,151.0,164.0,261.0,224.0
2018-06-07 16:00:00,37.0,612.0,196.0,80.0,597.0,196.0,157.0,555.0,206.0,185.0,556.0,207.0,72.0,587.0,199.0,256.0,584.0,209.0,99.0,600.0,193.0,163.0,168.0,146.0,201.0,233.0,560.0
2018-06-07 17:00:00,74.0,568.0,197.0,68.0,587.0,196.0,80.0,548.0,209.0,140.0,565.0,214.0,150.0,554.0,199.0,267.0,512.0,213.0,103.0,587.0,194.0,165.0,169.0,151.0,173.0,281.0,
2018-06-07 18:00:00,119.0,604.0,198.0,46.0,609.0,197.0,0.0,562.0,211.0,101.0,566.0,217.0,35.0,593.0,201.0,102.0,536.0,219.0,60.0,611.0,195.0,165.0,166.0,138.0,166.0,1647.0,112.0
2018-06-07 19:00:00,41.0,598.0,200.0,17.0,597.0,198.0,0.0,575.0,210.0,13.0,549.0,213.0,13.0,583.0,202.0,25.0,501.0,221.0,24.0,608.0,195.0,165.0,163.0,134.0,170.0,1221.0,
2018-06-07 20:00:00,6.0,608.0,200.0,3.0,597.0,198.0,0.0,595.0,207.0,0.0,556.0,210.0,3.0,592.0,202.0,1.0,540.0,218.0,7.0,610.0,196.0,162.0,161.0,146.0,163.0,843.0,
2018-06-07 21:00:00,11.0,629.0,200.0,0.0,610.0,199.0,0.0,608.0,206.0,0.0,572.0,208.0,1.0,603.0,202.0,0.0,564.0,214.0,4.0,618.0,198.0,160.0,160.0,140.0,179.0,488.0,447.0
2018-06-07 22:00:00,0.0,631.0,199.0,0.0,616.0,198.0,0.0,613.0,205.0,0.0,581.0,207.0,1.0,607.0,200.0,0.0,576.0,212.0,6.0,628.0,198.0,163.0,163.0,153.0,169.0,420.0,
2018-06-07 23:00:00,0.0,629.0,197.0,0.0,612.0,197.0,0.0,611.0,205.0,0.0,581.0,206.0,1.0,604.0,199.0,0.0,573.0,211.0,6.0,632.0,199.0,164.0,163.0,160.0,161.0,374.0,
2018-06-08 00:00:00,0.0,630.0,197.0,0.0,613.0,197.0,0.0,612.0,204.0,0.0,586.0,206.0,1.0,605.0,199.0,0.0,579.0,210.0,4.0,626.0,199.0,160.0,160.0,160.0,158.0,278.0,
2018-06-08 01:00:00,0.0,629.0,196.0,0.0,614.0,196.0,0.0,615.0,204.0,0.0,601.0,206.0,1.0,607.0,199.0,0.0,581.0,208.0,0.0,606.0,197.0,160.0,160.0,160.0,158.0,216.0,
2018-06-08 02:00:00,0.0,627.0,195.0,0.0,613.0,195.0,0.0,616.0,203.0,0.0,599.0,205.0,1.0,605.0,199.0,0.0,584.0,208.0,0.0,599.0,196.0,160.0,158.0,155.0,158.0,255.0,
2018-06-08 03:00:00,1.0,625.0,195.0,0.0,611.0,195.0,0.0,614.0,203.0,0.0,591.0,204.0,1.0,603.0,198.0,0.0,583.0,207.0,0.0,599.0,195.0,160.0,157.0,155.0,157.0,259.0,
2018-06-08 04:00:00,3.0,623.0,194.0,2.0,610.0,194.0,0.0,613.0,202.0,0.0,588.0,203.0,1.0,602.0,197.0,0.0,584.0,206.0,0.0,600.0,194.0,160.0,158.0,155.0,155.0,244.0,
2018-06-08 05:00:00,11.0,619.0,193.0,9.0,608.0,193.0,0.0,613.0,201.0,0.0,584.0,203.0,3.0,600.0,196.0,3.0,575.0,205.0,0.0,601.0,193.0,158.0,156.0,155.0,155.0,190.0,
2018-06-08 06:00:00,30.0,616.0,193.0,60.0,606.0,193.0,0.0,615.0,201.0,1.0,586.0,202.0,8.0,597.0,196.0,10.0,578.0,204.0,0.0,600.0,192.0,155.0,155.0,154.0,155.0,285.0,
2018-06-08 07:00:00,104.0,841.0,202.0,197.0,628.0,196.0,17.0,617.0,201.0,7.0,589.0,202.0,19.0,624.0,197.0,25.0,599.0,204.0,29.0,624.0,193.0,455.0,181.0,127.0,329.0,317.0,7838.0
2018-06-08 08:00:00,53.0,719.0,204.0,72.0,662.0,196.0,13.0,634.0,200.0,9.0,605.0,202.0,12.0,656.0,199.0,20.0,609.0,205.0,54.0,633.0,195.0,364.0,222.0,159.0,231.0,348.0,
2018-06-08 09:00:00,75.0,654.0,202.0,149.0,634.0,197.0,6.0,615.0,200.0,16.0,601.0,202.0,18.0,637.0,199.0,27.0,602.0,205.0,107.0,633.0,196.0,235.0,200.0,168.0,176.0,235.0,
2018-06-08 10:00:00,81.0,647.0,200.0,133.0,622.0,198.0,7.0,612.0,200.0,20.0,600.0,201.0,17.0,625.0,199.0,31.0,599.0,204.0,91.0,626.0,197.0,196.0,184.0,165.0,166.0,246.0,
2018-06-08 11:00:00,78.0,638.0,198.0,102.0,615.0,198.0,8.0,608.0,199.0,20.0,599.0,201.0,17.0,620.0,199.0,35.0,598.0,204.0,76.0,618.0,196.0,177.0,173.0,162.0,162.0,277.0,
2018-06-08 12:00:00,83.0,637.0,197.0,112.0,613.0,198.0,14.0,605.0,199.0,24.0,596.0,201.0,23.0,616.0,199.0,44.0,593.0,203.0,84.0,615.0,196.0,167.0,166.0,160.0,159.0,233.0,
2018-06-08 13:00:00,82.0,636.0,197.0,104.0,612.0,198.0,19.0,603.0,200.0,28.0,593.0,201.0,27.0,613.0,199.0,48.0,594.0,203.0,77.0,613.0,196.0,163.0,162.0,160.0,158.0,263.0,
2018-06-08 14:00:00,74.0,632.0,197.0,96.0,610.0,197.0,24.0,599.0,200.0,35.0,589.0,202.0,28.0,609.0,199.0,50.0,592.0,203.0,73.0,609.0,196.0,160.0,160.0,159.0,158.0,236.0,
2018-06-08 15:00:00,78.0,629.0,197.0,148.0,609.0,198.0,72.0,592.0,204.0,90.0,584.0,204.0,56.0,607.0,199.0,127.0,584.0,203.0,102.0,607.0,196.0,160.0,160.0,146.0,158.0,972.0,
2018-06-08 16:00:00,67.0,617.0,198.0,82.0,579.0,196.0,71.0,559.0,209.0,104.0,562.0,207.0,94.0,592.0,200.0,248.0,567.0,205.0,98.0,604.0,197.0,159.0,164.0,135.0,224.0,649.0,112.0
2018-06-08 17:00:00,69.0,592.0,198.0,68.0,560.0,192.0,53.0,530.0,211.0,104.0,539.0,206.0,150.0,566.0,199.0,250.0,538.0,205.0,84.0,577.0,196.0,400.0,176.0,145.0,280.0,629.0,1008.0
2018-06-08 18:00:00,97.0,578.0,197.0,40.0,562.0,190.0,20.0,522.0,211.0,65.0,535.0,203.0,58.0,562.0,199.0,118.0,530.0,207.0,53.0,564.0,196.0,263.0,182.0,151.0,269.0,2373.0,672.0
2018-06-08 19:00:00,55.0,585.0,198.0,21.0,577.0,190.0,0.0,545.0,209.0,24.0,536.0,201.0,15.0,573.0,199.0,28.0,544.0,226.0,24.0,557.0,195.0,475.0,191.0,149.0,298.0,1270.0,2015.0
2018-06-08 20:00:00,12.0,629.0,199.0,2.0,578.0,191.0,0.0,567.0,207.0,2.0,540.0,202.0,3.0,570.0,200.0,3.0,486.0,225.0,6.0,582.0,195.0,398.0,200.0,154.0,258.0,342.0,7503.0
2018-06-08 21:00:00,40.0,827.0,208.0,0.0,618.0,194.0,0.0,587.0,206.0,0.0,556.0,202.0,1.0,596.0,201.0,0.0,526.0,220.0,0.0,588.0,196.0,488.0,230.0,138.0,287.0,1139.0,2016.0
2018-06-08 22:00:00,1.0,683.0,210.0,0.0,637.0,196.0,0.0,598.0,205.0,0.0,568.0,203.0,1.0,611.0,201.0,0.0,550.0,217.0,0.0,598.0,196.0,325.0,224.0,157.0,227.0,995.0,
2018-06-08 23:00:00,1.0,618.0,205.0,0.0,618.0,197.0,0.0,610.0,205.0,0.0,584.0,204.0,1.0,604.0,201.0,0.0,564.0,214.0,0.0,604.0,194.0,223.0,199.0,167.0,178.0,250.0,
2018-06-09 00:00:00,1.0,614.0,201.0,0.0,612.0,196.0,0.0,616.0,204.0,0.0,586.0,203.0,1.0,600.0,200.0,0.0,567.0,213.0,0.0,605.0,194.0,189.0,182.0,165.0,168.0,204.0,
2018-06-09 01:00:00,1.0,610.0,199.0,0.0,606.0,195.0,0.0,622.0,204.0,0.0,585.0,203.0,1.0,594.0,199.0,0.0,564.0,210.0,0.0,603.0,193.0,176.0,173.0,165.0,164.0,219.0,
2018-06-09 02:00:00,1.0,613.0,197.0,0.0,604.0,195.0,0.0,625.0,203.0,0.0,584.0,203.0,1.0,593.0,199.0,0.0,569.0,209.0,0.0,603.0,192.0,168.0,167.0,162.0,163.0,228.0,
2018-06-09 03:00:00,2.0,614.0,196.0,0.0,602.0,194.0,0.0,628.0,203.0,0.0,583.0,202.0,1.0,592.0,199.0,0.0,566.0,208.0,1.0,603.0,192.0,165.0,164.0,160.0,160.0,215.0,
2018-06-09 04:00:00,12.0,614.0,195.0,0.0,602.0,194.0,0.0,630.0,202.0,0.0,581.0,201.0,3.0,591.0,199.0,2.0,571.0,207.0,19.0,603.0,191.0,163.0,162.0,160.0,160.0,237.0,
2018-06-09 05:00:00,42.0,614.0,194.0,2.0,602.0,194.0,0.0,632.0,202.0,0.0,582.0,200.0,10.0,591.0,198.0,12.0,562.0,206.0,189.0,603.0,191.0,160.0,160.0,160.0,159.0,195.0,
2018-06-09 06:00:00,66.0,620.0,195.0,5.0,593.0,199.0,0.0,634.0,201.0,1.0,586.0,199.0,15.0,597.0,198.0,17.0,568.0,205.0,343.0,608.0,196.0,160.0,159.0,160.0,158.0,284.0,
2018-06-09 07:00:00,93.0,632.0,196.0,8.0,586.0,204.0,0.0,636.0,201.0,1.0,596.0,199.0,13.0,609.0,199.0,21.0,583.0,205.0,366.0,604.0,201.0,160.0,158.0,157.0,158.0,266.0,
2018-06-09 08:00:00,86.0,643.0,198.0,142.0,588.0,209.0,14.0,619.0,201.0,3.0,607.0,199.0,17.0,621.0,199.0,23.0,606.0,205.0,192.0,602.0,204.0,160.0,158.0,155.0,158.0,338.0,
2018-06-09 09:00:00,103.0,846.0,206.0,154.0,600.0,210.0,25.0,628.0,202.0,16.0,654.0,201.0,16.0,680.0,201.0,29.0,737.0,212.0,134.0,613.0,206.0,378.0,187.0,136.0,289.0,896.0,7275.0
2018-06-09 10:00:00,81.0,721.0,206.0,108.0,612.0,209.0,13.0,656.0,203.0,15.0,653.0,203.0,17.0,655.0,203.0,36.0,617.0,220.0,86.0,632.0,207.0,323.0,219.0,145.0,232.0,2859.0,1007.0
2018-06-09 11:00:00,101.0,688.0,207.0,76.0,628.0,207.0,14.0,652.0,204.0,17.0,654.0,204.0,15.0,640.0,204.0,30.0,564.0,226.0,63.0,630.0,207.0,459.0,215.0,142.0,317.0,1175.0,1007.0
2018-06-09 12:00:00,58.0,663.0,206.0,77.0,617.0,206.0,21.0,635.0,203.0,20.0,637.0,205.0,16.0,627.0,205.0,34.0,571.0,221.0,72.0,617.0,206.0,245.0,203.0,158.0,271.0,274.0,
2018-06-09 13:00:00,52.0,664.0,205.0,87.0,621.0,206.0,40.0,632.0,204.0,44.0,620.0,205.0,21.0,630.0,205.0,42.0,588.0,217.0,82.0,614.0,205.0,201.0,189.0,170.0,185.0,219.0,
2018-06-09 14:00:00,59.0,661.0,205.0,78.0,621.0,205.0,46.0,630.0,205.0,41.0,616.0,207.0,22.0,630.0,205.0,41.0,595.0,215.0,71.0,616.0,205.0,184.0,180.0,170.0,171.0,263.0,
2018-06-09 15:00:00,51.0,659.0,204.0,37.0,621.0,205.0,11.0,629.0,204.0,7.0,610.0,206.0,12.0,628.0,204.0,19.0,598.0,213.0,38.0,615.0,204.0,173.0,172.0,166.0,166.0,218.0,
2018-06-09 16:00:00,28.0,656.0,203.0,23.0,620.0,204.0,5.0,627.0,203.0,4.0,608.0,205.0,7.0,626.0,204.0,9.0,603.0,212.0,23.0,615.0,203.0,168.0,168.0,165.0,163.0,244.0,
2018-06-09 17:00:00,26.0,657.0,202.0,23.0,621.0,203.0,6.0,626.0,202.0,5.0,608.0,205.0,7.0,626.0,203.0,9.0,604.0,211.0,22.0,615.0,203.0,165.0,164.0,163.0,163.0,227.0,
2018-06-09 18:00:00,12.0,661.0,201.0,10.0,621.0,202.0,1.0,626.0,202.0,1.0,608.0,205.0,4.0,628.0,203.0,3.0,603.0,209.0,9.0,615.0,202.0,163.0,163.0,160.0,161.0,313.0,
2018-06-09 19:00:00,8.0,662.0,201.0,5.0,622.0,202.0,0.0,625.0,201.0,0.0,607.0,204.0,3.0,627.0,202.0,1.0,607.0,208.0,5.0,614.0,201.0,160.0,161.0,160.0,160.0,208.0,
2018-06-09 20:00:00,35.0,676.0,201.0,2.0,628.0,201.0,0.0,638.0,201.0,0.0,617.0,203.0,3.0,639.0,202.0,1.0,628.0,208.0,3.0,617.0,201.0,315.0,174.0,141.0,251.0,1480.0,1344.0
2018-06-09 21:00:00,2.0,677.0,201.0,0.0,644.0,201.0,0.0,644.0,201.0,0.0,631.0,203.0,1.0,644.0,202.0,0.0,627.0,208.0,4.0,629.0,201.0,273.0,189.0,143.0,226.0,1163.0,
2018-06-09 22:00:00,0.0,671.0,200.0,0.0,644.0,201.0,0.0,649.0,201.0,0.0,627.0,202.0,1.0,638.0,202.0,0.0,622.0,208.0,5.0,637.0,201.0,208.0,183.0,163.0,178.0,427.0,
2018-06-09 23:00:00,0.0,667.0,200.0,0.0,637.0,200.0,0.0,649.0,201.0,0.0,624.0,201.0,1.0,633.0,202.0,0.0,616.0,208.0,5.0,640.0,203.0,183.0,174.0,165.0,166.0,433.0,
2018-06-10 00:00:00,1.0,666.0,199.0,0.0,634.0,199.0,0.0,649.0,200.0,0.0,623.0,201.0,1.0,631.0,201.0,0.0,614.0,207.0,4.0,639.0,203.0,172.0,168.0,163.0,163.0,387.0,
2018-06-10 01:00:00,1.0,667.0,198.0,0.0,635.0,199.0,0.0,651.0,200.0,0.0,631.0,201.0,1.0,631.0,200.0,0.0,611.0,206.0,0.0,625.0,202.0,166.0,164.0,160.0,160.0,199.0,
2018-06-10 02:00:00,1.0,662.0,197.0,0.0,631.0,198.0,0.0,652.0,200.0,0.0,636.0,200.0,1.0,629.0,199.0,0.0,610.0,205.0,0.0,614.0,200.0,163.0,162.0,160.0,160.0,245.0,
2018-06-10 03:00:00,1.0,661.0,197.0,0.0,629.0,198.0,0.0,650.0,199.0,0.0,643.0,200.0,1.0,628.0,199.0,0.0,609.0,204.0,0.0,613.0,198.0,160.0,160.0,160.0,159.0,201.0,
2018-06-10 04:00:00,3.0,661.0,196.0,1.0,628.0,197.0,0.0,649.0,199.0,0.0,648.0,200.0,1.0,626.0,199.0,0.0,609.0,202.0,0.0,612.0,197.0,160.0,158.0,160.0,158.0,220.0,
2018-06-10 05:00:00,16.0,661.0,196.0,13.0,627.0,197.0,0.0,652.0,199.0,0.0,656.0,200.0,4.0,626.0,199.0,5.0,610.0,202.0,0.0,614.0,197.0,160.0,158.0,158.0,158.0,225.0,
2018-06-10 06:00:00,23.0,662.0,195.0,19.0,628.0,196.0,0.0,655.0,198.0,0.0,662.0,199.0,5.0,627.0,199.0,7.0,611.0,201.0,0.0,616.0,196.0,159.0,158.0,155.0,158.0,262.0,
2018-06-10 07:00:00,38.0,666.0,195.0,35.0,629.0,196.0,0.0,656.0,198.0,2.0,665.0,199.0,8.0,628.0,199.0,14.0,614.0,201.0,0.0,619.0,195.0,155.0,156.0,155.0,158.0,255.0,
2018-06-10 08:00:00,75.0,778.0,199.0,75.0,633.0,196.0,1.0,659.0,198.0,2.0,675.0,199.0,11.0,637.0,198.0,22.0,624.0,200.0,3.0,623.0,195.0,331.0,169.0,145.0,263.0,207.0,6832.0
2018-06-10 09:00:00,85.0,777.0,203.0,113.0,636.0,198.0,16.0,663.0,198.0,11.0,663.0,199.0,17.0,661.0,199.0,34.0,645.0,202.0,102.0,638.0,197.0,353.0,210.0,141.0,222.0,238.0,
2018-06-10 10:00:00,96.0,699.0,202.0,93.0,636.0,199.0,18.0,651.0,198.0,18.0,650.0,199.0,18.0,655.0,199.0,36.0,641.0,203.0,91.0,642.0,198.0,269.0,202.0,131.0,241.0,308.0,783.0
2018-06-10 11:00:00,95.0,708.0,200.0,82.0,659.0,200.0,19.0,673.0,198.0,39.0,650.0,199.0,14.0,674.0,199.0,34.0,668.0,203.0,75.0,670.0,201.0,390.0,199.0,153.0,275.0,238.0,448.0
2018-06-10 12:00:00,100.0,710.0,200.0,73.0,670.0,201.0,21.0,685.0,199.0,42.0,649.0,200.0,17.0,675.0,199.0,47.0,661.0,204.0,70.0,666.0,204.0,253.0,190.0,153.0,290.0,274.0,224.0
2018-06-10 13:00:00,130.0,702.0,200.0,76.0,659.0,201.0,27.0,670.0,200.0,54.0,648.0,202.0,24.0,665.0,199.0,67.0,654.0,203.0,75.0,657.0,203.0,231.0,184.0,148.0,206.0,308.0,112.0
2018-06-10 14:00:00,81.0,681.0,201.0,67.0,660.0,202.0,37.0,665.0,201.0,42.0,642.0,203.0,22.0,651.0,200.0,47.0,641.0,204.0,64.0,648.0,202.0,192.0,175.0,137.0,192.0,1177.0,112.0
2018-06-10 15:00:00,68.0,675.0,201.0,67.0,650.0,202.0,50.0,655.0,202.0,58.0,641.0,203.0,25.0,649.0,200.0,44.0,641.0,205.0,64.0,642.0,202.0,178.0,172.0,142.0,182.0,1191.0,
2018-06-10 16:00:00,55.0,710.0,201.0,50.0,654.0,203.0,31.0,657.0,202.0,32.0,644.0,203.0,19.0,669.0,202.0,31.0,672.0,207.0,55.0,658.0,203.0,337.0,177.0,139.0,248.0,367.0,4478.0
2018-06-10 17:00:00,59.0,697.0,205.0,25.0,655.0,203.0,4.0,673.0,203.0,15.0,647.0,204.0,15.0,662.0,203.0,20.0,645.0,208.0,28.0,663.0,204.0,379.0,207.0,151.0,237.0,334.0,112.0
2018-06-10 18:00:00,113.0,675.0,205.0,36.0,656.0,203.0,0.0,674.0,203.0,32.0,635.0,205.0,25.0,659.0,203.0,47.0,646.0,209.0,64.0,652.0,204.0,228.0,196.0,154.0,205.0,412.0,448.0
2018-06-10 19:00:00,74.0,834.0,212.0,12.0,691.0,204.0,0.0,673.0,204.0,8.0,652.0,206.0,9.0,685.0,205.0,11.0,650.0,212.0,22.0,660.0,206.0,600.0,236.0,133.0,382.0,1082.0,9854.0
2018-06-10 20:00:00,11.0,804.0,221.0,2.0,770.0,205.0,0.0,678.0,203.0,1.0,687.0,206.0,2.0,722.0,206.0,1.0,675.0,214.0,10.0,679.0,210.0,389.0,236.0,160.0,252.0,1219.0,
2018-06-10 21:00:00,12.0,772.0,219.0,0.0,763.0,205.0,0.0,683.0,203.0,0.0,685.0,206.0,1.0,711.0,207.0,0.0,687.0,213.0,5.0,685.0,211.0,238.0,213.0,166.0,221.0,440.0,336.0
2018-06-10 22:00:00,8.0,790.0,217.0,0.0,751.0,205.0,0.0,691.0,203.0,0.0,671.0,206.0,1.0,710.0,208.0,0.0,684.0,212.0,4.0,686.0,211.0,451.0,210.0,160.0,301.0,379.0,1456.0
2018-06-10 23:00:00,1.0,743.0,211.0,0.0,722.0,204.0,0.0,690.0,202.0,0.0,663.0,205.0,1.0,698.0,208.0,0.0,681.0,211.0,5.0,687.0,211.0,292.0,212.0,180.0,200.0,413.0,
2018-06-11 00:00:00,0.0,713.0,208.0,0.0,698.0,203.0,0.0,682.0,202.0,0.0,660.0,205.0,1.0,676.0,207.0,0.0,668.0,210.0,5.0,682.0,211.0,218.0,196.0,176.0,178.0,400.0,
2018-06-11 01:00:00,1.0,701.0,206.0,0.0,685.0,203.0,0.0,678.0,202.0,0.0,654.0,205.0,1.0,660.0,207.0,0.0,653.0,209.0,2.0,670.0,210.0,192.0,184.0,161.0,177.0,269.0,
2018-06-11 02:00:00,1.0,692.0,204.0,0.0,671.0,202.0,0.0,675.0,202.0,0.0,656.0,204.0,1.0,646.0,206.0,0.0,647.0,208.0,0.0,634.0,207.0,178.0,176.0,165.0,169.0,223.0,
2018-06-11 03:00:00,3.0,681.0,202.0,0.0,662.0,202.0,0.0,672.0,201.0,0.0,654.0,204.0,1.0,636.0,205.0,0.0,631.0,207.0,0.0,625.0,205.0,172.0,171.0,165.0,166.0,222.0,
2018-06-11 04:00:00,12.0,673.0,201.0,0.0,657.0,201.0,0.0,672.0,201.0,0.0,652.0,204.0,3.0,631.0,204.0,2.0,628.0,206.0,0.0,617.0,204.0,169.0,167.0,165.0,165.0,252.0,
2018-06-11 05:00:00,19.0,670.0,201.0,0.0,653.0,200.0,0.0,671.0,201.0,0.0,653.0,204.0,4.0,630.0,203.0,5.0,630.0,206.0,0.0,614.0,203.0,165.0,165.0,165.0,164.0,211.0,
2018-06-11 06:00:00,29.0,671.0,200.0,0.0,651.0,200.0,1.0,672.0,201.0,1.0,654.0,204.0,5.0,632.0,203.0,9.0,627.0,205.0,0.0,618.0,202.0,165.0,163.0,157.0,162.0,239.0,
2018-06-11 07:00:00,32.0,674.0,201.0,9.0,655.0,200.0,16.0,660.0,200.0,11.0,639.0,203.0,7.0,639.0,203.0,11.0,637.0,205.0,18.0,626.0,201.0,165.0,163.0,142.0,156.0,365.0,
2018-06-11 08:00:00,32.0,667.0,200.0,20.0,652.0,199.0,7.0,652.0,200.0,13.0,628.0,202.0,9.0,636.0,202.0,12.0,631.0,204.0,26.0,627.0,201.0,163.0,163.0,157.0,160.0,210.0,
2018-06-11 09:00:00,27.0,668.0,199.0,15.0,651.0,199.0,5.0,648.0,199.0,10.0,629.0,202.0,7.0,641.0,201.0,9.0,634.0,204.0,19.0,630.0,200.0,160.0,160.0,160.0,160.0,230.0,
2018-06-11 10:00:00,53.0,671.0,199.0,38.0,650.0,199.0,13.0,648.0,199.0,22.0,632.0,201.0,13.0,646.0,201.0,20.0,638.0,203.0,45.0,632.0,200.0,160.0,160.0,160.0,160.0,246.0,
2018-06-11 11:00:00,51.0,671.0,199.0,30.0,650.0,199.0,12.0,648.0,199.0,21.0,634.0,201.0,13.0,647.0,200.0,19.0,640.0,203.0,36.0,634.0,199.0,160.0,160.0,160.0,160.0,255.0,
2018-06-11 12:00:00,68.0,671.0,199.0,36.0,649.0,198.0,17.0,648.0,199.0,25.0,635.0,200.0,18.0,647.0,199.0,28.0,640.0,202.0,45.0,634.0,199.0,160.0,160.0,160.0,160.0,260.0,
2018-06-11 13:00:00,87.0,671.0,199.0,59.0,648.0,198.0,29.0,647.0,198.0,42.0,635.0,200.0,24.0,647.0,199.0,40.0,640.0,202.0,71.0,636.0,199.0,160.0,159.0,160.0,160.0,219.0,
2018-06-11 14:00:00,78.0,669.0,199.0,54.0,647.0,199.0,30.0,647.0,199.0,41.0,634.0,201.0,22.0,645.0,199.0,38.0,637.0,202.0,66.0,638.0,199.0,160.0,159.0,160.0,160.0,233.0,
2018-06-11 15:00:00,88.0,668.0,199.0,80.0,647.0,199.0,89.0,646.0,199.0,112.0,634.0,202.0,34.0,643.0,199.0,67.0,637.0,202.0,96.0,639.0,199.0,160.0,159.0,160.0,160.0,268.0,
2018-06-11 16:00:00,77.0,669.0,200.0,51.0,647.0,199.0,65.0,640.0,202.0,71.0,627.0,205.0,30.0,643.0,200.0,59.0,633.0,203.0,69.0,641.0,199.0,160.0,159.0,156.0,165.0,226.0,112.0
2018-06-11 17:00:00,66.0,664.0,200.0,34.0,642.0,199.0,28.0,634.0,202.0,30.0,619.0,205.0,25.0,635.0,200.0,44.0,626.0,204.0,48.0,640.0,199.0,183.0,166.0,150.0,193.0,262.0,336.0
2018-06-11 18:00:00,29.0,671.0,200.0,14.0,648.0,199.0,0.0,646.0,201.0,8.0,627.0,204.0,9.0,644.0,200.0,13.0,640.0,203.0,19.0,648.0,199.0,282.0,172.0,149.0,265.0,755.0,224.0
2018-06-11 19:00:00,11.0,677.0,199.0,3.0,657.0,198.0,0.0,661.0,200.0,1.0,626.0,203.0,2.0,647.0,200.0,1.0,641.0,205.0,4.0,660.0,199.0,344.0,184.0,161.0,239.0,258.0,1455.0
2018-06-11 20:00:00,50.0,845.0,204.0,0.0,665.0,198.0,0.0,668.0,200.0,0.0,632.0,203.0,2.0,662.0,200.0,0.0,643.0,206.0,2.0,654.0,200.0,627.0,241.0,136.0,386.0,1014.0,7725.0
2018-06-11 21:00:00,28.0,853.0,213.0,0.0,701.0,199.0,0.0,672.0,200.0,0.0,641.0,203.0,1.0,671.0,201.0,0.0,644.0,208.0,0.0,647.0,201.0,486.0,239.0,155.0,293.0,358.0,2127.0
2018-06-11 22:00:00,7.0,761.0,213.0,0.0,738.0,199.0,0.0,675.0,200.0,0.0,637.0,203.0,1.0,683.0,202.0,0.0,662.0,207.0,6.0,662.0,201.0,489.0,236.0,164.0,316.0,337.0,1232.0
2018-06-11 23:00:00,1.0,707.0,208.0,0.0,708.0,199.0,0.0,675.0,200.0,0.0,626.0,201.0,1.0,683.0,202.0,0.0,660.0,206.0,5.0,672.0,201.0,261.0,214.0,179.0,193.0,359.0,
2018-06-12 00:00:00,1.0,709.0,205.0,0.0,692.0,198.0,0.0,674.0,199.0,0.0,627.0,200.0,1.0,673.0,201.0,0.0,655.0,205.0,5.0,673.0,202.0,209.0,196.0,170.0,176.0,364.0,
2018-06-12 01:00:00,1.0,716.0,201.0,0.0,682.0,198.0,0.0,673.0,199.0,0.0,630.0,199.0,1.0,667.0,201.0,0.0,655.0,204.0,4.0,669.0,202.0,187.0,183.0,168.0,170.0,329.0,
2018-06-12 02:00:00,1.0,719.0,199.0,0.0,673.0,198.0,0.0,672.0,199.0,0.0,638.0,199.0,1.0,663.0,200.0,0.0,655.0,203.0,0.0,647.0,200.0,175.0,174.0,165.0,167.0,219.0,
2018-06-12 03:00:00,2.0,718.0,197.0,0.0,669.0,197.0,0.0,674.0,199.0,0.0,643.0,199.0,1.0,659.0,199.0,0.0,654.0,203.0,0.0,640.0,199.0,169.0,169.0,165.0,164.0,231.0,
2018-06-12 04:00:00,9.0,718.0,196.0,0.0,665.0,197.0,0.0,674.0,198.0,0.0,644.0,199.0,2.0,657.0,199.0,1.0,651.0,202.0,0.0,636.0,198.0,165.0,165.0,164.0,163.0,179.0,
2018-06-12 05:00:00,22.0,716.0,195.0,0.0,662.0,196.0,0.0,674.0,198.0,0.0,647.0,199.0,4.0,655.0,199.0,6.0,650.0,201.0,0.0,636.0,197.0,165.0,163.0,160.0,163.0,218.0,
2018-06-12 06:00:00,37.0,711.0,195.0,0.0,661.0,196.0,2.0,676.0,198.0,1.0,650.0,199.0,6.0,653.0,199.0,9.0,648.0,201.0,0.0,638.0,196.0,162.0,162.0,157.0,164.0,255.0,112.0
2018-06-12 07:00:00,35.0,709.0,196.0,20.0,664.0,196.0,1.0,667.0,197.0,5.0,641.0,199.0,7.0,653.0,199.0,10.0,646.0,201.0,23.0,650.0,196.0,175.0,163.0,146.0,194.0,262.0,
2018-06-12 08:00:00,48.0,701.0,195.0,35.0,660.0,195.0,0.0,655.0,197.0,11.0,630.0,199.0,11.0,643.0,199.0,18.0,634.0,200.0,37.0,645.0,196.0,173.0,164.0,158.0,169.0,217.0,
2018-06-12 09:00:00,56.0,688.0,195.0,42.0,656.0,195.0,0.0,650.0,196.0,12.0,629.0,198.0,13.0,639.0,198.0,21.0,628.0,200.0,45.0,643.0,195.0,168.0,163.0,160.0,162.0,235.0,
2018-06-12 10:00:00,57.0,678.0,194.0,40.0,652.0,195.0,0.0,647.0,196.0,12.0,626.0,198.0,13.0,636.0,198.0,21.0,625.0,200.0,43.0,640.0,195.0,165.0,162.0,160.0,160.0,234.0,
2018-06-12 11:00:00,85.0,675.0,194.0,71.0,649.0,195.0,0.0,644.0,196.0,24.0,622.0,198.0,21.0,637.0,198.0,36.0,623.0,200.0,73.0,638.0,195.0,161.0,160.0,160.0,160.0,231.0,
2018-06-12 12:00:00,104.0,668.0,195.0,92.0,645.0,196.0,0.0,643.0,196.0,32.0,625.0,198.0,26.0,639.0,198.0,47.0,615.0,200.0,95.0,641.0,195.0,160.0,160.0,160.0,159.0,224.0,
2018-06-12 13:00:00,89.0,667.0,195.0,90.0,644.0,196.0,0.0,643.0,197.0,38.0,629.0,199.0,26.0,637.0,198.0,47.0,613.0,201.0,91.0,642.0,196.0,160.0,159.0,160.0,159.0,232.0,
2018-06-12 14:00:00,55.0,667.0,196.0,100.0,645.0,197.0,0.0,642.0,199.0,70.0,631.0,199.0,26.0,638.0,199.0,53.0,616.0,202.0,96.0,641.0,196.0,160.0,159.0,160.0,159.0,235.0,
2018-06-12 15:00:00,65.0,667.0,196.0,101.0,642.0,198.0,0.0,633.0,204.0,90.0,616.0,203.0,33.0,638.0,199.0,65.0,618.0,203.0,99.0,643.0,196.0,160.0,160.0,160.0,160.0,216.0,
2018-06-12 16:00:00,74.0,666.0,198.0,64.0,643.0,198.0,0.0,632.0,204.0,41.0,618.0,205.0,30.0,637.0,199.0,63.0,615.0,205.0,65.0,643.0,196.0,168.0,162.0,158.0,169.0,238.0,2127.0
2018-06-12 17:00:00,99.0,745.0,201.0,33.0,676.0,198.0,0.0,638.0,203.0,26.0,616.0,205.0,18.0,654.0,199.0,36.0,605.0,205.0,35.0,667.0,197.0,493.0,191.0,145.0,245.0,791.0,896.0
2018-06-12 18:00:00,89.0,674.0,203.0,31.0,660.0,198.0,1.0,649.0,201.0,26.0,601.0,204.0,17.0,638.0,199.0,34.0,594.0,204.0,35.0,666.0,198.0,270.0,199.0,150.0,180.0,493.0,
2018-06-12 19:00:00,59.0,645.0,203.0,27.0,618.0,198.0,0.0,654.0,204.0,27.0,585.0,205.0,18.0,618.0,199.0,36.0,577.0,204.0,29.0,633.0,198.0,395.0,193.0,149.0,221.0,307.0,896.0
2018-06-12 20:00:00,11.0,603.0,200.0,2.0,605.0,197.0,0.0,653.0,203.0,1.0,567.0,203.0,3.0,587.0,199.0,4.0,563.0,202.0,3.0,611.0,197.0,299.0,196.0,161.0,198.0,218.0,3583.0
2018-06-12 21:00:00,53.0,862.0,206.0,0.0,645.0,197.0,0.0,656.0,202.0,0.0,585.0,202.0,2.0,640.0,199.0,0.0,624.0,203.0,0.0,613.0,198.0,577.0,231.0,135.0,377.0,1050.0,6607.0
2018-06-12 22:00:00,24.0,897.0,216.0,0.0,725.0,199.0,0.0,660.0,201.0,0.0,605.0,202.0,2.0,684.0,200.0,1.0,654.0,208.0,1.0,636.0,199.0,453.0,232.0,160.0,290.0,1023.0,
2018-06-12 23:00:00,1.0,753.0,209.0,0.0,723.0,199.0,0.0,664.0,201.0,0.0,602.0,201.0,1.0,701.0,202.0,0.0,670.0,209.0,5.0,653.0,199.0,267.0,216.0,178.0,195.0,309.0,
2018-06-13 00:00:00,1.0,698.0,204.0,0.0,686.0,198.0,0.0,667.0,201.0,0.0,593.0,199.0,1.0,670.0,201.0,0.0,643.0,207.0,5.0,657.0,200.0,206.0,194.0,174.0,175.0,366.0,
2018-06-13 01:00:00,1.0,681.0,201.0,0.0,671.0,198.0,0.0,669.0,201.0,0.0,576.0,199.0,1.0,651.0,200.0,0.0,629.0,206.0,2.0,649.0,200.0,184.0,181.0,170.0,169.0,318.0,
2018-06-13 02:00:00,1.0,674.0,199.0,0.0,677.0,197.0,0.0,671.0,200.0,,,,1.0,634.0,199.0,0.0,621.0,205.0,0.0,615.0,198.0,175.0,173.0,167.0,167.0,239.0,
2018-06-13 03:00:00,2.0,663.0,197.0,0.0,680.0,197.0,0.0,675.0,200.0,,,,1.0,611.0,199.0,0.0,603.0,204.0,0.0,589.0,197.0,170.0,169.0,165.0,165.0,188.0,
2018-06-13 04:00:00,5.0,649.0,196.0,0.0,683.0,197.0,0.0,674.0,199.0,,,,2.0,593.0,199.0,0.0,578.0,202.0,0.0,574.0,195.0,166.0,165.0,165.0,163.0,197.0,
2018-06-13 05:00:00,33.0,640.0,195.0,0.0,685.0,197.0,0.0,674.0,199.0,,,,7.0,588.0,199.0,10.0,573.0,202.0,1.0,572.0,195.0,165.0,163.0,161.0,163.0,219.0,
2018-06-13 06:00:00,70.0,638.0,195.0,1.0,686.0,199.0,0.0,676.0,198.0,1.0,524.0,192.0,12.0,588.0,199.0,18.0,573.0,201.0,4.0,593.0,195.0,164.0,162.0,160.0,161.0,251.0,
2018-06-13 07:00:00,80.0,697.0,197.0,70.0,630.0,202.0,10.0,648.0,198.0,5.0,545.0,193.0,12.0,610.0,199.0,15.0,601.0,200.0,61.0,592.0,197.0,335.0,170.0,139.0,251.0,428.0,2800.0
2018-06-13 08:00:00,84.0,668.0,200.0,192.0,612.0,207.0,11.0,638.0,198.0,21.0,587.0,195.0,18.0,628.0,199.0,25.0,622.0,201.0,167.0,601.0,202.0,408.0,204.0,155.0,276.0,201.0,896.0
2018-06-13 09:00:00,80.0,666.0,200.0,117.0,608.0,208.0,15.0,636.0,198.0,20.0,608.0,196.0,17.0,624.0,199.0,29.0,617.0,202.0,96.0,598.0,204.0,292.0,199.0,152.0,263.0,454.0,336.0
2018-06-13 10:00:00,94.0,656.0,199.0,99.0,608.0,206.0,21.0,635.0,198.0,26.0,608.0,197.0,21.0,622.0,199.0,39.0,614.0,202.0,82.0,595.0,202.0,242.0,191.0,168.0,204.0,189.0,
2018-06-13 11:00:00,90.0,649.0,199.0,80.0,608.0,204.0,22.0,631.0,198.0,23.0,604.0,197.0,21.0,620.0,199.0,38.0,610.0,201.0,71.0,591.0,201.0,204.0,183.0,170.0,174.0,199.0,
2018-06-13 12:00:00,64.0,648.0,198.0,56.0,610.0,203.0,16.0,629.0,198.0,16.0,602.0,197.0,16.0,620.0,199.0,26.0,610.0,201.0,50.0,589.0,200.0,182.0,175.0,166.0,166.0,215.0,
2018-06-13 13:00:00,64.0,646.0,198.0,52.0,613.0,202.0,16.0,628.0,197.0,16.0,599.0,197.0,16.0,622.0,199.0,27.0,612.0,200.0,47.0,589.0,200.0,172.0,169.0,165.0,164.0,187.0,
2018-06-13 14:00:00,56.0,647.0,197.0,48.0,614.0,201.0,14.0,627.0,197.0,15.0,600.0,197.0,14.0,623.0,199.0,23.0,615.0,199.0,43.0,592.0,199.0,166.0,165.0,162.0,163.0,201.0,
2018-06-13 15:00:00,42.0,649.0,197.0,36.0,616.0,200.0,12.0,627.0,196.0,12.0,601.0,197.0,11.0,624.0,199.0,18.0,617.0,199.0,33.0,596.0,198.0,165.0,163.0,160.0,161.0,208.0,
2018-06-13 16:00:00,63.0,652.0,197.0,50.0,617.0,200.0,20.0,627.0,196.0,19.0,602.0,197.0,17.0,625.0,199.0,30.0,619.0,199.0,47.0,598.0,198.0,160.0,161.0,159.0,160.0,205.0,
2018-06-13 17:00:00,34.0,685.0,197.0,28.0,641.0,199.0,8.0,663.0,197.0,9.0,615.0,197.0,9.0,643.0,199.0,14.0,650.0,208.0,26.0,616.0,198.0,160.0,162.0,143.0,158.0,2046.0,447.0
2018-06-13 18:00:00,28.0,682.0,199.0,15.0,655.0,200.0,4.0,663.0,198.0,4.0,642.0,197.0,7.0,648.0,200.0,8.0,594.0,220.0,19.0,641.0,199.0,275.0,168.0,150.0,228.0,1404.0,336.0
2018-06-13 19:00:00,27.0,682.0,201.0,9.0,655.0,200.0,0.0,665.0,197.0,4.0,645.0,198.0,5.0,645.0,202.0,6.0,580.0,224.0,13.0,643.0,199.0,272.0,182.0,157.0,204.0,267.0,560.0
2018-06-13 20:00:00,21.0,706.0,201.0,1.0,652.0,200.0,0.0,667.0,196.0,0.0,649.0,199.0,2.0,644.0,202.0,0.0,586.0,218.0,6.0,636.0,199.0,364.0,181.0,147.0,276.0,639.0,7166.0
2018-06-13 21:00:00,43.0,871.0,214.0,0.0,673.0,200.0,0.0,668.0,196.0,0.0,650.0,199.0,1.0,653.0,202.0,0.0,602.0,215.0,4.0,638.0,200.0,409.0,224.0,148.0,257.0,556.0,
2018-06-13 22:00:00,47.0,934.0,222.0,0.0,656.0,199.0,0.0,669.0,195.0,0.0,637.0,199.0,1.0,643.0,201.0,0.0,604.0,211.0,4.0,634.0,199.0,245.0,207.0,149.0,207.0,318.0,
2018-06-13 23:00:00,16.0,866.0,220.0,0.0,700.0,199.0,0.0,669.0,195.0,0.0,637.0,198.0,1.0,666.0,201.0,0.0,634.0,208.0,1.0,638.0,199.0,428.0,200.0,160.0,279.0,241.0,1232.0
2018-06-14 00:00:00,1.0,710.0,210.0,0.0,713.0,199.0,0.0,670.0,195.0,0.0,652.0,198.0,1.0,673.0,201.0,0.0,647.0,206.0,0.0,656.0,199.0,298.0,206.0,175.0,199.0,211.0,
2018-06-14 01:00:00,1.0,708.0,204.0,0.0,695.0,198.0,0.0,668.0,195.0,0.0,654.0,198.0,1.0,659.0,201.0,0.0,642.0,205.0,0.0,656.0,198.0,217.0,191.0,171.0,174.0,236.0,
2018-06-14 02:00:00,2.0,714.0,200.0,0.0,688.0,197.0,0.0,668.0,194.0,0.0,657.0,198.0,1.0,654.0,200.0,0.0,642.0,203.0,0.0,655.0,197.0,187.0,179.0,167.0,168.0,252.0,
2018-06-14 03:00:00,2.0,715.0,198.0,0.0,686.0,197.0,0.0,668.0,194.0,0.0,661.0,198.0,1.0,655.0,199.0,0.0,646.0,202.0,0.0,657.0,197.0,174.0,171.0,165.0,164.0,228.0,
2018-06-14 04:00:00,15.0,714.0,197.0,14.0,685.0,196.0,0.0,669.0,194.0,0.0,662.0,198.0,4.0,656.0,199.0,4.0,649.0,201.0,13.0,658.0,196.0,168.0,166.0,164.0,163.0,218.0,
2018-06-14 05:00:00,39.0,720.0,196.0,110.0,692.0,197.0,0.0,671.0,193.0,1.0,663.0,197.0,10.0,662.0,199.0,14.0,653.0,201.0,47.0,658.0,196.0,165.0,163.0,160.0,162.0,201.0,
2018-06-14 06:00:00,36.0,722.0,196.0,96.0,694.0,197.0,0.0,671.0,193.0,1.0,657.0,197.0,9.0,663.0,199.0,11.0,656.0,200.0,71.0,656.0,196.0,162.0,161.0,160.0,160.0,255.0,
2018-06-14 07:00:00,70.0,707.0,197.0,193.0,690.0,200.0,7.0,684.0,194.0,3.0,631.0,196.0,15.0,662.0,199.0,19.0,659.0,200.0,151.0,652.0,199.0,160.0,160.0,143.0,157.0,315.0,448.0
2018-06-14 08:00:00,76.0,784.0,202.0,125.0,675.0,202.0,11.0,703.0,195.0,18.0,652.0,196.0,15.0,684.0,199.0,25.0,659.0,201.0,104.0,643.0,200.0,440.0,189.0,148.0,314.0,284.0,3582.0
2018-06-14 09:00:00,64.0,701.0,202.0,75.0,672.0,201.0,13.0,682.0,195.0,18.0,661.0,197.0,18.0,661.0,199.0,26.0,653.0,202.0,65.0,641.0,200.0,248.0,191.0,169.0,193.0,215.0,
2018-06-14 10:00:00,86.0,689.0,201.0,83.0,666.0,201.0,17.0,673.0,195.0,22.0,652.0,197.0,20.0,649.0,199.0,32.0,640.0,201.0,71.0,635.0,200.0,198.0,182.0,162.0,175.0,235.0,
2018-06-14 11:00:00,78.0,675.0,199.0,70.0,665.0,200.0,17.0,669.0,195.0,24.0,648.0,197.0,20.0,648.0,199.0,36.0,651.0,201.0,65.0,640.0,200.0,189.0,181.0,150.0,258.0,1227.0,336.0
2018-06-14 12:00:00,82.0,666.0,199.0,68.0,666.0,200.0,20.0,666.0,195.0,27.0,644.0,198.0,21.0,639.0,199.0,38.0,623.0,202.0,66.0,639.0,201.0,193.0,177.0,141.0,200.0,517.0,
2018-06-14 13:00:00,72.0,660.0,198.0,77.0,656.0,200.0,27.0,655.0,195.0,30.0,629.0,198.0,21.0,625.0,199.0,38.0,610.0,201.0,62.0,624.0,199.0,178.0,171.0,159.0,172.0,205.0,
2018-06-14 14:00:00,64.0,653.0,197.0,78.0,653.0,199.0,38.0,640.0,195.0,47.0,611.0,198.0,23.0,624.0,199.0,42.0,616.0,201.0,66.0,622.0,199.0,171.0,167.0,147.0,168.0,1837.0,
2018-06-14 15:00:00,61.0,628.0,197.0,64.0,629.0,199.0,32.0,623.0,195.0,41.0,563.0,197.0,23.0,606.0,199.0,42.0,578.0,205.0,57.0,615.0,199.0,165.0,165.0,142.0,163.0,2600.0,112.0
2018-06-14 16:00:00,60.0,591.0,199.0,71.0,582.0,199.0,71.0,584.0,197.0,83.0,506.0,193.0,30.0,569.0,201.0,80.0,516.0,219.0,71.0,569.0,198.0,164.0,165.0,154.0,246.0,991.0,224.0
2018-06-14 17:00:00,73.0,591.0,200.0,54.0,582.0,199.0,106.0,580.0,198.0,56.0,527.0,194.0,85.0,557.0,203.0,137.0,489.0,220.0,101.0,570.0,199.0,327.0,171.0,147.0,260.0,339.0,1343.0
2018-06-14 18:00:00,122.0,623.0,201.0,0.0,586.0,199.0,101.0,565.0,200.0,28.0,555.0,198.0,44.0,588.0,202.0,130.0,541.0,214.0,70.0,578.0,199.0,371.0,188.0,159.0,243.0,220.0,
2018-06-14 19:00:00,44.0,645.0,201.0,0.0,613.0,198.0,28.0,582.0,200.0,5.0,572.0,200.0,11.0,617.0,201.0,23.0,578.0,212.0,21.0,600.0,199.0,230.0,187.0,170.0,180.0,154.0,
2018-06-14 20:00:00,7.0,649.0,199.0,0.0,628.0,198.0,4.0,611.0,198.0,0.0,579.0,199.0,3.0,621.0,199.0,2.0,592.0,208.0,6.0,609.0,198.0,190.0,178.0,166.0,168.0,183.0,
2018-06-14 21:00:00,1.0,650.0,197.0,0.0,642.0,196.0,0.0,627.0,196.0,0.0,581.0,198.0,1.0,620.0,199.0,0.0,592.0,206.0,0.0,613.0,197.0,174.0,170.0,165.0,164.0,152.0,
2018-06-14 22:00:00,1.0,645.0,196.0,0.0,651.0,195.0,0.0,634.0,195.0,0.0,582.0,197.0,1.0,612.0,199.0,0.0,585.0,204.0,0.0,613.0,196.0,167.0,165.0,161.0,163.0,185.0,
2018-06-14 23:00:00,1.0,642.0,194.0,0.0,657.0,195.0,0.0,637.0,194.0,0.0,582.0,196.0,1.0,609.0,197.0,0.0,584.0,202.0,0.0,612.0,195.0,162.0,162.0,160.0,160.0,202.0,
2018-06-15 00:00:00,1.0,642.0,193.0,0.0,659.0,194.0,0.0,638.0,193.0,0.0,582.0,195.0,1.0,607.0,196.0,0.0,584.0,201.0,0.0,609.0,194.0,160.0,159.0,160.0,159.0,168.0,
2018-06-15 01:00:00,1.0,640.0,192.0,0.0,660.0,193.0,0.0,637.0,192.0,0.0,582.0,194.0,1.0,604.0,195.0,0.0,581.0,200.0,0.0,606.0,193.0,160.0,158.0,159.0,158.0,171.0,
2018-06-15 02:00:00,1.0,642.0,191.0,0.0,661.0,192.0,0.0,638.0,192.0,0.0,583.0,193.0,1.0,606.0,194.0,0.0,584.0,199.0,0.0,607.0,192.0,158.0,157.0,155.0,158.0,178.0,
2018-06-15 03:00:00,3.0,643.0,190.0,0.0,660.0,191.0,0.0,639.0,191.0,0.0,584.0,192.0,1.0,606.0,193.0,0.0,587.0,197.0,1.0,608.0,191.0,155.0,155.0,155.0,158.0,152.0,
2018-06-15 04:00:00,19.0,643.0,189.0,0.0,657.0,191.0,1.0,639.0,190.0,0.0,586.0,191.0,4.0,606.0,192.0,5.0,589.0,196.0,18.0,607.0,190.0,155.0,155.0,155.0,156.0,190.0,
2018-06-15 05:00:00,28.0,644.0,189.0,1.0,658.0,190.0,2.0,636.0,190.0,0.0,588.0,191.0,6.0,607.0,192.0,9.0,590.0,195.0,33.0,605.0,190.0,155.0,154.0,155.0,155.0,149.0,
2018-06-15 06:00:00,48.0,644.0,188.0,2.0,660.0,190.0,7.0,631.0,189.0,1.0,591.0,190.0,10.0,607.0,191.0,17.0,590.0,194.0,68.0,603.0,189.0,155.0,153.0,155.0,155.0,162.0,
2018-06-15 07:00:00,74.0,648.0,188.0,5.0,644.0,191.0,12.0,629.0,189.0,3.0,598.0,190.0,15.0,613.0,191.0,27.0,597.0,194.0,115.0,609.0,190.0,155.0,153.0,155.0,154.0,176.0,
2018-06-15 08:00:00,71.0,649.0,188.0,2.0,647.0,191.0,14.0,629.0,189.0,3.0,602.0,190.0,15.0,616.0,191.0,29.0,602.0,193.0,69.0,606.0,190.0,152.0,153.0,154.0,153.0,158.0,
2018-06-15 09:00:00,85.0,650.0,188.0,2.0,651.0,191.0,20.0,629.0,188.0,4.0,605.0,190.0,18.0,617.0,190.0,36.0,604.0,193.0,70.0,605.0,190.0,150.0,152.0,153.0,153.0,162.0,
2018-06-15 10:00:00,99.0,650.0,188.0,3.0,643.0,191.0,21.0,629.0,188.0,5.0,603.0,189.0,20.0,618.0,190.0,42.0,603.0,193.0,90.0,609.0,190.0,150.0,150.0,150.0,153.0,172.0,
2018-06-15 11:00:00,114.0,649.0,188.0,3.0,638.0,191.0,22.0,628.0,188.0,5.0,600.0,189.0,22.0,617.0,190.0,51.0,602.0,193.0,94.0,609.0,190.0,150.0,150.0,150.0,153.0,148.0,
2018-06-15 12:00:00,101.0,647.0,189.0,2.0,635.0,191.0,27.0,625.0,188.0,7.0,585.0,189.0,22.0,612.0,190.0,51.0,601.0,193.0,91.0,609.0,190.0,150.0,150.0,150.0,153.0,167.0,
2018-06-15 13:00:00,57.0,640.0,188.0,1.0,638.0,191.0,16.0,624.0,188.0,3.0,582.0,190.0,12.0,603.0,190.0,26.0,599.0,192.0,51.0,609.0,190.0,150.0,155.0,150.0,153.0,169.0,
2018-06-15 14:00:00,53.0,645.0,188.0,0.0,646.0,190.0,13.0,626.0,187.0,3.0,587.0,189.0,12.0,609.0,189.0,24.0,600.0,192.0,40.0,607.0,189.0,150.0,153.0,150.0,153.0,163.0,
2018-06-15 15:00:00,49.0,644.0,187.0,0.0,646.0,190.0,17.0,626.0,187.0,4.0,589.0,189.0,13.0,608.0,189.0,27.0,602.0,191.0,41.0,606.0,189.0,150.0,151.0,150.0,153.0,164.0,
2018-06-15 16:00:00,64.0,642.0,187.0,0.0,644.0,189.0,25.0,624.0,187.0,6.0,588.0,189.0,17.0,609.0,189.0,38.0,603.0,191.0,52.0,609.0,189.0,150.0,150.0,150.0,153.0,161.0,
2018-06-15 17:00:00,45.0,641.0,187.0,0.0,643.0,189.0,16.0,626.0,187.0,3.0,590.0,189.0,13.0,608.0,189.0,26.0,602.0,191.0,35.0,609.0,188.0,150.0,150.0,150.0,153.0,165.0,
2018-06-15 18:00:00,23.0,644.0,186.0,0.0,647.0,189.0,3.0,627.0,186.0,0.0,590.0,188.0,5.0,611.0,188.0,9.0,604.0,191.0,16.0,608.0,187.0,150.0,150.0,150.0,153.0,177.0,
2018-06-15 19:00:00,6.0,649.0,186.0,0.0,647.0,188.0,0.0,626.0,186.0,0.0,594.0,188.0,2.0,618.0,188.0,0.0,608.0,190.0,3.0,606.0,187.0,150.0,150.0,150.0,152.0,150.0,
2018-06-15 20:00:00,3.0,649.0,185.0,0.0,644.0,187.0,0.0,625.0,185.0,0.0,596.0,187.0,1.0,617.0,187.0,0.0,607.0,189.0,0.0,605.0,186.0,150.0,150.0,150.0,151.0,167.0,
2018-06-15 21:00:00,1.0,647.0,184.0,0.0,642.0,187.0,0.0,625.0,185.0,0.0,597.0,186.0,1.0,616.0,186.0,0.0,606.0,188.0,0.0,605.0,185.0,150.0,149.0,150.0,150.0,179.0,
2018-06-15 22:00:00,1.0,645.0,184.0,0.0,638.0,186.0,0.0,625.0,184.0,0.0,597.0,186.0,1.0,615.0,186.0,0.0,605.0,188.0,0.0,605.0,185.0,150.0,148.0,150.0,150.0,168.0,
2018-06-15 23:00:00,1.0,642.0,183.0,0.0,634.0,186.0,0.0,624.0,184.0,0.0,597.0,185.0,1.0,614.0,185.0,0.0,603.0,187.0,0.0,602.0,184.0,150.0,148.0,150.0,150.0,154.0,
2018-06-16 00:00:00,1.0,640.0,182.0,0.0,632.0,185.0,0.0,624.0,183.0,0.0,597.0,184.0,1.0,613.0,185.0,0.0,604.0,187.0,0.0,601.0,183.0,150.0,148.0,150.0,150.0,183.0,
2018-06-16 01:00:00,1.0,638.0,182.0,0.0,629.0,184.0,0.0,623.0,183.0,0.0,597.0,184.0,1.0,613.0,184.0,0.0,603.0,186.0,0.0,601.0,183.0,150.0,148.0,150.0,150.0,172.0,
2018-06-16 02:00:00,1.0,636.0,181.0,0.0,626.0,184.0,0.0,621.0,182.0,0.0,597.0,183.0,1.0,612.0,183.0,0.0,602.0,185.0,0.0,601.0,182.0,150.0,148.0,150.0,150.0,173.0,
2018-06-16 03:00:00,1.0,634.0,180.0,0.0,623.0,183.0,0.0,620.0,182.0,0.0,596.0,183.0,1.0,611.0,183.0,0.0,601.0,185.0,0.0,600.0,181.0,150.0,148.0,150.0,150.0,179.0,
2018-06-16 04:00:00,9.0,634.0,180.0,0.0,621.0,183.0,0.0,619.0,181.0,0.0,596.0,182.0,2.0,611.0,182.0,2.0,601.0,184.0,6.0,601.0,181.0,149.0,148.0,150.0,149.0,169.0,
2018-06-16 05:00:00,11.0,635.0,180.0,0.0,621.0,182.0,0.0,619.0,181.0,0.0,597.0,181.0,3.0,612.0,182.0,2.0,602.0,184.0,6.0,602.0,180.0,148.0,148.0,149.0,148.0,159.0,
2018-06-16 06:00:00,14.0,636.0,179.0,0.0,621.0,182.0,1.0,620.0,181.0,0.0,598.0,181.0,3.0,614.0,181.0,3.0,604.0,183.0,9.0,603.0,180.0,145.0,147.0,147.0,148.0,183.0,
2018-06-16 07:00:00,22.0,638.0,179.0,0.0,623.0,181.0,3.0,621.0,180.0,0.0,600.0,180.0,5.0,616.0,181.0,8.0,606.0,183.0,15.0,604.0,179.0,145.0,145.0,145.0,148.0,154.0,
2018-06-16 08:00:00,26.0,639.0,179.0,0.0,624.0,181.0,5.0,621.0,180.0,1.0,601.0,180.0,6.0,616.0,180.0,10.0,607.0,182.0,20.0,607.0,179.0,148.0,150.0,145.0,148.0,176.0,
2018-06-16 09:00:00,22.0,640.0,178.0,0.0,624.0,181.0,3.0,623.0,179.0,0.0,601.0,180.0,5.0,619.0,180.0,8.0,610.0,182.0,16.0,610.0,178.0,147.0,148.0,145.0,148.0,179.0,
2018-06-16 10:00:00,44.0,643.0,178.0,0.0,626.0,180.0,10.0,626.0,179.0,2.0,602.0,180.0,9.0,621.0,180.0,17.0,612.0,182.0,34.0,614.0,178.0,145.0,148.0,145.0,148.0,170.0,
2018-06-16 11:00:00,62.0,646.0,178.0,1.0,631.0,180.0,16.0,628.0,179.0,3.0,606.0,179.0,13.0,622.0,180.0,27.0,616.0,182.0,52.0,618.0,178.0,145.0,146.0,145.0,148.0,156.0,
2018-06-16 12:00:00,102.0,649.0,179.0,2.0,637.0,180.0,27.0,628.0,179.0,6.0,614.0,180.0,21.0,624.0,180.0,47.0,620.0,182.0,89.0,624.0,179.0,145.0,145.0,145.0,148.0,186.0,
2018-06-16 13:00:00,44.0,651.0,179.0,0.0,640.0,181.0,7.0,631.0,180.0,1.0,617.0,180.0,9.0,627.0,180.0,16.0,625.0,182.0,33.0,625.0,179.0,145.0,145.0,145.0,148.0,152.0,
2018-06-16 14:00:00,63.0,653.0,179.0,1.0,641.0,181.0,24.0,634.0,179.0,5.0,618.0,180.0,14.0,631.0,180.0,29.0,626.0,182.0,51.0,626.0,179.0,145.0,145.0,145.0,148.0,178.0,
2018-06-16 15:00:00,31.0,654.0,179.0,0.0,641.0,181.0,6.0,634.0,179.0,1.0,621.0,180.0,7.0,634.0,180.0,11.0,630.0,182.0,24.0,628.0,179.0,145.0,145.0,145.0,148.0,179.0,
2018-06-16 16:00:00,58.0,655.0,179.0,0.0,641.0,181.0,50.0,635.0,179.0,12.0,620.0,180.0,24.0,633.0,180.0,69.0,629.0,181.0,61.0,628.0,179.0,145.0,145.0,145.0,148.0,169.0,
2018-06-16 17:00:00,42.0,659.0,179.0,0.0,637.0,181.0,59.0,632.0,181.0,14.0,622.0,182.0,44.0,635.0,180.0,89.0,631.0,182.0,71.0,630.0,179.0,145.0,145.0,145.0,148.0,156.0,
2018-06-16 18:00:00,85.0,655.0,179.0,0.0,636.0,180.0,56.0,632.0,181.0,13.0,618.0,182.0,25.0,632.0,180.0,71.0,626.0,182.0,45.0,628.0,179.0,145.0,145.0,145.0,148.0,175.0,
2018-06-16 19:00:00,42.0,652.0,180.0,0.0,636.0,181.0,40.0,628.0,183.0,8.0,615.0,183.0,14.0,631.0,180.0,32.0,624.0,183.0,28.0,628.0,179.0,145.0,145.0,147.0,148.0,167.0,
2018-06-16 20:00:00,7.0,650.0,179.0,0.0,636.0,180.0,3.0,624.0,182.0,0.0,610.0,183.0,3.0,629.0,180.0,1.0,622.0,182.0,7.0,627.0,178.0,145.0,145.0,147.0,148.0,172.0,
2018-06-16 21:00:00,1.0,647.0,178.0,0.0,633.0,180.0,0.0,625.0,180.0,0.0,609.0,181.0,1.0,626.0,179.0,0.0,617.0,182.0,0.0,622.0,178.0,145.0,145.0,145.0,148.0,170.0,
2018-06-16 22:00:00,0.0,645.0,177.0,0.0,629.0,179.0,0.0,623.0,179.0,0.0,606.0,180.0,1.0,622.0,179.0,0.0,614.0,181.0,0.0,618.0,177.0,145.0,145.0,145.0,148.0,177.0,
2018-06-16 23:00:00,1.0,643.0,176.0,0.0,626.0,179.0,0.0,621.0,178.0,0.0,604.0,179.0,1.0,620.0,178.0,0.0,612.0,180.0,0.0,615.0,177.0,145.0,145.0,145.0,148.0,174.0,
2018-06-17 00:00:00,1.0,641.0,175.0,0.0,624.0,178.0,0.0,619.0,178.0,0.0,602.0,178.0,1.0,618.0,178.0,0.0,610.0,180.0,0.0,613.0,176.0,145.0,145.0,145.0,148.0,175.0,
2018-06-17 01:00:00,1.0,640.0,175.0,0.0,622.0,178.0,0.0,617.0,177.0,0.0,601.0,178.0,1.0,617.0,177.0,0.0,610.0,179.0,0.0,612.0,175.0,145.0,144.0,145.0,146.0,174.0,
2018-06-17 02:00:00,1.0,639.0,174.0,0.0,619.0,177.0,0.0,615.0,177.0,0.0,600.0,177.0,1.0,617.0,176.0,0.0,609.0,178.0,0.0,610.0,175.0,145.0,143.0,145.0,145.0,179.0,
2018-06-17 03:00:00,5.0,640.0,174.0,0.0,619.0,176.0,0.0,614.0,176.0,0.0,600.0,176.0,1.0,618.0,176.0,0.0,612.0,178.0,3.0,611.0,174.0,145.0,147.0,145.0,145.0,179.0,
2018-06-17 04:00:00,20.0,643.0,173.0,0.0,621.0,176.0,1.0,613.0,176.0,0.0,600.0,176.0,5.0,619.0,175.0,6.0,612.0,177.0,19.0,612.0,174.0,145.0,145.0,145.0,145.0,176.0,
2018-06-17 05:00:00,33.0,645.0,173.0,1.0,624.0,176.0,3.0,614.0,175.0,0.0,602.0,175.0,7.0,621.0,175.0,11.0,614.0,177.0,37.0,613.0,174.0,145.0,144.0,145.0,145.0,161.0,
2018-06-17 06:00:00,35.0,647.0,173.0,0.0,625.0,176.0,5.0,616.0,175.0,1.0,604.0,175.0,7.0,623.0,175.0,12.0,617.0,177.0,33.0,614.0,173.0,144.0,143.0,145.0,145.0,186.0,
2018-06-17 07:00:00,52.0,649.0,173.0,1.0,626.0,176.0,9.0,619.0,175.0,2.0,607.0,175.0,11.0,626.0,175.0,20.0,620.0,176.0,50.0,618.0,173.0,141.0,143.0,145.0,145.0,155.0,
2018-06-17 08:00:00,71.0,650.0,173.0,2.0,625.0,176.0,15.0,623.0,175.0,3.0,611.0,175.0,15.0,627.0,175.0,29.0,620.0,176.0,65.0,623.0,174.0,140.0,143.0,145.0,144.0,174.0,
2018-06-17 09:00:00,83.0,650.0,173.0,2.0,627.0,177.0,18.0,626.0,175.0,4.0,614.0,175.0,17.0,628.0,175.0,35.0,624.0,176.0,68.0,625.0,174.0,140.0,143.0,145.0,144.0,190.0,
2018-06-17 10:00:00,90.0,650.0,174.0,2.0,627.0,177.0,21.0,629.0,175.0,5.0,614.0,175.0,19.0,626.0,175.0,39.0,624.0,176.0,77.0,629.0,174.0,140.0,143.0,145.0,144.0,157.0,
2018-06-17 11:00:00,89.0,649.0,174.0,2.0,626.0,177.0,21.0,630.0,175.0,5.0,613.0,175.0,19.0,626.0,175.0,40.0,623.0,176.0,78.0,629.0,175.0,140.0,143.0,145.0,144.0,169.0,
2018-06-17 12:00:00,92.0,648.0,175.0,2.0,625.0,178.0,23.0,628.0,175.0,5.0,615.0,176.0,19.0,626.0,175.0,41.0,623.0,177.0,75.0,629.0,175.0,140.0,143.0,145.0,144.0,172.0,
2018-06-17 13:00:00,63.0,647.0,175.0,1.0,624.0,178.0,20.0,629.0,176.0,5.0,615.0,176.0,15.0,627.0,175.0,33.0,625.0,177.0,56.0,627.0,176.0,140.0,143.0,145.0,145.0,169.0,
2018-06-17 14:00:00,55.0,646.0,176.0,1.0,624.0,178.0,16.0,626.0,176.0,3.0,616.0,177.0,12.0,627.0,175.0,25.0,621.0,177.0,45.0,627.0,176.0,140.0,143.0,145.0,145.0,166.0,
2018-06-17 15:00:00,46.0,647.0,175.0,0.0,627.0,178.0,10.0,629.0,176.0,2.0,616.0,177.0,9.0,627.0,175.0,18.0,624.0,177.0,35.0,626.0,176.0,140.0,143.0,145.0,145.0,185.0,
2018-06-17 16:00:00,49.0,649.0,175.0,0.0,630.0,178.0,11.0,630.0,176.0,2.0,618.0,177.0,10.0,629.0,175.0,20.0,629.0,177.0,36.0,627.0,176.0,140.0,143.0,145.0,145.0,165.0,
2018-06-17 17:00:00,22.0,654.0,175.0,0.0,634.0,178.0,4.0,634.0,175.0,0.0,619.0,176.0,5.0,634.0,175.0,8.0,629.0,177.0,17.0,628.0,175.0,140.0,143.0,145.0,145.0,172.0,
2018-06-17 18:00:00,29.0,658.0,175.0,0.0,637.0,178.0,7.0,635.0,175.0,1.0,623.0,176.0,8.0,637.0,175.0,14.0,633.0,177.0,20.0,629.0,175.0,141.0,143.0,145.0,145.0,176.0,
2018-06-17 19:00:00,27.0,673.0,175.0,3.0,639.0,178.0,1.0,644.0,175.0,7.0,633.0,176.0,6.0,645.0,176.0,9.0,645.0,177.0,12.0,635.0,175.0,141.0,143.0,139.0,143.0,999.0,
2018-06-17 20:00:00,9.0,707.0,176.0,1.0,672.0,178.0,0.0,657.0,176.0,1.0,656.0,177.0,2.0,678.0,177.0,1.0,674.0,184.0,6.0,670.0,175.0,140.0,144.0,133.0,161.0,1381.0,112.0
2018-06-17 21:00:00,22.0,724.0,178.0,0.0,679.0,178.0,0.0,663.0,176.0,0.0,667.0,177.0,1.0,679.0,178.0,0.0,653.0,188.0,5.0,678.0,177.0,380.0,161.0,142.0,262.0,478.0,784.0
2018-06-17 22:00:00,2.0,705.0,178.0,0.0,672.0,178.0,0.0,667.0,176.0,0.0,674.0,176.0,1.0,676.0,179.0,0.0,655.0,185.0,5.0,678.0,178.0,270.0,177.0,154.0,189.0,289.0,
2018-06-17 23:00:00,0.0,701.0,178.0,0.0,664.0,178.0,0.0,670.0,176.0,0.0,670.0,176.0,1.0,669.0,178.0,0.0,656.0,183.0,0.0,668.0,179.0,188.0,167.0,154.0,157.0,208.0,
2018-06-18 07:00:00,,,,,,,,,,,,,,,,,,,,,,,,,,,4924.0
2018-06-18 17:00:00,,,,,,,,,,,,,,,,,,,,,,,,,,,672.0
2018-06-19 08:00:00,23.0,679.0,180.0,15.0,627.0,184.0,7.0,647.0,178.0,8.0,644.0,180.0,8.0,637.0,182.0,11.0,636.0,182.0,21.0,629.0,182.0,215.0,165.0,155.0,163.0,177.0,
2018-06-19 09:00:00,29.0,678.0,180.0,20.0,627.0,183.0,7.0,645.0,177.0,8.0,640.0,180.0,9.0,634.0,182.0,12.0,635.0,181.0,27.0,627.0,181.0,188.0,162.0,153.0,156.0,207.0,
2018-06-19 10:00:00,86.0,672.0,180.0,75.0,625.0,183.0,21.0,644.0,177.0,25.0,637.0,180.0,24.0,634.0,181.0,39.0,634.0,181.0,94.0,629.0,181.0,165.0,156.0,150.0,151.0,224.0,
2018-06-19 11:00:00,61.0,666.0,180.0,41.0,624.0,183.0,15.0,643.0,178.0,16.0,635.0,180.0,18.0,634.0,182.0,28.0,633.0,181.0,56.0,628.0,181.0,156.0,152.0,150.0,149.0,192.0,
2018-06-19 12:00:00,63.0,663.0,180.0,49.0,623.0,183.0,19.0,641.0,178.0,20.0,631.0,180.0,18.0,632.0,181.0,30.0,630.0,181.0,64.0,627.0,181.0,150.0,149.0,148.0,148.0,210.0,
2018-06-19 13:00:00,83.0,661.0,180.0,59.0,623.0,183.0,28.0,640.0,178.0,29.0,626.0,180.0,25.0,631.0,181.0,43.0,630.0,181.0,82.0,628.0,181.0,149.0,148.0,145.0,148.0,206.0,
2018-06-19 14:00:00,88.0,655.0,180.0,74.0,621.0,183.0,56.0,633.0,178.0,54.0,621.0,180.0,36.0,628.0,181.0,64.0,628.0,181.0,98.0,628.0,181.0,145.0,148.0,145.0,148.0,208.0,
2018-06-19 15:00:00,75.0,648.0,181.0,68.0,620.0,184.0,44.0,628.0,180.0,39.0,618.0,182.0,30.0,626.0,182.0,51.0,625.0,182.0,77.0,628.0,182.0,145.0,148.0,146.0,148.0,207.0,
2018-06-19 16:00:00,35.0,653.0,181.0,24.0,622.0,183.0,8.0,631.0,179.0,8.0,619.0,182.0,10.0,625.0,182.0,14.0,625.0,181.0,27.0,628.0,181.0,145.0,148.0,146.0,148.0,234.0,
2018-06-19 17:00:00,73.0,644.0,181.0,12.0,613.0,182.0,3.0,628.0,178.0,4.0,622.0,181.0,9.0,622.0,181.0,8.0,581.0,183.0,21.0,628.0,181.0,145.0,149.0,138.0,153.0,3212.0,448.0
2018-06-19 18:00:00,42.0,632.0,181.0,8.0,608.0,182.0,0.0,622.0,178.0,3.0,618.0,181.0,6.0,615.0,182.0,4.0,564.0,193.0,13.0,624.0,182.0,259.0,157.0,140.0,255.0,592.0,
2018-06-19 19:00:00,51.0,808.0,193.0,1.0,635.0,183.0,0.0,642.0,178.0,0.0,629.0,182.0,2.0,630.0,184.0,2.0,590.0,195.0,10.0,625.0,185.0,532.0,240.0,144.0,363.0,453.0,10304.0
2018-06-19 20:00:00,38.0,789.0,204.0,0.0,693.0,183.0,0.0,654.0,178.0,0.0,652.0,184.0,2.0,676.0,186.0,0.0,626.0,197.0,5.0,634.0,188.0,443.0,239.0,145.0,279.0,329.0,1232.0
2018-06-19 21:00:00,6.0,699.0,196.0,0.0,678.0,183.0,0.0,660.0,178.0,0.0,678.0,185.0,1.0,675.0,186.0,0.0,638.0,194.0,3.0,652.0,186.0,237.0,208.0,152.0,200.0,452.0,
2018-06-19 22:00:00,0.0,683.0,191.0,0.0,662.0,182.0,0.0,663.0,179.0,0.0,671.0,184.0,1.0,658.0,185.0,0.0,636.0,191.0,5.0,659.0,186.0,187.0,181.0,159.0,164.0,366.0,
2018-06-19 23:00:00,2.0,677.0,188.0,0.0,657.0,181.0,0.0,664.0,179.0,0.0,673.0,184.0,1.0,649.0,185.0,0.0,633.0,189.0,5.0,662.0,186.0,169.0,168.0,155.0,157.0,396.0,
2018-06-20 00:00:00,1.0,677.0,186.0,0.0,656.0,181.0,0.0,666.0,179.0,0.0,673.0,184.0,1.0,652.0,185.0,0.0,642.0,187.0,2.0,656.0,186.0,161.0,160.0,155.0,154.0,277.0,
2018-06-20 01:00:00,1.0,674.0,184.0,0.0,651.0,180.0,0.0,665.0,178.0,0.0,680.0,184.0,1.0,649.0,185.0,0.0,643.0,186.0,0.0,635.0,184.0,155.0,154.0,150.0,153.0,237.0,
2018-06-20 02:00:00,0.0,674.0,183.0,0.0,651.0,180.0,0.0,667.0,178.0,0.0,697.0,184.0,1.0,645.0,184.0,0.0,641.0,185.0,0.0,634.0,183.0,153.0,152.0,150.0,150.0,229.0,
2018-06-20 03:00:00,1.0,673.0,182.0,0.0,650.0,179.0,0.0,666.0,178.0,0.0,708.0,184.0,1.0,644.0,183.0,0.0,639.0,184.0,0.0,632.0,182.0,150.0,150.0,150.0,150.0,225.0,
2018-06-20 04:00:00,2.0,673.0,181.0,0.0,649.0,179.0,0.0,663.0,178.0,0.0,715.0,184.0,1.0,642.0,183.0,0.0,638.0,183.0,0.0,631.0,181.0,150.0,149.0,150.0,150.0,222.0,
2018-06-20 05:00:00,6.0,672.0,180.0,2.0,648.0,178.0,0.0,665.0,178.0,0.0,720.0,184.0,2.0,640.0,182.0,0.0,637.0,183.0,0.0,631.0,180.0,150.0,148.0,150.0,149.0,224.0,
2018-06-20 06:00:00,26.0,692.0,181.0,7.0,660.0,178.0,1.0,676.0,178.0,0.0,697.0,184.0,3.0,653.0,182.0,2.0,652.0,183.0,8.0,643.0,180.0,198.0,151.0,142.0,237.0,353.0,336.0
2018-06-20 07:00:00,29.0,758.0,185.0,11.0,714.0,179.0,3.0,723.0,179.0,4.0,680.0,183.0,5.0,685.0,183.0,6.0,690.0,183.0,17.0,666.0,181.0,443.0,200.0,140.0,266.0,1218.0,1675.0
2018-06-20 08:00:00,25.0,703.0,185.0,14.0,702.0,180.0,4.0,697.0,179.0,4.0,676.0,183.0,6.0,680.0,183.0,7.0,683.0,185.0,20.0,668.0,181.0,281.0,189.0,144.0,234.0,921.0,335.0
2018-06-20 09:00:00,51.0,703.0,185.0,32.0,702.0,180.0,11.0,692.0,178.0,12.0,680.0,183.0,12.0,684.0,183.0,18.0,691.0,186.0,41.0,675.0,181.0,247.0,175.0,151.0,192.0,246.0,112.0
2018-06-20 10:00:00,29.0,694.0,183.0,17.0,691.0,180.0,6.0,684.0,178.0,7.0,675.0,182.0,8.0,674.0,183.0,10.0,676.0,185.0,21.0,671.0,180.0,205.0,171.0,155.0,164.0,206.0,
2018-06-20 11:00:00,45.0,690.0,182.0,28.0,680.0,180.0,11.0,676.0,177.0,12.0,670.0,182.0,11.0,666.0,183.0,17.0,666.0,185.0,36.0,667.0,180.0,175.0,164.0,155.0,155.0,220.0,
2018-06-20 12:00:00,97.0,685.0,182.0,73.0,673.0,180.0,30.0,665.0,177.0,36.0,667.0,182.0,24.0,661.0,183.0,43.0,657.0,184.0,90.0,664.0,180.0,162.0,158.0,152.0,153.0,201.0,
2018-06-20 13:00:00,84.0,681.0,182.0,54.0,668.0,181.0,29.0,653.0,178.0,32.0,663.0,182.0,22.0,654.0,183.0,38.0,651.0,184.0,74.0,662.0,181.0,155.0,153.0,150.0,150.0,211.0,
2018-06-20 14:00:00,69.0,679.0,182.0,45.0,663.0,181.0,26.0,648.0,179.0,27.0,660.0,182.0,19.0,652.0,183.0,32.0,650.0,184.0,63.0,660.0,181.0,152.0,152.0,150.0,150.0,218.0,
2018-06-20 15:00:00,60.0,675.0,182.0,35.0,661.0,181.0,16.0,636.0,178.0,17.0,655.0,182.0,15.0,644.0,183.0,24.0,639.0,183.0,45.0,657.0,180.0,150.0,150.0,150.0,150.0,211.0,
2018-06-20 16:00:00,65.0,669.0,181.0,44.0,656.0,181.0,36.0,625.0,178.0,32.0,648.0,182.0,22.0,636.0,183.0,39.0,630.0,183.0,58.0,654.0,180.0,150.0,148.0,150.0,149.0,199.0,
2018-06-20 17:00:00,84.0,802.0,185.0,31.0,661.0,181.0,20.0,614.0,178.0,20.0,645.0,182.0,16.0,647.0,183.0,27.0,640.0,184.0,41.0,651.0,180.0,479.0,192.0,137.0,310.0,317.0,6941.0
2018-06-20 18:00:00,48.0,695.0,191.0,20.0,682.0,181.0,9.0,679.0,179.0,18.0,653.0,182.0,12.0,646.0,184.0,25.0,646.0,187.0,31.0,646.0,182.0,303.0,232.0,152.0,228.0,302.0,558.0
2018-06-20 19:00:00,72.0,628.0,190.0,23.0,653.0,181.0,0.0,657.0,181.0,36.0,636.0,183.0,18.0,641.0,184.0,38.0,631.0,190.0,62.0,653.0,182.0,226.0,206.0,158.0,170.0,257.0,
2018-06-20 20:00:00,34.0,654.0,188.0,1.0,654.0,181.0,0.0,651.0,181.0,1.0,639.0,183.0,3.0,639.0,184.0,2.0,629.0,187.0,5.0,653.0,182.0,181.0,184.0,146.0,170.0,359.0,
2018-06-20 21:00:00,1.0,647.0,185.0,0.0,649.0,180.0,0.0,652.0,179.0,0.0,654.0,183.0,1.0,639.0,184.0,0.0,635.0,186.0,5.0,646.0,181.0,163.0,168.0,141.0,160.0,994.0,
2018-06-20 22:00:00,1.0,646.0,182.0,0.0,640.0,180.0,0.0,648.0,179.0,0.0,658.0,183.0,2.0,634.0,183.0,3.0,635.0,184.0,4.0,657.0,182.0,155.0,157.0,142.0,152.0,517.0,
2018-06-20 23:00:00,1.0,647.0,181.0,0.0,634.0,179.0,0.0,647.0,178.0,0.0,650.0,182.0,2.0,632.0,182.0,3.0,632.0,184.0,4.0,664.0,183.0,153.0,153.0,149.0,150.0,417.0,
2018-06-21 00:00:00,1.0,652.0,179.0,0.0,632.0,179.0,0.0,644.0,178.0,0.0,647.0,181.0,2.0,633.0,182.0,3.0,630.0,183.0,4.0,665.0,184.0,150.0,150.0,150.0,149.0,384.0,
2018-06-21 01:00:00,1.0,655.0,179.0,0.0,635.0,178.0,0.0,643.0,177.0,0.0,644.0,180.0,1.0,632.0,181.0,0.0,629.0,182.0,0.0,631.0,182.0,150.0,148.0,146.0,147.0,228.0,
2018-06-21 02:00:00,1.0,651.0,178.0,0.0,629.0,178.0,0.0,641.0,177.0,0.0,650.0,180.0,1.0,627.0,180.0,0.0,625.0,181.0,0.0,609.0,180.0,147.0,147.0,145.0,148.0,231.0,
2018-06-21 03:00:00,3.0,634.0,177.0,0.0,617.0,177.0,0.0,641.0,176.0,0.0,667.0,180.0,1.0,616.0,179.0,0.0,614.0,180.0,0.0,596.0,178.0,145.0,145.0,145.0,147.0,233.0,
2018-06-21 04:00:00,15.0,632.0,176.0,10.0,611.0,176.0,0.0,640.0,176.0,0.0,677.0,180.0,4.0,613.0,179.0,3.0,609.0,179.0,0.0,593.0,177.0,145.0,144.0,145.0,145.0,208.0,
2018-06-21 05:00:00,39.0,640.0,176.0,233.0,614.0,177.0,0.0,637.0,175.0,1.0,676.0,180.0,15.0,617.0,178.0,13.0,612.0,179.0,2.0,612.0,176.0,145.0,143.0,145.0,145.0,220.0,
2018-06-21 06:00:00,64.0,652.0,177.0,342.0,613.0,185.0,0.0,634.0,175.0,1.0,674.0,179.0,24.0,629.0,179.0,14.0,626.0,179.0,5.0,644.0,179.0,145.0,143.0,145.0,145.0,255.0,
2018-06-21 07:00:00,82.0,650.0,179.0,309.0,597.0,189.0,0.0,633.0,174.0,1.0,673.0,179.0,20.0,630.0,181.0,15.0,628.0,181.0,4.0,627.0,184.0,142.0,143.0,143.0,143.0,249.0,
2018-06-21 08:00:00,87.0,738.0,184.0,170.0,585.0,192.0,2.0,640.0,177.0,15.0,652.0,179.0,16.0,650.0,182.0,19.0,656.0,183.0,125.0,616.0,187.0,440.0,172.0,141.0,257.0,260.0,2576.0
2018-06-21 09:00:00,78.0,651.0,184.0,111.0,580.0,192.0,4.0,635.0,178.0,23.0,647.0,180.0,22.0,631.0,183.0,26.0,630.0,184.0,149.0,611.0,188.0,243.0,175.0,154.0,171.0,242.0,
2018-06-21 10:00:00,78.0,637.0,182.0,80.0,572.0,191.0,3.0,627.0,178.0,22.0,639.0,180.0,15.0,623.0,182.0,29.0,618.0,183.0,95.0,604.0,186.0,182.0,165.0,150.0,153.0,197.0,
2018-06-21 11:00:00,68.0,631.0,181.0,55.0,577.0,188.0,6.0,622.0,178.0,22.0,630.0,180.0,16.0,617.0,181.0,32.0,610.0,182.0,80.0,600.0,184.0,160.0,155.0,146.0,148.0,219.0,
2018-06-21 12:00:00,88.0,628.0,181.0,76.0,579.0,187.0,13.0,616.0,177.0,30.0,620.0,180.0,21.0,612.0,181.0,44.0,605.0,181.0,115.0,598.0,184.0,151.0,150.0,136.0,147.0,1028.0,
2018-06-21 13:00:00,73.0,644.0,181.0,61.0,585.0,186.0,23.0,623.0,178.0,36.0,616.0,180.0,19.0,625.0,181.0,32.0,626.0,182.0,105.0,604.0,183.0,157.0,151.0,135.0,192.0,729.0,223.0
2018-06-21 14:00:00,51.0,642.0,181.0,97.0,595.0,186.0,36.0,618.0,181.0,72.0,616.0,182.0,25.0,622.0,182.0,55.0,614.0,183.0,151.0,617.0,184.0,169.0,154.0,139.0,165.0,645.0,
2018-06-21 15:00:00,44.0,643.0,181.0,35.0,598.0,185.0,7.0,615.0,181.0,21.0,613.0,184.0,15.0,621.0,182.0,26.0,614.0,183.0,64.0,618.0,185.0,162.0,155.0,148.0,152.0,409.0,
2018-06-21 16:00:00,53.0,646.0,182.0,84.0,615.0,185.0,56.0,618.0,184.0,119.0,621.0,185.0,43.0,626.0,183.0,98.0,617.0,183.0,121.0,623.0,186.0,154.0,153.0,150.0,149.0,559.0,
2018-06-21 17:00:00,60.0,627.0,183.0,46.0,608.0,186.0,12.0,601.0,187.0,36.0,595.0,190.0,62.0,603.0,185.0,102.0,570.0,190.0,62.0,613.0,187.0,150.0,152.0,145.0,149.0,1640.0,112.0
2018-06-21 18:00:00,127.0,644.0,186.0,33.0,612.0,187.0,2.0,610.0,187.0,53.0,604.0,190.0,38.0,613.0,187.0,106.0,573.0,198.0,54.0,617.0,188.0,146.0,151.0,137.0,155.0,528.0,
2018-06-21 19:00:00,77.0,641.0,187.0,25.0,621.0,188.0,0.0,613.0,189.0,53.0,603.0,192.0,19.0,622.0,188.0,46.0,589.0,196.0,54.0,628.0,188.0,145.0,150.0,139.0,150.0,1020.0,
2018-06-21 20:00:00,11.0,617.0,186.0,4.0,601.0,187.0,0.0,613.0,188.0,3.0,584.0,191.0,4.0,593.0,187.0,5.0,541.0,199.0,18.0,608.0,188.0,435.0,170.0,136.0,263.0,2777.0,1904.0
2018-06-21 21:00:00,1.0,652.0,189.0,0.0,639.0,189.0,0.0,629.0,185.0,0.0,619.0,191.0,1.0,632.0,190.0,0.0,568.0,209.0,7.0,642.0,193.0,242.0,179.0,144.0,188.0,1333.0,
2018-06-21 22:00:00,2.0,651.0,190.0,0.0,631.0,189.0,0.0,634.0,184.0,0.0,629.0,190.0,1.0,630.0,190.0,0.0,575.0,205.0,2.0,633.0,192.0,188.0,172.0,149.0,165.0,383.0,112.0
2018-06-21 23:00:00,1.0,648.0,188.0,0.0,626.0,187.0,0.0,635.0,184.0,0.0,644.0,190.0,1.0,628.0,189.0,0.0,589.0,199.0,0.0,614.0,190.0,167.0,165.0,149.0,158.0,343.0,
2018-06-22 00:00:00,1.0,636.0,187.0,0.0,619.0,186.0,0.0,635.0,184.0,0.0,654.0,190.0,1.0,620.0,188.0,0.0,591.0,196.0,0.0,604.0,189.0,158.0,158.0,150.0,153.0,349.0,
2018-06-22 01:00:00,1.0,628.0,186.0,0.0,614.0,185.0,0.0,635.0,183.0,0.0,658.0,190.0,1.0,614.0,188.0,0.0,595.0,193.0,0.0,600.0,188.0,154.0,155.0,150.0,151.0,319.0,
2018-06-22 02:00:00,1.0,622.0,185.0,0.0,613.0,184.0,0.0,636.0,183.0,0.0,664.0,190.0,1.0,608.0,187.0,0.0,586.0,191.0,0.0,600.0,186.0,150.0,153.0,150.0,150.0,356.0,
2018-06-22 03:00:00,2.0,617.0,184.0,0.0,607.0,183.0,0.0,637.0,183.0,0.0,670.0,189.0,1.0,602.0,186.0,0.0,584.0,190.0,0.0,597.0,185.0,150.0,151.0,150.0,150.0,344.0,
2018-06-22 04:00:00,13.0,621.0,183.0,8.0,608.0,183.0,0.0,638.0,182.0,0.0,668.0,188.0,3.0,603.0,185.0,3.0,588.0,189.0,0.0,600.0,184.0,150.0,150.0,150.0,149.0,354.0,
2018-06-22 05:00:00,40.0,622.0,183.0,164.0,608.0,185.0,0.0,639.0,182.0,0.0,671.0,188.0,13.0,605.0,185.0,13.0,593.0,188.0,6.0,606.0,184.0,150.0,150.0,150.0,148.0,313.0,
2018-06-22 06:00:00,69.0,648.0,183.0,340.0,606.0,194.0,0.0,643.0,182.0,1.0,677.0,188.0,15.0,626.0,185.0,15.0,614.0,188.0,23.0,625.0,187.0,149.0,148.0,148.0,148.0,347.0,
2018-06-22 07:00:00,116.0,881.0,194.0,367.0,600.0,201.0,11.0,669.0,183.0,2.0,678.0,188.0,11.0,672.0,188.0,16.0,670.0,190.0,52.0,620.0,193.0,451.0,196.0,136.0,279.0,489.0,7952.0
2018-06-22 08:00:00,88.0,773.0,196.0,191.0,609.0,205.0,17.0,682.0,187.0,19.0,693.0,190.0,15.0,701.0,191.0,19.0,690.0,195.0,183.0,641.0,198.0,309.0,216.0,141.0,235.0,804.0,
2018-06-22 09:00:00,88.0,684.0,195.0,140.0,604.0,205.0,6.0,668.0,188.0,21.0,673.0,190.0,16.0,658.0,192.0,25.0,649.0,195.0,135.0,626.0,199.0,207.0,190.0,148.0,178.0,372.0,
2018-06-22 10:00:00,92.0,658.0,193.0,106.0,597.0,202.0,7.0,655.0,187.0,22.0,657.0,190.0,16.0,641.0,191.0,32.0,632.0,193.0,85.0,611.0,197.0,174.0,172.0,155.0,158.0,294.0,
2018-06-22 11:00:00,101.0,630.0,191.0,85.0,580.0,200.0,16.0,634.0,187.0,25.0,643.0,190.0,23.0,621.0,190.0,50.0,604.0,192.0,73.0,595.0,196.0,161.0,162.0,150.0,153.0,393.0,
2018-06-22 12:00:00,84.0,619.0,190.0,90.0,564.0,198.0,14.0,609.0,187.0,34.0,612.0,190.0,17.0,604.0,190.0,48.0,589.0,191.0,80.0,578.0,195.0,155.0,156.0,142.0,151.0,717.0,
2018-06-22 13:00:00,62.0,616.0,190.0,103.0,571.0,197.0,31.0,601.0,187.0,51.0,603.0,190.0,20.0,600.0,190.0,47.0,589.0,191.0,86.0,572.0,194.0,150.0,156.0,135.0,161.0,1315.0,
2018-06-22 14:00:00,66.0,635.0,190.0,96.0,576.0,196.0,47.0,605.0,189.0,61.0,608.0,192.0,28.0,614.0,190.0,57.0,606.0,191.0,78.0,584.0,193.0,150.0,155.0,147.0,153.0,297.0,
2018-06-22 15:00:00,80.0,617.0,189.0,84.0,569.0,195.0,81.0,574.0,191.0,74.0,579.0,194.0,34.0,574.0,191.0,89.0,546.0,192.0,82.0,574.0,193.0,149.0,155.0,140.0,152.0,1108.0,112.0
2018-06-22 16:00:00,89.0,613.0,190.0,97.0,562.0,195.0,132.0,552.0,192.0,108.0,567.0,197.0,69.0,572.0,192.0,217.0,545.0,194.0,104.0,572.0,193.0,324.0,167.0,141.0,281.0,522.0,2688.0
2018-06-22 17:00:00,79.0,705.0,197.0,78.0,581.0,196.0,12.0,566.0,197.0,75.0,568.0,199.0,106.0,611.0,196.0,199.0,568.0,198.0,102.0,584.0,195.0,458.0,207.0,147.0,287.0,466.0,672.0
2018-06-22 18:00:00,51.0,653.0,202.0,29.0,588.0,196.0,0.0,561.0,196.0,12.0,550.0,199.0,13.0,595.0,195.0,22.0,572.0,197.0,32.0,590.0,196.0,285.0,198.0,160.0,204.0,829.0,
2018-06-22 19:00:00,36.0,630.0,210.0,24.0,614.0,196.0,0.0,563.0,193.0,20.0,568.0,198.0,16.0,618.0,195.0,29.0,601.0,197.0,41.0,605.0,197.0,202.0,185.0,162.0,169.0,677.0,
2018-06-22 20:00:00,9.0,592.0,215.0,5.0,612.0,196.0,0.0,560.0,193.0,3.0,571.0,197.0,4.0,616.0,196.0,2.0,606.0,196.0,17.0,608.0,197.0,178.0,174.0,160.0,162.0,508.0,
2018-06-22 21:00:00,4.0,570.0,220.0,0.0,610.0,195.0,0.0,570.0,191.0,0.0,582.0,196.0,1.0,611.0,196.0,0.0,606.0,196.0,1.0,604.0,196.0,166.0,166.0,154.0,158.0,474.0,112.0
2018-06-22 22:00:00,1.0,559.0,216.0,0.0,608.0,194.0,,,,0.0,602.0,196.0,1.0,614.0,196.0,0.0,612.0,195.0,0.0,596.0,195.0,159.0,163.0,150.0,158.0,350.0,
2018-06-22 23:00:00,1.0,571.0,208.0,0.0,604.0,194.0,,,,0.0,605.0,196.0,1.0,613.0,196.0,0.0,610.0,195.0,0.0,589.0,194.0,158.0,160.0,155.0,157.0,375.0,
2018-06-23 00:00:00,0.0,581.0,203.0,0.0,601.0,193.0,,,,0.0,603.0,195.0,1.0,604.0,195.0,0.0,611.0,194.0,0.0,583.0,193.0,155.0,158.0,155.0,155.0,363.0,
2018-06-23 01:00:00,1.0,592.0,199.0,0.0,599.0,192.0,,,,0.0,603.0,195.0,1.0,600.0,194.0,0.0,605.0,194.0,0.0,580.0,193.0,155.0,158.0,155.0,155.0,365.0,
2018-06-23 02:00:00,1.0,599.0,196.0,0.0,598.0,191.0,0.0,561.0,187.0,0.0,601.0,194.0,1.0,598.0,194.0,0.0,604.0,193.0,0.0,577.0,192.0,155.0,156.0,155.0,155.0,332.0,
2018-06-23 03:00:00,1.0,606.0,193.0,0.0,596.0,191.0,0.0,556.0,186.0,0.0,594.0,193.0,1.0,599.0,193.0,0.0,599.0,193.0,0.0,574.0,191.0,155.0,155.0,155.0,155.0,344.0,
2018-06-23 04:00:00,5.0,607.0,192.0,2.0,594.0,190.0,0.0,553.0,186.0,0.0,591.0,192.0,1.0,597.0,192.0,0.0,597.0,192.0,2.0,573.0,190.0,155.0,155.0,155.0,154.0,324.0,
2018-06-23 05:00:00,20.0,610.0,191.0,20.0,594.0,190.0,0.0,550.0,185.0,0.0,591.0,192.0,4.0,594.0,191.0,6.0,594.0,191.0,17.0,571.0,189.0,155.0,155.0,154.0,153.0,334.0,
2018-06-23 06:00:00,28.0,613.0,190.0,25.0,594.0,189.0,0.0,550.0,184.0,1.0,589.0,191.0,6.0,595.0,191.0,10.0,594.0,191.0,21.0,572.0,189.0,155.0,154.0,151.0,153.0,396.0,
2018-06-23 07:00:00,63.0,674.0,192.0,72.0,603.0,189.0,15.0,596.0,184.0,3.0,589.0,190.0,9.0,605.0,191.0,16.0,608.0,191.0,60.0,580.0,189.0,373.0,171.0,149.0,235.0,381.0,1904.0
2018-06-23 08:00:00,91.0,610.0,194.0,126.0,604.0,190.0,40.0,608.0,185.0,16.0,583.0,190.0,17.0,606.0,191.0,26.0,609.0,192.0,97.0,588.0,189.0,305.0,195.0,147.0,271.0,376.0,560.0
2018-06-23 09:00:00,102.0,622.0,194.0,137.0,597.0,193.0,29.0,613.0,186.0,37.0,566.0,189.0,15.0,609.0,191.0,34.0,613.0,192.0,113.0,597.0,191.0,308.0,186.0,155.0,256.0,372.0,112.0
2018-06-23 10:00:00,113.0,647.0,195.0,98.0,595.0,194.0,31.0,614.0,187.0,27.0,563.0,189.0,14.0,607.0,192.0,38.0,604.0,193.0,87.0,593.0,193.0,287.0,226.0,165.0,179.0,324.0,3248.0
2018-06-23 11:00:00,112.0,654.0,199.0,88.0,590.0,195.0,35.0,603.0,188.0,23.0,570.0,192.0,20.0,597.0,194.0,43.0,582.0,198.0,83.0,573.0,196.0,237.0,235.0,166.0,168.0,308.0,
2018-06-23 12:00:00,119.0,623.0,199.0,85.0,586.0,195.0,39.0,602.0,189.0,27.0,573.0,193.0,23.0,599.0,194.0,45.0,581.0,198.0,82.0,574.0,196.0,234.0,195.0,156.0,203.0,467.0,560.0
2018-06-23 13:00:00,84.0,600.0,197.0,77.0,594.0,194.0,45.0,615.0,189.0,40.0,619.0,194.0,25.0,605.0,193.0,54.0,585.0,197.0,74.0,587.0,196.0,341.0,191.0,151.0,212.0,944.0,1120.0
2018-06-23 14:00:00,61.0,537.0,196.0,70.0,568.0,194.0,81.0,592.0,190.0,71.0,642.0,198.0,26.0,567.0,193.0,69.0,534.0,197.0,65.0,547.0,196.0,204.0,202.0,148.0,185.0,488.0,
2018-06-23 15:00:00,80.0,539.0,196.0,73.0,566.0,194.0,89.0,583.0,191.0,43.0,575.0,198.0,36.0,568.0,193.0,81.0,539.0,197.0,74.0,544.0,196.0,206.0,181.0,151.0,222.0,503.0,336.0
2018-06-23 16:00:00,73.0,590.0,196.0,78.0,573.0,194.0,86.0,563.0,193.0,106.0,576.0,199.0,41.0,587.0,194.0,117.0,573.0,197.0,81.0,568.0,196.0,279.0,176.0,145.0,227.0,1303.0,2016.0
2018-06-23 17:00:00,74.0,573.0,198.0,60.0,566.0,194.0,0.0,563.0,196.0,105.0,547.0,202.0,91.0,558.0,195.0,180.0,528.0,199.0,77.0,567.0,196.0,329.0,194.0,150.0,228.0,830.0,
2018-06-23 18:00:00,105.0,579.0,201.0,22.0,581.0,194.0,0.0,555.0,198.0,59.0,549.0,203.0,31.0,569.0,195.0,74.0,534.0,198.0,40.0,544.0,196.0,457.0,232.0,138.0,303.0,1110.0,13549.0
2018-06-23 19:00:00,89.0,667.0,211.0,1.0,647.0,196.0,0.0,559.0,196.0,28.0,545.0,207.0,11.0,623.0,198.0,22.0,576.0,206.0,19.0,574.0,201.0,462.0,299.0,154.0,313.0,453.0,
2018-06-23 20:00:00,17.0,612.0,210.0,4.0,644.0,196.0,0.0,572.0,195.0,3.0,549.0,204.0,3.0,610.0,199.0,2.0,564.0,206.0,4.0,577.0,200.0,252.0,236.0,170.0,207.0,288.0,
2018-06-23 21:00:00,12.0,596.0,206.0,4.0,621.0,196.0,0.0,577.0,193.0,0.0,548.0,201.0,1.0,602.0,199.0,0.0,573.0,203.0,2.0,579.0,198.0,202.0,205.0,162.0,184.0,373.0,
2018-06-23 22:00:00,1.0,600.0,203.0,0.0,626.0,195.0,0.0,577.0,193.0,0.0,547.0,199.0,1.0,603.0,199.0,0.0,586.0,201.0,5.0,591.0,198.0,181.0,185.0,164.0,172.0,455.0,
2018-06-23 23:00:00,1.0,598.0,199.0,0.0,629.0,195.0,0.0,575.0,192.0,0.0,544.0,198.0,1.0,602.0,198.0,0.0,591.0,199.0,5.0,594.0,198.0,170.0,173.0,165.0,165.0,499.0,
2018-06-24 00:00:00,0.0,596.0,197.0,0.0,631.0,194.0,0.0,575.0,191.0,0.0,542.0,196.0,1.0,597.0,198.0,0.0,591.0,199.0,5.0,594.0,199.0,165.0,168.0,161.0,163.0,481.0,
2018-06-24 01:00:00,1.0,597.0,196.0,0.0,632.0,194.0,0.0,577.0,191.0,0.0,542.0,195.0,1.0,593.0,197.0,0.0,592.0,198.0,5.0,593.0,199.0,165.0,165.0,160.0,161.0,448.0,
2018-06-24 02:00:00,1.0,600.0,195.0,0.0,639.0,194.0,0.0,578.0,191.0,0.0,540.0,194.0,1.0,595.0,197.0,0.0,593.0,197.0,0.0,578.0,198.0,158.0,164.0,160.0,179.0,322.0,112.0
2018-06-24 03:00:00,3.0,590.0,194.0,0.0,650.0,194.0,,,,0.0,529.0,193.0,1.0,588.0,196.0,0.0,586.0,196.0,0.0,562.0,195.0,160.0,164.0,160.0,165.0,284.0,
2018-06-24 04:00:00,18.0,583.0,193.0,0.0,657.0,195.0,,,,7.0,522.0,191.0,4.0,582.0,195.0,5.0,578.0,196.0,0.0,557.0,194.0,160.0,163.0,160.0,161.0,320.0,
2018-06-24 05:00:00,36.0,581.0,193.0,0.0,665.0,196.0,,,,13.0,519.0,190.0,9.0,580.0,195.0,12.0,580.0,195.0,2.0,554.0,193.0,160.0,161.0,160.0,159.0,291.0,
2018-06-24 06:00:00,66.0,593.0,193.0,4.0,661.0,203.0,,,,19.0,521.0,189.0,16.0,584.0,195.0,15.0,582.0,195.0,6.0,572.0,195.0,160.0,160.0,159.0,158.0,352.0,
2018-06-24 07:00:00,93.0,586.0,193.0,10.0,598.0,211.0,8.0,587.0,189.0,25.0,530.0,189.0,11.0,585.0,195.0,21.0,576.0,194.0,31.0,553.0,198.0,159.0,159.0,141.0,144.0,656.0,
2018-06-24 08:00:00,100.0,721.0,198.0,252.0,540.0,213.0,27.0,604.0,191.0,28.0,566.0,190.0,15.0,609.0,198.0,22.0,612.0,202.0,189.0,559.0,201.0,446.0,198.0,143.0,273.0,2216.0,4255.0
2018-06-24 09:00:00,91.0,594.0,201.0,159.0,527.0,212.0,31.0,654.0,196.0,26.0,614.0,194.0,15.0,623.0,201.0,25.0,597.0,229.0,125.0,569.0,203.0,350.0,202.0,149.0,232.0,580.0,2016.0
2018-06-24 10:00:00,107.0,550.0,201.0,97.0,512.0,209.0,31.0,577.0,194.0,27.0,594.0,195.0,14.0,583.0,201.0,27.0,526.0,220.0,66.0,548.0,203.0,504.0,211.0,144.0,286.0,514.0,1119.0
2018-06-24 11:00:00,68.0,541.0,200.0,74.0,519.0,207.0,32.0,578.0,194.0,38.0,622.0,197.0,12.0,583.0,199.0,30.0,537.0,212.0,46.0,545.0,201.0,306.0,203.0,151.0,230.0,1889.0,
2018-06-24 12:00:00,58.0,514.0,199.0,89.0,522.0,206.0,42.0,569.0,194.0,54.0,569.0,198.0,12.0,567.0,199.0,33.0,539.0,209.0,61.0,551.0,201.0,211.0,194.0,161.0,181.0,695.0,112.0
2018-06-24 13:00:00,56.0,497.0,199.0,125.0,519.0,205.0,80.0,521.0,195.0,100.0,526.0,199.0,19.0,558.0,199.0,43.0,535.0,207.0,89.0,565.0,202.0,180.0,183.0,164.0,171.0,455.0,
2018-06-24 14:00:00,57.0,496.0,201.0,177.0,513.0,205.0,101.0,490.0,200.0,148.0,515.0,203.0,25.0,555.0,199.0,55.0,534.0,206.0,100.0,575.0,202.0,169.0,175.0,157.0,175.0,453.0,112.0
2018-06-24 15:00:00,41.0,463.0,204.0,187.0,485.0,205.0,3.0,474.0,205.0,268.0,497.0,209.0,38.0,506.0,204.0,91.0,466.0,210.0,123.0,511.0,204.0,181.0,174.0,148.0,210.0,569.0,336.0
2018-06-24 16:00:00,38.0,443.0,208.0,113.0,451.0,207.0,3.0,453.0,209.0,224.0,464.0,215.0,67.0,459.0,212.0,192.0,422.0,219.0,197.0,481.0,207.0,309.0,177.0,148.0,285.0,511.0,895.0
2018-06-24 17:00:00,90.0,568.0,211.0,91.0,503.0,210.0,3.0,436.0,215.0,142.0,471.0,219.0,155.0,523.0,213.0,262.0,470.0,225.0,176.0,549.0,209.0,432.0,209.0,145.0,286.0,488.0,6831.0
2018-06-24 18:00:00,121.0,505.0,218.0,28.0,498.0,211.0,2.0,442.0,218.0,101.0,475.0,222.0,49.0,511.0,212.0,147.0,456.0,224.0,112.0,536.0,211.0,333.0,236.0,152.0,240.0,688.0,112.0
2018-06-24 19:00:00,72.0,523.0,217.0,0.0,522.0,211.0,0.0,455.0,219.0,58.0,499.0,221.0,21.0,534.0,212.0,47.0,496.0,222.0,82.0,543.0,212.0,261.0,206.0,145.0,214.0,1038.0,
2018-06-24 20:00:00,46.0,510.0,214.0,0.0,522.0,210.0,0.0,446.0,216.0,6.0,485.0,219.0,4.0,522.0,210.0,1.0,480.0,219.0,18.0,523.0,211.0,353.0,214.0,143.0,236.0,849.0,2687.0
2018-06-24 21:00:00,51.0,698.0,219.0,0.0,537.0,208.0,0.0,481.0,212.0,0.0,480.0,216.0,2.0,530.0,210.0,0.0,483.0,220.0,0.0,500.0,212.0,532.0,254.0,148.0,327.0,1941.0,3920.0
2018-06-24 22:00:00,49.0,769.0,224.0,0.0,555.0,207.0,0.0,506.0,209.0,0.0,503.0,214.0,1.0,549.0,211.0,0.0,503.0,221.0,0.0,519.0,211.0,326.0,235.0,169.0,224.0,355.0,784.0
2018-06-24 23:00:00,5.0,625.0,223.0,0.0,567.0,207.0,0.0,507.0,208.0,0.0,557.0,213.0,1.0,594.0,211.0,0.0,547.0,220.0,4.0,551.0,211.0,340.0,222.0,166.0,245.0,353.0,224.0
2018-06-25 00:00:00,0.0,566.0,218.0,0.0,582.0,208.0,0.0,510.0,207.0,0.0,536.0,213.0,0.0,577.0,211.0,0.0,538.0,218.0,0.0,539.0,209.0,245.0,209.0,180.0,192.0,246.0,
2018-06-25 01:00:00,0.0,558.0,214.0,0.0,578.0,209.0,0.0,511.0,206.0,0.0,528.0,212.0,0.0,565.0,211.0,0.0,536.0,217.0,0.0,524.0,207.0,204.0,195.0,178.0,179.0,285.0,
2018-06-25 02:00:00,0.0,554.0,211.0,0.0,574.0,209.0,0.0,511.0,206.0,0.0,524.0,211.0,0.0,557.0,210.0,0.0,528.0,215.0,0.0,518.0,206.0,185.0,184.0,175.0,174.0,269.0,
2018-06-25 03:00:00,3.0,553.0,209.0,0.0,572.0,208.0,0.0,512.0,206.0,0.0,524.0,210.0,0.0,555.0,209.0,0.0,535.0,214.0,4.0,518.0,205.0,178.0,178.0,171.0,172.0,271.0,
2018-06-25 04:00:00,13.0,557.0,208.0,0.0,576.0,208.0,0.0,516.0,205.0,5.0,526.0,209.0,2.0,555.0,209.0,3.0,535.0,213.0,21.0,527.0,204.0,175.0,174.0,170.0,170.0,260.0,
2018-06-25 05:00:00,42.0,577.0,207.0,2.0,580.0,209.0,0.0,520.0,205.0,11.0,529.0,208.0,9.0,558.0,208.0,12.0,543.0,212.0,243.0,535.0,204.0,195.0,173.0,167.0,182.0,315.0,2687.0
2018-06-25 06:00:00,71.0,799.0,216.0,5.0,557.0,216.0,3.0,539.0,204.0,16.0,572.0,209.0,12.0,603.0,209.0,14.0,569.0,213.0,594.0,547.0,212.0,511.0,244.0,145.0,304.0,479.0,4032.0
2018-06-25 07:00:00,79.0,568.0,213.0,10.0,523.0,219.0,10.0,556.0,205.0,24.0,543.0,208.0,13.0,569.0,209.0,15.0,545.0,213.0,491.0,538.0,219.0,256.0,219.0,167.0,216.0,296.0,
2018-06-25 08:00:00,78.0,562.0,212.0,11.0,510.0,221.0,10.0,553.0,205.0,28.0,534.0,207.0,9.0,570.0,210.0,17.0,552.0,213.0,422.0,541.0,221.0,206.0,198.0,175.0,181.0,253.0,
2018-06-25 09:00:00,77.0,553.0,210.0,8.0,492.0,221.0,10.0,538.0,205.0,30.0,518.0,206.0,9.0,559.0,209.0,21.0,546.0,212.0,345.0,532.0,223.0,188.0,186.0,173.0,174.0,232.0,
2018-06-25 10:00:00,77.0,547.0,209.0,1.0,479.0,218.0,11.0,523.0,205.0,30.0,502.0,206.0,9.0,551.0,209.0,26.0,539.0,212.0,176.0,521.0,221.0,178.0,179.0,170.0,171.0,275.0,
2018-06-25 11:00:00,74.0,543.0,209.0,5.0,474.0,216.0,13.0,515.0,205.0,30.0,490.0,206.0,10.0,548.0,209.0,29.0,530.0,211.0,114.0,519.0,219.0,175.0,174.0,170.0,170.0,249.0,
2018-06-25 12:00:00,86.0,559.0,209.0,75.0,453.0,215.0,23.0,513.0,205.0,39.0,498.0,206.0,15.0,547.0,209.0,31.0,544.0,211.0,84.0,506.0,216.0,172.0,173.0,170.0,169.0,254.0,
2018-06-25 13:00:00,82.0,548.0,210.0,78.0,472.0,215.0,66.0,445.0,208.0,91.0,482.0,209.0,20.0,539.0,210.0,41.0,537.0,211.0,107.0,507.0,215.0,170.0,170.0,167.0,167.0,351.0,
2018-06-25 14:00:00,67.0,535.0,211.0,77.0,475.0,215.0,115.0,455.0,212.0,150.0,496.0,212.0,25.0,536.0,210.0,52.0,536.0,212.0,123.0,512.0,216.0,170.0,170.0,166.0,168.0,323.0,
2018-06-25 15:00:00,53.0,543.0,212.0,131.0,491.0,216.0,149.0,436.0,217.0,212.0,501.0,217.0,30.0,542.0,212.0,56.0,535.0,214.0,133.0,518.0,216.0,170.0,170.0,170.0,168.0,314.0,
2018-06-25 16:00:00,65.0,541.0,214.0,88.0,464.0,217.0,169.0,429.0,219.0,191.0,433.0,225.0,40.0,485.0,216.0,95.0,458.0,219.0,124.0,488.0,217.0,320.0,182.0,158.0,209.0,912.0,2905.0
2018-06-25 17:00:00,62.0,491.0,221.0,4.0,429.0,219.0,11.0,440.0,221.0,73.0,423.0,226.0,42.0,439.0,224.0,81.0,388.0,237.0,80.0,453.0,219.0,336.0,218.0,155.0,231.0,1256.0,112.0
2018-06-25 18:00:00,66.0,518.0,221.0,0.0,496.0,218.0,0.0,484.0,220.0,44.0,477.0,224.0,21.0,509.0,221.0,48.0,456.0,235.0,43.0,506.0,219.0,238.0,207.0,161.0,192.0,373.0,112.0
2018-06-25 19:00:00,29.0,527.0,219.0,5.0,512.0,216.0,0.0,508.0,217.0,14.0,488.0,220.0,8.0,526.0,217.0,12.0,483.0,225.0,17.0,512.0,219.0,203.0,193.0,162.0,218.0,316.0,
2018-06-25 20:00:00,7.0,538.0,217.0,9.0,522.0,216.0,0.0,522.0,216.0,2.0,500.0,218.0,2.0,535.0,216.0,1.0,502.0,222.0,5.0,518.0,218.0,194.0,185.0,164.0,181.0,290.0,
2018-06-25 21:00:00,9.0,585.0,215.0,1.0,528.0,215.0,0.0,532.0,215.0,0.0,506.0,217.0,0.0,543.0,215.0,1.0,518.0,221.0,0.0,512.0,217.0,235.0,182.0,164.0,198.0,521.0,3584.0
2018-06-25 22:00:00,6.0,639.0,220.0,0.0,536.0,213.0,0.0,540.0,214.0,0.0,552.0,216.0,1.0,592.0,215.0,0.0,546.0,222.0,0.0,535.0,217.0,437.0,223.0,151.0,271.0,1375.0,
2018-06-25 23:00:00,0.0,598.0,220.0,0.0,546.0,212.0,0.0,550.0,214.0,0.0,553.0,215.0,0.0,583.0,216.0,0.0,548.0,223.0,0.0,541.0,217.0,254.0,211.0,165.0,192.0,980.0,
2018-06-26 00:00:00,0.0,603.0,216.0,0.0,551.0,211.0,0.0,557.0,214.0,0.0,550.0,215.0,0.0,573.0,215.0,0.0,539.0,222.0,0.0,543.0,217.0,208.0,196.0,175.0,179.0,318.0,
2018-06-26 01:00:00,1.0,599.0,214.0,0.0,557.0,210.0,0.0,563.0,213.0,0.0,547.0,214.0,0.0,570.0,215.0,0.0,539.0,221.0,0.0,542.0,216.0,190.0,186.0,175.0,176.0,270.0,
2018-06-26 02:00:00,0.0,596.0,213.0,0.0,566.0,209.0,0.0,565.0,213.0,0.0,546.0,213.0,0.0,568.0,214.0,0.0,539.0,220.0,0.0,539.0,214.0,181.0,180.0,175.0,173.0,198.0,
2018-06-26 03:00:00,1.0,592.0,212.0,0.0,574.0,208.0,0.0,568.0,212.0,0.0,546.0,212.0,0.0,567.0,213.0,0.0,540.0,219.0,0.0,540.0,213.0,177.0,176.0,172.0,173.0,201.0,
2018-06-26 04:00:00,6.0,591.0,211.0,0.0,575.0,208.0,0.0,571.0,212.0,1.0,545.0,211.0,0.0,567.0,212.0,0.0,540.0,218.0,4.0,541.0,212.0,175.0,173.0,170.0,171.0,202.0,
2018-06-26 05:00:00,22.0,595.0,210.0,0.0,581.0,208.0,0.0,573.0,211.0,5.0,545.0,211.0,1.0,568.0,212.0,4.0,541.0,217.0,13.0,541.0,210.0,182.0,172.0,168.0,176.0,183.0,1792.0
2018-06-26 06:00:00,44.0,712.0,218.0,0.0,582.0,208.0,3.0,597.0,211.0,11.0,561.0,210.0,4.0,590.0,212.0,12.0,560.0,218.0,32.0,558.0,210.0,449.0,230.0,155.0,304.0,329.0,3808.0
2018-06-26 07:00:00,50.0,596.0,217.0,22.0,587.0,208.0,8.0,565.0,210.0,15.0,558.0,211.0,8.0,579.0,211.0,18.0,553.0,218.0,59.0,558.0,211.0,267.0,216.0,178.0,203.0,240.0,
2018-06-26 08:00:00,99.0,598.0,214.0,205.0,579.0,210.0,12.0,569.0,210.0,32.0,562.0,210.0,23.0,582.0,212.0,31.0,556.0,218.0,239.0,559.0,212.0,215.0,199.0,177.0,180.0,178.0,
2018-06-26 09:00:00,95.0,597.0,213.0,145.0,568.0,213.0,13.0,576.0,210.0,34.0,568.0,210.0,21.0,582.0,212.0,33.0,561.0,217.0,195.0,559.0,213.0,192.0,187.0,175.0,175.0,181.0,
2018-06-26 10:00:00,98.0,596.0,212.0,106.0,565.0,215.0,17.0,576.0,210.0,36.0,570.0,211.0,22.0,583.0,212.0,40.0,564.0,216.0,134.0,558.0,214.0,182.0,180.0,173.0,173.0,188.0,
2018-06-26 11:00:00,99.0,596.0,212.0,87.0,563.0,215.0,20.0,576.0,210.0,39.0,571.0,211.0,24.0,586.0,212.0,45.0,562.0,216.0,113.0,558.0,214.0,176.0,175.0,170.0,172.0,216.0,
2018-06-26 12:00:00,102.0,600.0,212.0,84.0,566.0,215.0,25.0,577.0,210.0,45.0,573.0,211.0,26.0,590.0,212.0,51.0,562.0,217.0,117.0,561.0,214.0,175.0,173.0,170.0,170.0,199.0,
2018-06-26 13:00:00,97.0,600.0,213.0,90.0,566.0,215.0,30.0,578.0,211.0,53.0,574.0,212.0,28.0,592.0,212.0,52.0,564.0,217.0,118.0,561.0,215.0,173.0,173.0,170.0,170.0,187.0,
2018-06-26 14:00:00,92.0,597.0,213.0,70.0,550.0,215.0,35.0,571.0,212.0,58.0,570.0,213.0,28.0,590.0,213.0,52.0,563.0,218.0,112.0,548.0,215.0,170.0,172.0,170.0,170.0,196.0,
2018-06-26 15:00:00,83.0,596.0,213.0,85.0,562.0,215.0,52.0,570.0,213.0,82.0,568.0,215.0,32.0,588.0,213.0,59.0,560.0,218.0,118.0,557.0,215.0,170.0,172.0,170.0,170.0,174.0,
2018-06-26 16:00:00,62.0,610.0,214.0,71.0,585.0,215.0,55.0,574.0,215.0,69.0,573.0,217.0,31.0,600.0,214.0,73.0,585.0,219.0,95.0,574.0,215.0,170.0,172.0,170.0,170.0,1209.0,
2018-06-26 17:00:00,44.0,624.0,215.0,36.0,597.0,215.0,4.0,592.0,215.0,19.0,572.0,217.0,17.0,604.0,216.0,31.0,575.0,228.0,51.0,578.0,215.0,410.0,187.0,158.0,305.0,1501.0,1568.0
2018-06-26 18:00:00,60.0,617.0,219.0,20.0,599.0,217.0,0.0,600.0,215.0,34.0,583.0,217.0,21.0,599.0,219.0,47.0,536.0,240.0,69.0,590.0,215.0,287.0,202.0,174.0,214.0,569.0,
2018-06-26 19:00:00,54.0,632.0,220.0,9.0,597.0,216.0,0.0,600.0,215.0,23.0,580.0,217.0,19.0,597.0,219.0,24.0,537.0,237.0,40.0,590.0,216.0,376.0,219.0,150.0,276.0,304.0,8174.0
2018-06-26 20:00:00,58.0,893.0,234.0,2.0,617.0,216.0,0.0,598.0,216.0,4.0,589.0,218.0,2.0,613.0,219.0,3.0,542.0,238.0,10.0,581.0,220.0,542.0,305.0,157.0,366.0,265.0,4699.0
2018-06-26 21:00:00,3.0,726.0,236.0,3.0,662.0,217.0,0.0,607.0,216.0,0.0,629.0,220.0,0.0,662.0,221.0,0.0,591.0,237.0,3.0,592.0,222.0,468.0,271.0,154.0,289.0,411.0,1792.0
2018-06-26 22:00:00,0.0,652.0,229.0,0.0,621.0,215.0,0.0,604.0,215.0,0.0,606.0,219.0,0.0,635.0,220.0,0.0,579.0,235.0,5.0,586.0,221.0,284.0,243.0,186.0,210.0,312.0,
2018-06-26 23:00:00,3.0,637.0,224.0,0.0,617.0,215.0,0.0,603.0,215.0,0.0,597.0,218.0,0.0,617.0,220.0,0.0,569.0,231.0,1.0,574.0,220.0,224.0,214.0,185.0,188.0,221.0,
2018-06-27 00:00:00,0.0,633.0,221.0,0.0,621.0,215.0,0.0,602.0,215.0,0.0,590.0,217.0,0.0,609.0,219.0,0.0,566.0,228.0,0.0,563.0,217.0,198.0,196.0,181.0,181.0,278.0,
2018-06-27 01:00:00,0.0,625.0,218.0,0.0,619.0,215.0,0.0,601.0,215.0,0.0,585.0,216.0,0.0,604.0,218.0,0.0,568.0,226.0,0.0,559.0,215.0,187.0,187.0,179.0,178.0,273.0,
2018-06-27 02:00:00,0.0,620.0,217.0,0.0,616.0,215.0,0.0,599.0,214.0,0.0,582.0,215.0,0.0,600.0,218.0,0.0,570.0,224.0,0.0,556.0,213.0,181.0,181.0,175.0,176.0,288.0,
2018-06-27 03:00:00,1.0,617.0,215.0,0.0,613.0,214.0,0.0,598.0,214.0,0.0,579.0,214.0,0.0,598.0,217.0,0.0,569.0,223.0,0.0,554.0,211.0,179.0,178.0,175.0,175.0,257.0,
2018-06-27 04:00:00,3.0,613.0,214.0,0.0,614.0,214.0,0.0,598.0,213.0,1.0,577.0,213.0,0.0,595.0,216.0,0.0,569.0,222.0,3.0,553.0,210.0,175.0,175.0,175.0,173.0,229.0,
2018-06-27 05:00:00,9.0,610.0,213.0,0.0,614.0,213.0,0.0,599.0,213.0,4.0,576.0,213.0,0.0,593.0,216.0,2.0,568.0,221.0,12.0,553.0,209.0,175.0,173.0,172.0,173.0,258.0,
2018-06-27 06:00:00,32.0,629.0,213.0,0.0,622.0,213.0,0.0,602.0,212.0,10.0,574.0,212.0,2.0,594.0,215.0,6.0,572.0,220.0,27.0,554.0,208.0,228.0,174.0,165.0,192.0,216.0,1232.0
2018-06-27 07:00:00,59.0,668.0,215.0,32.0,602.0,212.0,9.0,596.0,212.0,21.0,584.0,212.0,7.0,602.0,213.0,16.0,581.0,219.0,61.0,562.0,208.0,417.0,222.0,154.0,265.0,228.0,1792.0
2018-06-27 08:00:00,86.0,628.0,215.0,175.0,595.0,213.0,12.0,591.0,211.0,44.0,585.0,212.0,14.0,598.0,213.0,25.0,575.0,218.0,267.0,567.0,210.0,241.0,212.0,174.0,188.0,159.0,
2018-06-27 09:00:00,81.0,622.0,214.0,148.0,584.0,217.0,10.0,599.0,211.0,54.0,586.0,212.0,10.0,599.0,214.0,23.0,577.0,218.0,259.0,572.0,214.0,201.0,194.0,175.0,177.0,179.0,
2018-06-27 10:00:00,79.0,623.0,213.0,95.0,579.0,217.0,10.0,600.0,211.0,49.0,587.0,211.0,9.0,599.0,214.0,27.0,580.0,218.0,142.0,568.0,215.0,186.0,184.0,175.0,174.0,215.0,
2018-06-27 11:00:00,72.0,628.0,212.0,72.0,580.0,216.0,11.0,600.0,211.0,43.0,590.0,211.0,8.0,600.0,213.0,30.0,583.0,217.0,100.0,569.0,214.0,179.0,178.0,171.0,173.0,273.0,
2018-06-27 12:00:00,61.0,622.0,212.0,79.0,575.0,215.0,18.0,597.0,210.0,58.0,591.0,211.0,9.0,594.0,213.0,34.0,578.0,217.0,129.0,562.0,214.0,175.0,174.0,170.0,171.0,259.0,
2018-06-27 13:00:00,59.0,623.0,212.0,94.0,574.0,215.0,50.0,593.0,211.0,112.0,592.0,212.0,11.0,591.0,213.0,44.0,573.0,217.0,169.0,560.0,214.0,174.0,173.0,170.0,170.0,221.0,
2018-06-27 14:00:00,59.0,624.0,212.0,131.0,583.0,215.0,100.0,589.0,214.0,190.0,594.0,217.0,15.0,598.0,214.0,58.0,578.0,217.0,200.0,569.0,214.0,172.0,173.0,170.0,170.0,256.0,
2018-06-27 15:00:00,49.0,628.0,213.0,100.0,594.0,215.0,116.0,588.0,217.0,242.0,593.0,222.0,18.0,606.0,214.0,67.0,585.0,219.0,193.0,581.0,214.0,172.0,174.0,174.0,172.0,225.0,
2018-06-27 16:00:00,57.0,646.0,214.0,106.0,612.0,215.0,146.0,588.0,220.0,211.0,594.0,227.0,38.0,625.0,215.0,145.0,605.0,221.0,186.0,593.0,214.0,317.0,192.0,162.0,262.0,1254.0,2799.0
2018-06-27 17:00:00,73.0,674.0,220.0,85.0,628.0,218.0,128.0,597.0,224.0,103.0,596.0,229.0,107.0,637.0,221.0,224.0,600.0,233.0,103.0,613.0,216.0,448.0,232.0,155.0,265.0,574.0,3024.0
2018-06-27 18:00:00,107.0,663.0,227.0,49.0,634.0,220.0,6.0,600.0,227.0,72.0,591.0,231.0,41.0,641.0,225.0,125.0,609.0,241.0,70.0,624.0,219.0,321.0,233.0,162.0,219.0,2225.0,
2018-06-27 19:00:00,59.0,613.0,228.0,25.0,616.0,220.0,0.0,598.0,229.0,42.0,582.0,230.0,19.0,605.0,225.0,31.0,532.0,243.0,39.0,620.0,220.0,231.0,212.0,157.0,188.0,421.0,
2018-06-27 20:00:00,23.0,618.0,224.0,3.0,605.0,219.0,0.0,603.0,227.0,4.0,567.0,227.0,2.0,597.0,222.0,3.0,543.0,236.0,10.0,599.0,219.0,299.0,201.0,151.0,223.0,1229.0,336.0
2018-06-27 21:00:00,21.0,684.0,222.0,4.0,601.0,217.0,0.0,605.0,224.0,0.0,573.0,224.0,0.0,623.0,220.0,0.0,576.0,231.0,2.0,592.0,218.0,386.0,201.0,145.0,260.0,759.0,1567.0
2018-06-27 22:00:00,3.0,661.0,223.0,0.0,596.0,216.0,0.0,607.0,223.0,0.0,597.0,224.0,0.0,635.0,221.0,0.0,599.0,230.0,5.0,603.0,219.0,276.0,204.0,173.0,232.0,320.0,
2018-06-27 23:00:00,0.0,637.0,221.0,0.0,603.0,215.0,0.0,598.0,222.0,0.0,598.0,223.0,0.0,620.0,220.0,0.0,590.0,229.0,5.0,600.0,220.0,213.0,197.0,179.0,189.0,376.0,
2018-06-28 00:00:00,0.0,638.0,219.0,0.0,602.0,214.0,0.0,593.0,221.0,0.0,594.0,222.0,0.0,613.0,219.0,0.0,584.0,228.0,5.0,595.0,220.0,195.0,190.0,174.0,179.0,368.0,
2018-06-28 01:00:00,1.0,638.0,218.0,0.0,606.0,213.0,0.0,589.0,220.0,0.0,589.0,221.0,0.0,607.0,219.0,0.0,578.0,227.0,1.0,589.0,219.0,186.0,183.0,175.0,178.0,297.0,
2018-06-28 02:00:00,0.0,627.0,217.0,0.0,610.0,214.0,0.0,586.0,220.0,0.0,582.0,220.0,0.0,600.0,218.0,0.0,573.0,226.0,0.0,579.0,218.0,180.0,179.0,175.0,175.0,176.0,
2018-06-28 03:00:00,2.0,617.0,215.0,0.0,611.0,213.0,0.0,580.0,219.0,0.0,575.0,218.0,0.0,593.0,217.0,0.0,567.0,225.0,0.0,575.0,216.0,179.0,177.0,175.0,175.0,204.0,
2018-06-28 04:00:00,15.0,613.0,214.0,0.0,609.0,213.0,0.0,577.0,218.0,4.0,572.0,218.0,2.0,588.0,216.0,3.0,561.0,224.0,0.0,572.0,215.0,175.0,175.0,175.0,174.0,176.0,
2018-06-28 05:00:00,36.0,612.0,214.0,2.0,615.0,214.0,0.0,580.0,217.0,10.0,573.0,217.0,9.0,589.0,216.0,12.0,564.0,224.0,2.0,575.0,215.0,175.0,174.0,175.0,173.0,232.0,
2018-06-28 06:00:00,60.0,621.0,214.0,5.0,620.0,222.0,0.0,589.0,217.0,16.0,580.0,216.0,11.0,601.0,216.0,14.0,570.0,223.0,5.0,594.0,217.0,175.0,173.0,174.0,173.0,235.0,
2018-06-28 07:00:00,109.0,766.0,219.0,139.0,594.0,229.0,5.0,613.0,217.0,22.0,605.0,217.0,10.0,623.0,218.0,16.0,601.0,223.0,87.0,589.0,222.0,358.0,206.0,150.0,261.0,423.0,5936.0
2018-06-28 08:00:00,87.0,714.0,228.0,881.0,585.0,233.0,6.0,628.0,219.0,30.0,623.0,219.0,22.0,666.0,220.0,19.0,636.0,227.0,200.0,598.0,227.0,396.0,247.0,157.0,270.0,604.0,896.0
2018-06-28 09:00:00,77.0,669.0,236.0,360.0,587.0,235.0,7.0,631.0,221.0,31.0,633.0,221.0,16.0,659.0,222.0,21.0,642.0,228.0,152.0,597.0,229.0,260.0,224.0,181.0,200.0,382.0,
2018-06-28 10:00:00,77.0,634.0,239.0,132.0,587.0,233.0,7.0,631.0,221.0,29.0,632.0,221.0,13.0,644.0,222.0,27.0,633.0,227.0,80.0,595.0,229.0,213.0,204.0,177.0,185.0,633.0,
2018-06-28 11:00:00,69.0,616.0,239.0,98.0,586.0,232.0,8.0,630.0,221.0,28.0,627.0,222.0,12.0,640.0,223.0,31.0,627.0,227.0,54.0,597.0,228.0,195.0,192.0,159.0,179.0,566.0,
2018-06-28 12:00:00,71.0,607.0,236.0,91.0,579.0,232.0,12.0,624.0,222.0,44.0,619.0,223.0,15.0,621.0,226.0,50.0,592.0,234.0,64.0,593.0,229.0,184.0,186.0,141.0,184.0,817.0,
2018-06-28 13:00:00,59.0,597.0,233.0,95.0,569.0,232.0,0.0,625.0,223.0,123.0,611.0,225.0,13.0,609.0,227.0,47.0,578.0,235.0,82.0,586.0,229.0,183.0,183.0,152.0,184.0,439.0,
2018-06-28 14:00:00,52.0,610.0,233.0,88.0,574.0,232.0,25.0,624.0,229.0,121.0,609.0,229.0,26.0,618.0,228.0,76.0,586.0,238.0,94.0,584.0,230.0,444.0,196.0,156.0,289.0,285.0,895.0
2018-06-28 15:00:00,44.0,633.0,233.0,123.0,584.0,233.0,106.0,617.0,231.0,188.0,607.0,233.0,28.0,628.0,230.0,69.0,596.0,240.0,104.0,591.0,230.0,342.0,212.0,154.0,263.0,1400.0,448.0
2018-06-28 16:00:00,40.0,614.0,234.0,91.0,564.0,235.0,130.0,610.0,234.0,200.0,589.0,238.0,53.0,608.0,232.0,221.0,571.0,241.0,105.0,590.0,231.0,275.0,214.0,152.0,218.0,1154.0,
2018-06-28 17:00:00,68.0,573.0,236.0,75.0,521.0,236.0,21.0,557.0,242.0,119.0,547.0,243.0,132.0,582.0,236.0,293.0,563.0,245.0,102.0,562.0,232.0,224.0,206.0,167.0,192.0,1889.0,112.0
2018-06-28 18:00:00,114.0,567.0,239.0,48.0,522.0,237.0,1.0,566.0,243.0,80.0,527.0,245.0,46.0,566.0,239.0,130.0,496.0,262.0,70.0,555.0,233.0,347.0,202.0,172.0,254.0,1083.0,560.0
2018-06-28 19:00:00,80.0,552.0,240.0,32.0,541.0,237.0,0.0,562.0,242.0,46.0,532.0,243.0,18.0,559.0,240.0,41.0,479.0,263.0,33.0,567.0,235.0,402.0,214.0,164.0,284.0,1364.0,1456.0
2018-06-28 20:00:00,8.0,538.0,236.0,6.0,525.0,233.0,0.0,556.0,239.0,4.0,501.0,238.0,4.0,542.0,235.0,2.0,467.0,257.0,5.0,535.0,234.0,347.0,226.0,172.0,266.0,576.0,
2018-06-28 21:00:00,25.0,551.0,233.0,0.0,527.0,231.0,0.0,549.0,236.0,0.0,509.0,233.0,4.0,545.0,232.0,0.0,480.0,249.0,3.0,523.0,233.0,399.0,219.0,166.0,289.0,337.0,896.0
2018-06-28 22:00:00,1.0,566.0,232.0,0.0,541.0,230.0,0.0,554.0,235.0,0.0,541.0,233.0,1.0,557.0,231.0,0.0,509.0,244.0,0.0,527.0,232.0,300.0,220.0,182.0,229.0,315.0,
2018-06-28 23:00:00,1.0,573.0,231.0,0.0,551.0,229.0,0.0,561.0,234.0,0.0,556.0,233.0,1.0,564.0,231.0,0.0,523.0,244.0,0.0,537.0,231.0,229.0,211.0,190.0,197.0,310.0,
2018-06-29 00:00:00,1.0,578.0,229.0,0.0,555.0,228.0,0.0,566.0,233.0,0.0,566.0,233.0,1.0,567.0,231.0,0.0,526.0,243.0,0.0,543.0,229.0,205.0,201.0,190.0,189.0,305.0,
2018-06-29 01:00:00,1.0,583.0,228.0,0.0,559.0,227.0,0.0,567.0,232.0,0.0,570.0,233.0,1.0,569.0,230.0,0.0,530.0,242.0,0.0,547.0,228.0,196.0,195.0,186.0,187.0,264.0,
2018-06-29 02:00:00,1.0,588.0,227.0,0.0,560.0,226.0,0.0,565.0,231.0,0.0,572.0,232.0,1.0,570.0,229.0,0.0,533.0,240.0,0.0,549.0,227.0,190.0,191.0,185.0,185.0,310.0,
2018-06-29 03:00:00,2.0,587.0,226.0,2.0,557.0,225.0,0.0,565.0,231.0,0.0,574.0,232.0,1.0,568.0,228.0,0.0,531.0,239.0,2.0,548.0,226.0,190.0,189.0,185.0,185.0,266.0,
2018-06-29 04:00:00,10.0,584.0,225.0,22.0,556.0,224.0,0.0,566.0,230.0,0.0,574.0,231.0,3.0,566.0,227.0,1.0,531.0,238.0,14.0,547.0,225.0,185.0,188.0,185.0,183.0,296.0,
2018-06-29 05:00:00,16.0,580.0,224.0,31.0,552.0,223.0,0.0,567.0,229.0,1.0,569.0,230.0,3.0,564.0,226.0,4.0,528.0,237.0,18.0,543.0,224.0,185.0,185.0,184.0,183.0,294.0,
2018-06-29 06:00:00,52.0,680.0,224.0,71.0,555.0,222.0,3.0,569.0,229.0,2.0,569.0,229.0,6.0,570.0,226.0,9.0,529.0,236.0,40.0,542.0,224.0,347.0,198.0,164.0,252.0,404.0,3024.0
2018-06-29 07:00:00,92.0,612.0,225.0,111.0,565.0,223.0,14.0,556.0,227.0,2.0,552.0,228.0,12.0,575.0,225.0,19.0,535.0,236.0,56.0,546.0,223.0,266.0,230.0,157.0,221.0,976.0,
2018-06-29 08:00:00,77.0,683.0,227.0,96.0,582.0,222.0,18.0,577.0,226.0,10.0,556.0,227.0,8.0,588.0,225.0,21.0,546.0,235.0,57.0,551.0,223.0,408.0,233.0,158.0,287.0,1321.0,2912.0
2018-06-29 09:00:00,59.0,662.0,232.0,98.0,596.0,223.0,17.0,591.0,226.0,25.0,565.0,227.0,13.0,599.0,226.0,22.0,558.0,236.0,59.0,564.0,224.0,310.0,219.0,176.0,230.0,453.0,
2018-06-29 10:00:00,64.0,615.0,232.0,90.0,588.0,224.0,16.0,576.0,226.0,27.0,567.0,227.0,16.0,589.0,226.0,25.0,551.0,236.0,61.0,563.0,224.0,241.0,211.0,184.0,195.0,289.0,
2018-06-29 11:00:00,75.0,601.0,230.0,98.0,580.0,223.0,18.0,573.0,225.0,31.0,565.0,227.0,18.0,585.0,225.0,30.0,547.0,235.0,72.0,562.0,223.0,210.0,201.0,186.0,188.0,258.0,
2018-06-29 12:00:00,80.0,598.0,227.0,105.0,576.0,223.0,20.0,570.0,225.0,35.0,563.0,226.0,20.0,583.0,224.0,33.0,547.0,234.0,79.0,562.0,223.0,197.0,195.0,182.0,185.0,301.0,
2018-06-29 13:00:00,92.0,599.0,225.0,131.0,574.0,223.0,32.0,562.0,224.0,53.0,559.0,225.0,27.0,584.0,224.0,46.0,551.0,233.0,101.0,560.0,222.0,190.0,190.0,177.0,183.0,340.0,
2018-06-29 14:00:00,80.0,603.0,222.0,109.0,571.0,222.0,84.0,564.0,225.0,121.0,566.0,226.0,42.0,584.0,224.0,102.0,552.0,232.0,132.0,563.0,221.0,185.0,188.0,179.0,183.0,324.0,
2018-06-29 15:00:00,75.0,630.0,204.0,87.0,569.0,221.0,67.0,555.0,228.0,92.0,555.0,228.0,39.0,578.0,223.0,86.0,545.0,231.0,101.0,563.0,220.0,184.0,188.0,170.0,182.0,290.0,
2018-06-29 16:00:00,56.0,664.0,193.0,62.0,568.0,219.0,12.0,556.0,225.0,21.0,551.0,226.0,15.0,577.0,221.0,27.0,548.0,230.0,50.0,562.0,219.0,180.0,186.0,160.0,182.0,1960.0,
2018-06-29 17:00:00,72.0,704.0,205.0,37.0,587.0,220.0,6.0,567.0,224.0,11.0,556.0,225.0,10.0,615.0,222.0,10.0,547.0,238.0,29.0,568.0,219.0,421.0,215.0,159.0,273.0,464.0,3696.0
2018-06-29 18:00:00,22.0,671.0,216.0,20.0,595.0,220.0,0.0,584.0,223.0,6.0,567.0,224.0,5.0,614.0,222.0,5.0,552.0,236.0,15.0,582.0,220.0,270.0,232.0,163.0,249.0,649.0,112.0
2018-06-29 19:00:00,7.0,630.0,218.0,9.0,591.0,220.0,0.0,590.0,223.0,3.0,568.0,223.0,3.0,596.0,221.0,1.0,550.0,235.0,9.0,586.0,219.0,239.0,213.0,177.0,208.0,313.0,
2018-06-29 20:00:00,17.0,630.0,218.0,1.0,589.0,219.0,0.0,593.0,222.0,0.0,572.0,222.0,3.0,599.0,221.0,6.0,554.0,234.0,5.0,583.0,219.0,422.0,205.0,160.0,283.0,1890.0,1456.0
2018-06-29 21:00:00,3.0,631.0,219.0,0.0,587.0,218.0,0.0,596.0,222.0,0.0,572.0,222.0,1.0,601.0,221.0,1.0,555.0,233.0,1.0,588.0,218.0,268.0,210.0,153.0,224.0,1217.0,
2018-06-29 22:00:00,1.0,615.0,218.0,0.0,577.0,216.0,0.0,594.0,221.0,0.0,577.0,221.0,1.0,594.0,220.0,0.0,551.0,232.0,3.0,586.0,218.0,218.0,202.0,173.0,191.0,444.0,
2018-06-29 23:00:00,1.0,603.0,217.0,0.0,575.0,215.0,0.0,594.0,221.0,0.0,572.0,220.0,1.0,587.0,219.0,0.0,544.0,230.0,5.0,595.0,219.0,199.0,194.0,180.0,184.0,417.0,
2018-06-30 00:00:00,1.0,598.0,216.0,0.0,572.0,214.0,0.0,595.0,220.0,0.0,569.0,219.0,1.0,582.0,218.0,0.0,541.0,228.0,5.0,597.0,219.0,190.0,189.0,175.0,181.0,458.0,
2018-06-30 01:00:00,1.0,593.0,215.0,0.0,574.0,213.0,0.0,593.0,220.0,0.0,568.0,219.0,1.0,577.0,217.0,0.0,540.0,227.0,1.0,578.0,218.0,185.0,185.0,175.0,180.0,367.0,
2018-06-30 02:00:00,1.0,589.0,213.0,0.0,574.0,213.0,0.0,592.0,219.0,0.0,569.0,219.0,1.0,573.0,216.0,0.0,540.0,226.0,0.0,556.0,216.0,181.0,183.0,180.0,179.0,340.0,
2018-06-30 03:00:00,1.0,585.0,212.0,0.0,569.0,212.0,0.0,591.0,218.0,0.0,564.0,218.0,1.0,570.0,215.0,0.0,536.0,225.0,0.0,553.0,214.0,180.0,180.0,179.0,178.0,330.0,
2018-06-30 04:00:00,12.0,581.0,212.0,11.0,565.0,212.0,0.0,590.0,217.0,0.0,563.0,217.0,3.0,566.0,214.0,2.0,529.0,224.0,0.0,551.0,213.0,180.0,180.0,175.0,178.0,338.0,
2018-06-30 05:00:00,29.0,580.0,211.0,37.0,561.0,211.0,0.0,590.0,217.0,1.0,564.0,216.0,6.0,565.0,213.0,8.0,529.0,222.0,0.0,549.0,212.0,179.0,178.0,175.0,176.0,348.0,
2018-06-30 06:00:00,53.0,581.0,211.0,211.0,560.0,211.0,0.0,592.0,216.0,3.0,541.0,214.0,12.0,566.0,213.0,13.0,531.0,221.0,3.0,554.0,211.0,175.0,178.0,175.0,175.0,359.0,
2018-06-30 07:00:00,85.0,595.0,211.0,453.0,552.0,218.0,12.0,578.0,216.0,2.0,529.0,210.0,14.0,576.0,214.0,13.0,539.0,220.0,11.0,576.0,215.0,185.0,177.0,162.0,178.0,317.0,1792.0
2018-06-30 08:00:00,88.0,813.0,220.0,285.0,537.0,224.0,4.0,585.0,216.0,20.0,590.0,212.0,8.0,652.0,215.0,15.0,549.0,221.0,69.0,565.0,221.0,487.0,235.0,152.0,301.0,611.0,4144.0
2018-06-30 09:00:00,75.0,643.0,225.0,164.0,535.0,226.0,9.0,568.0,217.0,31.0,580.0,215.0,14.0,622.0,217.0,20.0,579.0,224.0,156.0,554.0,223.0,287.0,208.0,176.0,206.0,523.0,
2018-06-30 10:00:00,107.0,592.0,225.0,99.0,537.0,223.0,11.0,571.0,216.0,38.0,570.0,213.0,18.0,588.0,216.0,37.0,557.0,224.0,85.0,548.0,221.0,385.0,224.0,162.0,258.0,2561.0,1790.0
2018-06-30 11:00:00,74.0,596.0,216.0,76.0,547.0,220.0,17.0,576.0,213.0,40.0,591.0,208.0,15.0,586.0,212.0,45.0,545.0,226.0,66.0,550.0,216.0,290.0,223.0,161.0,232.0,985.0,
2018-06-30 12:00:00,80.0,607.0,208.0,83.0,555.0,217.0,25.0,581.0,212.0,72.0,600.0,209.0,14.0,589.0,212.0,55.0,541.0,227.0,108.0,554.0,214.0,276.0,202.0,161.0,252.0,1217.0,224.0
2018-06-30 13:00:00,59.0,629.0,211.0,97.0,566.0,217.0,36.0,584.0,214.0,69.0,592.0,211.0,17.0,598.0,213.0,45.0,562.0,227.0,95.0,566.0,214.0,309.0,196.0,158.0,247.0,1424.0,224.0
2018-06-30 14:00:00,58.0,630.0,213.0,97.0,574.0,216.0,7.0,582.0,217.0,114.0,596.0,214.0,30.0,605.0,215.0,102.0,571.0,228.0,178.0,602.0,216.0,291.0,195.0,174.0,221.0,358.0,
2018-06-30 15:00:00,53.0,636.0,214.0,60.0,582.0,216.0,0.0,573.0,223.0,178.0,588.0,219.0,38.0,604.0,216.0,109.0,568.0,228.0,155.0,589.0,217.0,214.0,195.0,166.0,195.0,325.0,
2018-06-30 16:00:00,67.0,642.0,216.0,72.0,599.0,216.0,10.0,565.0,227.0,147.0,585.0,224.0,41.0,617.0,219.0,140.0,583.0,228.0,120.0,594.0,217.0,190.0,191.0,163.0,187.0,380.0,
2018-06-30 17:00:00,67.0,634.0,218.0,60.0,600.0,217.0,0.0,562.0,230.0,93.0,576.0,226.0,97.0,607.0,220.0,197.0,573.0,230.0,161.0,597.0,217.0,383.0,195.0,165.0,269.0,1067.0,336.0
2018-06-30 18:00:00,121.0,622.0,220.0,37.0,601.0,218.0,0.0,568.0,231.0,67.0,572.0,228.0,40.0,607.0,221.0,105.0,571.0,230.0,118.0,597.0,218.0,263.0,204.0,165.0,197.0,440.0,112.0
2018-06-30 19:00:00,68.0,620.0,221.0,23.0,600.0,219.0,0.0,574.0,232.0,35.0,569.0,227.0,18.0,608.0,221.0,37.0,574.0,231.0,67.0,597.0,219.0,195.0,191.0,173.0,192.0,359.0,
2018-06-30 20:00:00,14.0,616.0,220.0,3.0,595.0,218.0,0.0,568.0,229.0,2.0,554.0,225.0,3.0,600.0,220.0,1.0,562.0,229.0,9.0,586.0,218.0,190.0,189.0,165.0,195.0,1100.0,
2018-06-30 21:00:00,12.0,605.0,218.0,0.0,579.0,216.0,0.0,551.0,225.0,0.0,541.0,220.0,1.0,584.0,218.0,0.0,545.0,227.0,0.0,561.0,217.0,246.0,188.0,152.0,228.0,1047.0,672.0
2018-06-30 22:00:00,1.0,616.0,217.0,0.0,582.0,216.0,0.0,559.0,223.0,0.0,559.0,220.0,1.0,594.0,218.0,0.0,551.0,227.0,0.0,563.0,216.0,336.0,203.0,172.0,229.0,333.0,
2018-06-30 23:00:00,1.0,602.0,216.0,0.0,579.0,215.0,0.0,566.0,222.0,0.0,560.0,219.0,1.0,590.0,217.0,0.0,548.0,227.0,0.0,562.0,215.0,244.0,202.0,185.0,191.0,288.0,
